timestamp_string;timestamp_string_date;timestamp_string_time;wind_speed_knots;wind_direction_deg;barometric_pressure_ssl_hPa;rain_today_mm;rain_rate_mmh;temperature_cels;rel_humidity;uv_index;heat_index_cels;wind_gust_knots;dew_point_cels;wind_chill_cels;ground_temperature_cels;solar_irradiance_wpsm;rel_leaf_wetness;soil_moisture_cb;rain_this_month_mm;rain_this_year_mm;evapotranspiration_today_mm;evapotranspiration_this_month_mm;evapotranspiration_this_year_mm;perceived_temperature_cels;humidex_cels;wind_temperature_cels;current_weather;wet_bulb_temperature_cels;absolute_humidity_gm3;saturated_vapor_pressure_hPa;windrun_km;barometric_pressure_wsl_hPa;average_wind_speed_knots;storm_rain_mmm, rain_in_last_storm_event_mm;cloud_height_m
20/11/2020 20:15:00;20/11/2020;20:15:00;0.0;67.5;1024.6;6.0;0.0;2.7;0.93;;;0.0;1.7;;;;;;10.9;1335.3;;;;1.5;1.0;2.7;Notte/Nessun fenomeno;2.3;;;;;0.0;0.0;;
20/11/2020 20:20:00;20/11/2020;20:20:00;0.0;67.5;1024.7;6.0;0.0;2.5;0.92;;;0.0;1.3;;;;;;10.9;1335.3;;;;1.2;0.7;2.5;Notte/Nessun fenomeno;2.1;;;;;0.0;0.0;;
20/11/2020 20:25:00;20/11/2020;20:25:00;0.0;22.5;1024.9;6.0;0.0;2.4;0.92;;;0.0;1.2;;;;;;10.9;1335.3;;;;1.1;0.6;2.4;Notte/Nessun fenomeno;2.0;;;;;0.0;0.0;;
20/11/2020 20:30:00;20/11/2020;20:30:00;0.0;22.5;1024.9;6.0;0.0;2.3;0.92;;;0.0;1.1;;;;;;10.9;1335.3;;;;1.0;0.4;2.3;Notte/Nessun fenomeno;1.9;;;;;0.0;0.0;;
20/11/2020 20:35:00;20/11/2020;20:35:00;0.0;270;1025.2;6.0;0.0;2.1;0.92;;;0.0;0.9;;;;;;10.9;1335.3;;;;0.8;0.2;2.1;Notte/Nessun fenomeno;1.7;;;;;0.0;0.0;;
20/11/2020 20:40:00;20/11/2020;20:40:00;0.0;337.5;1025.2;6.0;0.0;1.9;0.92;;;0.0;0.7;;;;;;10.9;1335.3;;;;0.6;-0.1;1.9;Notte/Nessun fenomeno;1.5;;;;;0.0;0.0;;
20/11/2020 20:45:00;20/11/2020;20:45:00;0.0;270;1025.3;6.0;0.0;1.9;0.92;;;0.0;0.7;;;;;;10.9;1335.3;;;;0.6;-0.1;1.9;Notte/Nessun fenomeno;1.5;;;;;0.0;0.0;;
20/11/2020 20:55:00;20/11/2020;20:55:00;0.0;0;1025.4;6.0;0.0;1.7;0.92;;;0.0;0.5;;;;;;10.9;1335.3;;;;0.3;-0.3;1.7;Notte/Nessun fenomeno;1.3;;;;;0.0;0.0;;
20/11/2020 21:00:00;20/11/2020;21:00:00;0.0;270;1025.6;6.0;0.0;1.6;0.92;;;0.0;0.4;;;;;;10.9;1335.3;;;;0.2;-0.5;1.6;Notte/Nessun fenomeno;1.2;;;;;0.0;0.0;;
20/11/2020 21:05:00;20/11/2020;21:05:00;0.0;0;1025.7;6.0;0.0;1.5;0.93;;;0.0;0.5;;;;;;10.9;1335.3;;;;0.1;-0.5;1.5;Notte/Nessun fenomeno;1.1;;;;;0.0;0.0;;
20/11/2020 21:10:00;20/11/2020;21:10:00;0.0;292.5;1025.6;6.0;0.0;1.4;0.93;;;0.0;0.4;;;;;;10.9;1335.3;;;;0.0;-0.7;1.4;Notte/Nessun fenomeno;1.0;;;;;0.0;0.0;;
20/11/2020 21:15:00;20/11/2020;21:15:00;0.0;315;1025.7;6.0;0.0;1.4;0.93;;;0.0;0.4;;;;;;10.9;1335.3;;;;0.0;-0.7;1.4;Notte/Nessun fenomeno;1.0;;;;;0.0;0.0;;
20/11/2020 21:20:00;20/11/2020;21:20:00;0.0;315;1025.7;6.0;0.0;1.3;0.92;;;0.0;0.1;;;;;;10.9;1335.3;;;;-0.1;-0.8;1.3;Notte/Nessun fenomeno;0.9;;;;;0.0;0.0;;
20/11/2020 21:25:00;20/11/2020;21:25:00;0.0;270;1025.8;6.0;0.0;1.2;0.93;;;0.0;0.2;;;;;;10.9;1335.3;;;;-0.2;-0.9;1.2;Notte/Nessun fenomeno;0.8;;;;;0.0;0.0;;
20/11/2020 21:30:00;20/11/2020;21:30:00;0.0;22.5;1025.9;6.0;0.0;1.1;0.93;;;0.0;0.1;;;;;;10.9;1335.3;;;;-0.3;-1.0;1.1;Notte/Nessun fenomeno;0.7;;;;;0.0;0.0;;
20/11/2020 21:35:00;20/11/2020;21:35:00;0.0;247.5;1025.9;6.0;0.0;1.1;0.93;;;0.0;0.1;;;;;;10.9;1335.3;;;;-0.3;-1.0;1.1;Notte/Nessun fenomeno;0.7;;;;;0.2;0.0;;
20/11/2020 21:40:00;20/11/2020;21:40:00;0.0;247.5;1025.9;6.0;0.0;1.0;0.93;;;0.0;-0.0;;;;;;10.9;1335.3;;;;-0.4;-1.2;1.0;Notte/Nessun fenomeno;0.6;;;;;0.2;0.0;;
20/11/2020 21:45:00;20/11/2020;21:45:00;0.0;90;1026.1;6.0;0.0;1.0;0.93;;;0.0;-0.0;;;;;;10.9;1335.3;;;;-0.4;-1.2;1.0;Notte/Nessun fenomeno;0.6;;;;;0.0;0.0;;
20/11/2020 21:50:00;20/11/2020;21:50:00;0.0;135;1026.3;6.0;0.0;0.8;0.93;;;0.0;-0.2;;;;;;10.9;1335.3;;;;-0.7;-1.4;0.8;Notte/Nessun fenomeno;0.4;;;;;0.0;0.0;;
20/11/2020 21:55:00;20/11/2020;21:55:00;0.0;270;1026.3;6.0;0.0;0.8;0.93;;;0.0;-0.2;;;;;;10.9;1335.3;;;;-0.7;-1.4;0.8;Notte/Nessun fenomeno;0.4;;;;;0.0;0.0;;
20/11/2020 22:05:00;20/11/2020;22:05:00;0.0;270;1026.4;6.0;0.0;0.9;0.93;;;0.0;-0.1;;;;;;10.9;1335.3;;;;-0.6;-1.3;0.9;Notte/Nessun fenomeno;0.5;;;;;0.2;0.0;;
20/11/2020 22:10:00;20/11/2020;22:10:00;0.0;270;1026.5;6.0;0.0;0.9;0.93;;;0.0;-0.1;;;;;;10.9;1335.3;;;;-0.6;-1.3;0.9;Notte/Nessun fenomeno;0.5;;;;;0.0;0.0;;
20/11/2020 22:15:00;20/11/2020;22:15:00;0.0;22.5;1026.5;6.0;0.0;0.7;0.93;;;0.0;-0.3;;;;;;10.9;1335.3;;;;-0.8;-1.5;0.7;Notte/Nessun fenomeno;0.3;;;;;0.0;0.0;;
20/11/2020 22:20:00;20/11/2020;22:20:00;0.0;225;1026.6;6.0;0.0;0.6;0.93;;;0.0;-0.4;;;;;;10.9;1335.3;;;;-0.9;-1.7;0.6;Notte/Nessun fenomeno;0.2;;;;;0.0;0.0;;
20/11/2020 22:25:00;20/11/2020;22:25:00;0.0;225;1026.8;6.0;0.0;0.8;0.93;;;0.0;-0.2;;;;;;10.9;1335.3;;;;-0.7;-1.4;0.8;Notte/Nessun fenomeno;0.4;;;;;0.0;0.0;;
20/11/2020 22:30:00;20/11/2020;22:30:00;0.3995680345572354;225;1026.8;6.0;0.0;0.9;0.93;;;2.300215982721382;-0.1;;;;;;10.9;1335.3;;;;-0.6;-1.3;0.9;Notte/Nessun fenomeno;0.5;;;;;0.2;0.0;;
20/11/2020 22:35:00;20/11/2020;22:35:00;0.0;22.5;1026.8;6.0;0.0;0.8;0.93;;;0.0;-0.2;;;;;;10.9;1335.3;;;;-0.7;-1.4;0.8;Notte/Nessun fenomeno;0.4;;;;;0.2;0.0;;
20/11/2020 22:40:00;20/11/2020;22:40:00;0.0;67.5;1027.0;6.0;0.0;0.6;0.93;;;0.0;-0.4;;;;;;10.9;1335.3;;;;-0.9;-1.7;0.6;Notte/Nessun fenomeno;0.2;;;;;0.0;0.0;;
20/11/2020 22:45:00;20/11/2020;22:45:00;0.0;270;1027.0;6.0;0.0;0.5;0.93;;;0.0;-0.5;;;;;;10.9;1335.3;;;;-1.0;-1.8;0.5;Notte/Nessun fenomeno;0.1;;;;;0.0;0.0;;
20/11/2020 22:50:00;20/11/2020;22:50:00;0.0;0;1027.1;6.0;0.0;0.4;0.93;;;0.0;-0.6;;;;;;10.9;1335.3;;;;-1.1;-1.9;0.4;Notte/Nessun fenomeno;0.0;;;;;0.1;0.0;;
20/11/2020 22:55:00;20/11/2020;22:55:00;0.0;0;1027.2;6.0;0.0;0.3;0.93;;;0.0;-0.7;;;;;;10.9;1335.3;;;;-1.2;-2.0;0.3;Notte/Nessun fenomeno;-0.1;;;;;0.1;0.0;;
20/11/2020 23:00:00;20/11/2020;23:00:00;0.0;247.5;1027.1;6.0;0.0;0.3;0.93;;;0.0;-0.7;;;;;;10.9;1335.3;;;;-1.2;-2.0;0.3;Notte/Nessun fenomeno;-0.1;;;;;0.0;0.0;;
20/11/2020 23:05:00;20/11/2020;23:05:00;0.0;315;1027.3;6.0;0.0;0.3;0.93;;;0.0;-0.7;;;;;;10.9;1335.3;;;;-1.2;-2.0;0.3;Notte/Nessun fenomeno;-0.1;;;;;0.0;0.0;;
20/11/2020 23:15:00;20/11/2020;23:15:00;0.0;90;1027.4;6.0;0.0;0.1;0.93;;;0.0;-0.9;;;;;;10.9;1335.3;;;;-1.5;-2.3;0.1;Notte/Nessun fenomeno;-0.3;;;;;0.0;0.0;;
20/11/2020 23:20:00;20/11/2020;23:20:00;0.0;90;1027.5;6.0;0.0;0.1;0.93;;;0.0;-0.9;;;;;;10.9;1335.3;;;;-1.5;-2.3;0.1;Notte/Nessun fenomeno;-0.3;;;;;0.0;0.0;;
20/11/2020 23:25:00;20/11/2020;23:25:00;0.0;0;1027.4;6.0;0.0;-0.1;0.93;;;0.0;-1.1;;;;;;10.9;1335.3;;;;-1.7;-2.5;-0.1;Notte/Nessun fenomeno;-0.5;;;;;0.0;0.0;;
20/11/2020 23:30:00;20/11/2020;23:30:00;0.0;337.5;1027.5;6.0;0.0;-0.1;0.93;;;0.0;-1.1;;;;;;10.9;1335.3;;;;-1.7;-2.5;-0.1;Notte/Nessun fenomeno;-0.5;;;;;0.0;0.0;;
20/11/2020 23:35:00;20/11/2020;23:35:00;0.10259179265658747;22.5;1027.5;6.0;0.0;-0.1;0.93;;;0.9989200863930886;-1.1;;;;;;10.9;1335.3;;;;-1.7;-2.5;-0.1;Notte/Nessun fenomeno;-0.5;;;;;0.0;0.0;;
20/11/2020 23:40:00;20/11/2020;23:40:00;0.10259179265658747;22.5;1027.6;6.0;0.0;-0.1;0.93;;;0.9989200863930886;-1.1;;;;;;10.9;1335.3;;;;-1.7;-2.5;-0.1;Notte/Nessun fenomeno;-0.5;;;;;0.0;0.0;;
20/11/2020 23:45:00;20/11/2020;23:45:00;0.0;0;1027.8;6.0;0.0;-0.1;0.93;;;0.0;-1.1;;;;;;10.9;1335.3;;;;-1.7;-2.5;-0.1;Notte/Nessun fenomeno;-0.5;;;;;0.0;0.0;;
20/11/2020 23:50:00;20/11/2020;23:50:00;0.0;22.5;1027.8;6.0;0.0;-0.2;0.93;;;0.0;-1.2;;;;;;10.9;1335.3;;;;-1.8;-2.6;-0.2;Notte/Nessun fenomeno;-0.6;;;;;0.0;0.0;;
20/11/2020 23:55:00;20/11/2020;23:55:00;0.0;247.5;1027.5;6.0;0.0;-0.2;0.93;;;0.0;-1.2;;;;;;10.9;1335.3;;;;-1.8;-2.6;-0.2;Notte/Nessun fenomeno;-0.6;;;;;0.0;0.0;;
21/11/2020 00:00:00;21/11/2020;00:00:00;0.0;247.5;1027.5;0.0;0.0;-0.2;0.93;;;0.0;-1.2;;;;;;10.9;1335.3;;;;-1.8;-2.6;-0.2;Notte/Nessun fenomeno;-0.6;;;;;0.0;0.0;;
21/11/2020 00:05:00;21/11/2020;00:05:00;0.0;180;1027.7;0.0;0.0;-0.2;0.93;;;0.0;-1.2;;;;;;10.9;1335.3;;;;-1.8;-2.6;-0.2;Notte/Nessun fenomeno;-0.6;;;;;0.0;0.0;;
21/11/2020 00:10:00;21/11/2020;00:10:00;0.0;0;1027.8;0.0;0.0;-0.1;0.93;;;0.0;-1.1;;;;;;10.9;1335.3;;;;-1.7;-2.5;-0.1;Notte/Nessun fenomeno;-0.5;;;;;0.0;0.0;;
21/11/2020 00:15:00;21/11/2020;00:15:00;0.0;0;1027.8;0.0;0.0;-0.4;0.93;;;0.0;-1.4;;;;;;10.9;1335.3;;;;-2.0;-2.9;-0.4;Notte/Nessun fenomeno;-0.8;;;;;0.0;0.0;;
21/11/2020 00:25:00;21/11/2020;00:25:00;0.0;315;1027.9;0.0;0.0;-0.4;0.93;;;0.0;-1.4;;;;;;10.9;1335.3;;;;-2.0;-2.9;-0.4;Notte/Nessun fenomeno;-0.8;;;;;0.0;0.0;;
21/11/2020 00:30:00;21/11/2020;00:30:00;0.0;0;1028.0;0.0;0.0;-0.4;0.93;;;0.0;-1.4;;;;;;10.9;1335.3;;;;-2.0;-2.9;-0.4;Notte/Nessun fenomeno;-0.8;;;;;0.0;0.0;;
21/11/2020 00:35:00;21/11/2020;00:35:00;0.0;292.5;1028.2;0.0;0.0;-0.4;0.94;;;0.0;-1.2;;;;;;10.9;1335.3;;;;-2.0;-2.9;-0.4;Notte/Nessun fenomeno;-0.7;;;;;0.0;0.0;;
21/11/2020 00:40:00;21/11/2020;00:40:00;0.0;292.5;1028.1;0.0;0.0;-0.2;0.94;;;0.0;-1.0;;;;;;10.9;1335.3;;;;-1.8;-2.6;-0.2;Notte/Nessun fenomeno;-0.5;;;;;0.0;0.0;;
21/11/2020 00:45:00;21/11/2020;00:45:00;0.0;22.5;1027.9;0.0;0.0;-0.4;0.93;;;0.0;-1.4;;;;;;10.9;1335.3;;;;-2.0;-2.9;-0.4;Notte/Nessun fenomeno;-0.8;;;;;0.0;0.0;;
21/11/2020 00:50:00;21/11/2020;00:50:00;0.0;22.5;1027.8;0.0;0.0;-0.5;0.94;;;0.0;-1.3;;;;;;10.9;1335.3;;;;-2.1;-3.0;-0.5;Notte/Nessun fenomeno;-0.8;;;;;0.0;0.0;;
21/11/2020 00:55:00;21/11/2020;00:55:00;0.0;67.5;1028.0;0.0;0.0;-0.6;0.94;;;0.0;-1.4;;;;;;10.9;1335.3;;;;-2.2;-3.1;-0.6;Notte/Nessun fenomeno;-0.9;;;;;0.0;0.0;;
21/11/2020 01:00:00;21/11/2020;01:00:00;0.0;337.5;1028.0;0.0;0.0;-0.7;0.94;;;0.0;-1.5;;;;;;10.9;1335.3;;;;-2.3;-3.2;-0.7;Notte/Nessun fenomeno;-1.0;;;;;0.0;0.0;;
21/11/2020 01:05:00;21/11/2020;01:05:00;0.0;0;1028.0;0.0;0.0;-0.8;0.94;;;0.0;-1.6;;;;;;10.9;1335.3;;;;-2.4;-3.3;-0.8;Notte/Nessun fenomeno;-1.1;;;;;0.0;0.0;;
21/11/2020 01:10:00;21/11/2020;01:10:00;0.0;22.5;1028.2;0.0;0.0;-0.8;0.94;;;0.0;-1.6;;;;;;10.9;1335.3;;;;-2.4;-3.3;-0.8;Notte/Nessun fenomeno;-1.1;;;;;0.0;0.0;;
21/11/2020 01:15:00;21/11/2020;01:15:00;0.0;22.5;1028.1;0.0;0.0;-0.9;0.94;;;0.0;-1.7;;;;;;10.9;1335.3;;;;-2.6;-3.5;-0.9;Notte/Nessun fenomeno;-1.2;;;;;0.0;0.0;;
21/11/2020 01:20:00;21/11/2020;01:20:00;0.0;22.5;1027.8;0.0;0.0;-0.9;0.94;;;0.0;-1.7;;;;;;10.9;1335.3;;;;-2.6;-3.5;-0.9;Notte/Nessun fenomeno;-1.2;;;;;0.0;0.0;;
21/11/2020 01:25:00;21/11/2020;01:25:00;0.0;0;1028.0;0.0;0.0;-0.8;0.94;;;0.0;-1.6;;;;;;10.9;1335.3;;;;-2.4;-3.3;-0.8;Notte/Nessun fenomeno;-1.1;;;;;0.0;0.0;;
21/11/2020 01:30:00;21/11/2020;01:30:00;0.0;22.5;1028.1;0.0;0.0;-0.8;0.94;;;0.0;-1.6;;;;;;10.9;1335.3;;;;-2.4;-3.3;-0.8;Notte/Nessun fenomeno;-1.1;;;;;0.0;0.0;;
21/11/2020 01:35:00;21/11/2020;01:35:00;0.0;22.5;1028.1;0.0;0.0;-0.8;0.94;;;0.0;-1.6;;;;;;10.9;1335.3;;;;-2.4;-3.3;-0.8;Notte/Nessun fenomeno;-1.1;;;;;0.0;0.0;;
21/11/2020 01:40:00;21/11/2020;01:40:00;0.0;22.5;1028.2;0.0;0.0;-0.8;0.94;;;0.0;-1.6;;;;;;10.9;1335.3;;;;-2.4;-3.3;-0.8;Notte/Nessun fenomeno;-1.1;;;;;0.0;0.0;;
21/11/2020 01:45:00;21/11/2020;01:45:00;0.0;270;1028.1;0.0;0.0;-0.8;0.94;;;0.0;-1.6;;;;;;10.9;1335.3;;;;-2.4;-3.3;-0.8;Notte/Nessun fenomeno;-1.1;;;;;0.0;0.0;;
21/11/2020 01:55:00;21/11/2020;01:55:00;0.0;0;1028.4;0.0;0.0;-0.9;0.94;;;0.0;-1.7;;;;;;10.9;1335.3;;;;-2.6;-3.5;-0.9;Notte/Nessun fenomeno;-1.2;;;;;0.0;0.0;;
21/11/2020 02:00:00;21/11/2020;02:00:00;0.0;247.5;1028.5;0.0;0.0;-0.9;0.94;;;0.0;-1.7;;;;;;10.9;1335.3;;;;-2.6;-3.5;-0.9;Notte/Nessun fenomeno;-1.2;;;;;0.0;0.0;;
21/11/2020 02:05:00;21/11/2020;02:05:00;0.0;247.5;1028.6;0.0;0.0;-1.0;0.94;;;0.0;-1.8;;;;;;10.9;1335.3;;;;-2.7;-3.6;-1.0;Notte/Nessun fenomeno;-1.3;;;;;0.0;0.0;;
21/11/2020 02:10:00;21/11/2020;02:10:00;0.0;180;1028.4;0.0;0.0;-1.1;0.93;;;0.0;-2.1;;;;;;10.9;1335.3;;;;-2.8;-3.7;-1.1;Notte/Nessun fenomeno;-1.5;;;;;0.0;0.0;;
21/11/2020 02:15:00;21/11/2020;02:15:00;0.0;202.5;1028.4;0.0;0.0;-1.1;0.93;;;0.0;-2.1;;;;;;10.9;1335.3;;;;-2.8;-3.7;-1.1;Notte/Nessun fenomeno;-1.5;;;;;0.0;0.0;;
21/11/2020 02:20:00;21/11/2020;02:20:00;0.0;0;1028.5;0.0;0.0;-1.1;0.93;;;0.0;-2.1;;;;;;10.9;1335.3;;;;-2.8;-3.7;-1.1;Notte/Nessun fenomeno;-1.5;;;;;0.0;0.0;;
21/11/2020 02:25:00;21/11/2020;02:25:00;0.0;0;1028.5;0.0;0.0;-1.3;0.93;;;0.0;-2.3;;;;;;10.9;1335.3;;;;-3.0;-4.0;-1.3;Notte/Nessun fenomeno;-1.6;;;;;0.0;0.0;;
21/11/2020 02:30:00;21/11/2020;02:30:00;0.0;0;1028.4;0.0;0.0;-1.4;0.93;;;0.0;-2.4;;;;;;10.9;1335.3;;;;-3.1;-4.1;-1.4;Notte/Nessun fenomeno;-1.7;;;;;0.0;0.0;;
21/11/2020 02:35:00;21/11/2020;02:35:00;0.0;180;1028.5;0.0;0.0;-1.5;0.93;;;0.0;-2.5;;;;;;10.9;1335.3;;;;-3.2;-4.2;-1.5;Notte/Nessun fenomeno;-1.8;;;;;0.0;0.0;;
21/11/2020 02:40:00;21/11/2020;02:40:00;0.0;180;1028.6;0.0;0.0;-1.5;0.94;;;0.0;-2.3;;;;;;10.9;1335.3;;;;-3.2;-4.2;-1.5;Notte/Nessun fenomeno;-1.8;;;;;0.0;0.0;;
21/11/2020 02:45:00;21/11/2020;02:45:00;0.0;22.5;1028.8;0.0;0.0;-1.6;0.94;;;0.0;-2.4;;;;;;10.9;1335.3;;;;-3.3;-4.3;-1.6;Notte/Nessun fenomeno;-1.9;;;;;0.0;0.0;;
21/11/2020 02:50:00;21/11/2020;02:50:00;0.0;202.5;1028.7;0.0;0.0;-1.6;0.94;;;0.0;-2.4;;;;;;10.9;1335.3;;;;-3.3;-4.3;-1.6;Notte/Nessun fenomeno;-1.9;;;;;0.0;0.0;;
21/11/2020 03:00:00;21/11/2020;03:00:00;0.0;0;1028.8;0.0;0.0;-1.7;0.94;;;0.0;-2.5;;;;;;10.9;1335.3;;;;-3.5;-4.4;-1.7;Notte/Nessun fenomeno;-2.0;;;;;0.0;0.0;;
21/11/2020 03:05:00;21/11/2020;03:05:00;0.0;292.5;1028.8;0.0;0.0;-1.6;0.94;;;0.0;-2.4;;;;;;10.9;1335.3;;;;-3.3;-4.3;-1.6;Notte/Nessun fenomeno;-1.9;;;;;0.0;0.0;;
21/11/2020 03:10:00;21/11/2020;03:10:00;0.0;292.5;1028.9;0.0;0.0;-1.4;0.94;;;0.0;-2.2;;;;;;10.9;1335.3;;;;-3.1;-4.1;-1.4;Notte/Nessun fenomeno;-1.7;;;;;0.0;0.0;;
21/11/2020 03:15:00;21/11/2020;03:15:00;0.0;0;1029.0;0.0;0.0;-1.4;0.94;;;0.0;-2.2;;;;;;10.9;1335.3;;;;-3.1;-4.1;-1.4;Notte/Nessun fenomeno;-1.7;;;;;0.0;0.0;;
21/11/2020 03:20:00;21/11/2020;03:20:00;0.0;0;1029.2;0.0;0.0;-1.2;0.94;;;0.0;-2.0;;;;;;10.9;1335.3;;;;-2.9;-3.8;-1.2;Notte/Nessun fenomeno;-1.5;;;;;0.0;0.0;;
21/11/2020 03:25:00;21/11/2020;03:25:00;0.0;315;1029.1;0.0;0.0;-1.1;0.94;;;0.0;-1.9;;;;;;10.9;1335.3;;;;-2.8;-3.7;-1.1;Notte/Nessun fenomeno;-1.4;;;;;0.0;0.0;;
21/11/2020 03:30:00;21/11/2020;03:30:00;0.0;247.5;1029.2;0.0;0.0;-1.1;0.94;;;0.0;-1.9;;;;;;10.9;1335.3;;;;-2.8;-3.7;-1.1;Notte/Nessun fenomeno;-1.4;;;;;0.0;0.0;;
21/11/2020 03:35:00;21/11/2020;03:35:00;0.0;270;1029.1;0.0;0.0;-1.1;0.94;;;0.0;-1.9;;;;;;10.9;1335.3;;;;-2.8;-3.7;-1.1;Notte/Nessun fenomeno;-1.4;;;;;0.0;0.0;;
21/11/2020 03:40:00;21/11/2020;03:40:00;0.0;270;1029.4;0.0;0.0;-1.1;0.94;;;0.0;-1.9;;;;;;10.9;1335.3;;;;-2.8;-3.7;-1.1;Notte/Nessun fenomeno;-1.4;;;;;0.0;0.0;;
21/11/2020 03:45:00;21/11/2020;03:45:00;0.0;0;1029.7;0.0;0.0;-1.1;0.94;;;0.0;-1.9;;;;;;10.9;1335.3;;;;-2.8;-3.7;-1.1;Notte/Nessun fenomeno;-1.4;;;;;0.0;0.0;;
21/11/2020 03:50:00;21/11/2020;03:50:00;0.0;0;1029.8;0.0;0.0;-1.3;0.94;;;0.0;-2.1;;;;;;10.9;1335.3;;;;-3.0;-4.0;-1.3;Notte/Nessun fenomeno;-1.6;;;;;0.0;0.0;;
21/11/2020 04:00:00;21/11/2020;04:00:00;0.0;0;1029.8;0.0;0.0;-1.5;0.94;;;0.0;-2.3;;;;;;10.9;1335.3;;;;-3.2;-4.2;-1.5;Notte/Nessun fenomeno;-1.8;;;;;0.0;0.0;;
21/11/2020 04:05:00;21/11/2020;04:05:00;0.0;0;1029.8;0.0;0.0;-1.6;0.94;;;0.0;-2.4;;;;;;10.9;1335.3;;;;-3.3;-4.3;-1.6;Notte/Nessun fenomeno;-1.9;;;;;0.0;0.0;;
21/11/2020 04:10:00;21/11/2020;04:10:00;0.0;292.5;1029.8;0.0;0.0;-1.6;0.94;;;0.0;-2.4;;;;;;10.9;1335.3;;;;-3.3;-4.3;-1.6;Notte/Nessun fenomeno;-1.9;;;;;0.0;0.0;;
21/11/2020 04:15:00;21/11/2020;04:15:00;0.0;22.5;1029.9;0.0;0.0;-1.8;0.94;;;0.0;-2.6;;;;;;10.9;1335.3;;;;-3.6;-4.6;-1.8;Notte/Nessun fenomeno;-2.1;;;;;0.0;0.0;;
21/11/2020 04:20:00;21/11/2020;04:20:00;0.0;22.5;1029.9;0.0;0.0;-1.9;0.94;;;0.0;-2.7;;;;;;10.9;1335.3;;;;-3.7;-4.7;-1.9;Notte/Nessun fenomeno;-2.2;;;;;0.0;0.0;;
21/11/2020 04:25:00;21/11/2020;04:25:00;0.0;22.5;1030.0;0.0;0.0;-1.9;0.94;;;0.0;-2.7;;;;;;10.9;1335.3;;;;-3.7;-4.7;-1.9;Notte/Nessun fenomeno;-2.2;;;;;0.0;0.0;;
21/11/2020 04:30:00;21/11/2020;04:30:00;0.0;22.5;1030.1;0.0;0.0;-2.1;0.94;;;0.0;-2.9;;;;;;10.9;1335.3;;;;-3.9;-4.9;-2.1;Notte/Nessun fenomeno;-2.4;;;;;0.0;0.0;;
21/11/2020 04:35:00;21/11/2020;04:35:00;0.0;270;1030.2;0.0;0.0;-2.1;0.94;;;0.0;-2.9;;;;;;10.9;1335.3;;;;-3.9;-4.9;-2.1;Notte/Nessun fenomeno;-2.4;;;;;0.0;0.0;;
21/11/2020 04:40:00;21/11/2020;04:40:00;0.0;270;1030.3;0.0;0.0;-2.1;0.94;;;0.0;-2.9;;;;;;10.9;1335.3;;;;-3.9;-4.9;-2.1;Notte/Nessun fenomeno;-2.4;;;;;0.0;0.0;;
21/11/2020 04:45:00;21/11/2020;04:45:00;0.0;22.5;1030.4;0.0;0.0;-2.1;0.94;;;0.0;-2.9;;;;;;10.9;1335.3;;;;-3.9;-4.9;-2.1;Notte/Nessun fenomeno;-2.4;;;;;0.0;0.0;;
21/11/2020 04:50:00;21/11/2020;04:50:00;0.0;337.5;1030.5;0.0;0.0;-2.2;0.94;;;0.0;-3.0;;;;;;10.9;1335.3;;;;-4.0;-5.0;-2.2;Notte/Nessun fenomeno;-2.5;;;;;0.0;0.0;;
21/11/2020 04:55:00;21/11/2020;04:55:00;0.0;225;1030.5;0.0;0.0;-2.1;0.94;;;0.0;-2.9;;;;;;10.9;1335.3;;;;-3.9;-4.9;-2.1;Notte/Nessun fenomeno;-2.4;;;;;0.0;0.0;;
21/11/2020 05:05:00;21/11/2020;05:05:00;0.0;225;1030.5;0.0;0.0;-2.1;0.94;;;0.0;-2.9;;;;;;10.9;1335.3;;;;-3.9;-4.9;-2.1;Notte/Nessun fenomeno;-2.4;;;;;0.0;0.0;;
21/11/2020 05:10:00;21/11/2020;05:10:00;0.0;247.5;1030.5;0.0;0.0;-2.1;0.94;;;0.0;-2.9;;;;;;10.9;1335.3;;;;-3.9;-4.9;-2.1;Notte/Nessun fenomeno;-2.4;;;;;0.0;0.0;;
21/11/2020 05:15:00;21/11/2020;05:15:00;0.0;247.5;1030.7;0.0;0.0;-2.2;0.94;;;0.0;-3.0;;;;;;10.9;1335.3;;;;-4.0;-5.0;-2.2;Notte/Nessun fenomeno;-2.5;;;;;0.0;0.0;;
21/11/2020 05:20:00;21/11/2020;05:20:00;0.0;247.5;1030.7;0.0;0.0;-2.2;0.94;;;0.0;-3.0;;;;;;10.9;1335.3;;;;-4.0;-5.0;-2.2;Notte/Nessun fenomeno;-2.5;;;;;0.0;0.0;;
21/11/2020 05:25:00;21/11/2020;05:25:00;0.0;247.5;1030.7;0.0;0.0;-2.2;0.94;;;0.0;-3.0;;;;;;10.9;1335.3;;;;-4.0;-5.0;-2.2;Notte/Nessun fenomeno;-2.5;;;;;0.0;0.0;;
21/11/2020 05:30:00;21/11/2020;05:30:00;0.0;247.5;1030.6;0.0;0.0;-2.4;0.94;;;0.0;-3.2;;;;;;10.9;1335.3;;;;-4.2;-5.3;-2.4;Notte/Nessun fenomeno;-2.7;;;;;0.0;0.0;;
21/11/2020 05:35:00;21/11/2020;05:35:00;0.0;0;1030.6;0.0;0.0;-2.4;0.94;;;0.0;-3.2;;;;;;10.9;1335.3;;;;-4.2;-5.3;-2.4;Notte/Nessun fenomeno;-2.7;;;;;0.0;0.0;;
21/11/2020 05:45:00;21/11/2020;05:45:00;0.0;0;1030.7;0.0;0.0;-2.7;0.94;;;0.0;-3.5;;;;;;10.9;1335.3;;;;-4.6;-5.6;-2.7;Notte/Nessun fenomeno;-3.0;;;;;0.0;0.0;;
21/11/2020 05:50:00;21/11/2020;05:50:00;0.0;337.5;1030.9;0.0;0.0;-2.7;0.94;;;0.0;-3.5;;;;;;10.9;1335.3;;;;-4.6;-5.6;-2.7;Notte/Nessun fenomeno;-3.0;;;;;0.0;0.0;;
21/11/2020 05:55:00;21/11/2020;05:55:00;0.0;270;1030.9;0.0;0.0;-2.6;0.94;;;0.0;-3.4;;;;;;10.9;1335.3;;;;-4.5;-5.5;-2.6;Notte/Nessun fenomeno;-2.9;;;;;0.0;0.0;;
21/11/2020 06:00:00;21/11/2020;06:00:00;0.0;270;1031.1;0.0;0.0;-2.4;0.94;;;0.0;-3.2;;;;;;10.9;1335.3;;;;-4.2;-5.3;-2.4;Notte/Nessun fenomeno;-2.7;;;;;0.0;0.0;;
21/11/2020 06:05:00;21/11/2020;06:05:00;0.0;270;1031.1;0.0;0.0;-2.2;0.94;;;0.0;-3.0;;;;;;10.9;1335.3;;;;-4.0;-5.0;-2.2;Notte/Nessun fenomeno;-2.5;;;;;0.0;0.0;;
21/11/2020 06:10:00;21/11/2020;06:10:00;0.0;247.5;1031.1;0.0;0.0;-2.1;0.94;;;0.0;-2.9;;;;;;10.9;1335.3;;;;-3.9;-4.9;-2.1;Notte/Nessun fenomeno;-2.4;;;;;0.0;0.0;;
21/11/2020 06:15:00;21/11/2020;06:15:00;0.0;247.5;1031.1;0.0;0.0;-1.9;0.94;;;0.0;-2.7;;;;;;10.9;1335.3;;;;-3.7;-4.7;-1.9;Notte/Nessun fenomeno;-2.2;;;;;0.0;0.0;;
21/11/2020 06:20:00;21/11/2020;06:20:00;0.0;202.5;1031.1;0.0;0.0;-1.7;0.94;;;0.0;-2.5;;;;;;10.9;1335.3;;;;-3.5;-4.4;-1.7;Notte/Nessun fenomeno;-2.0;;;;;0.0;0.0;;
21/11/2020 06:30:00;21/11/2020;06:30:00;0.0;202.5;1031.2;0.0;0.0;-1.8;0.94;;;0.0;-2.6;;;;;;10.9;1335.3;;;;-3.6;-4.6;-1.8;Notte/Nessun fenomeno;-2.1;;;;;0.0;0.0;;
21/11/2020 06:35:00;21/11/2020;06:35:00;0.0;22.5;1031.2;0.0;0.0;-1.9;0.94;;;0.0;-2.7;;;;;;10.9;1335.3;;;;-3.7;-4.7;-1.9;Notte/Nessun fenomeno;-2.2;;;;;0.0;0.0;;
21/11/2020 06:40:00;21/11/2020;06:40:00;0.0;22.5;1031.3;0.0;0.0;-2.1;0.94;;;0.0;-2.9;;;;;;10.9;1335.3;;;;-3.9;-4.9;-2.1;Notte/Nessun fenomeno;-2.4;;;;;0.0;0.0;;
21/11/2020 06:45:00;21/11/2020;06:45:00;0.0;0;1031.3;0.0;0.0;-2.2;0.94;;;0.0;-3.0;;;;;;10.9;1335.3;;;;-4.0;-5.0;-2.2;Notte/Nessun fenomeno;-2.5;;;;;0.0;0.0;;
21/11/2020 06:50:00;21/11/2020;06:50:00;0.0;0;1031.4;0.0;0.0;-2.2;0.94;;;0.0;-3.0;;;;;;10.9;1335.3;;;;-4.0;-5.0;-2.2;Notte/Nessun fenomeno;-2.5;;;;;0.0;0.0;;
21/11/2020 06:55:00;21/11/2020;06:55:00;0.0;0;1031.4;0.0;0.0;-2.4;0.94;;;0.0;-3.2;;;;;;10.9;1335.3;;;;-4.2;-5.3;-2.4;Notte/Nessun fenomeno;-2.7;;;;;0.0;0.0;;
21/11/2020 07:05:00;21/11/2020;07:05:00;0.0;315;1031.7;0.0;0.0;-2.6;0.94;;;0.0;-3.4;;;;;;10.9;1335.3;;;;-4.5;-5.5;-2.6;Notte/Nessun fenomeno;-2.9;;;;;0.0;0.0;;
21/11/2020 07:10:00;21/11/2020;07:10:00;0.0;337.5;1031.6;0.0;0.0;-2.7;0.94;;;0.0;-3.5;;;;;;10.9;1335.3;;;;-4.6;-5.6;-2.7;Notte/Nessun fenomeno;-3.0;;;;;0.0;0.0;;
21/11/2020 07:15:00;21/11/2020;07:15:00;0.0;0;1031.7;0.0;0.0;-2.7;0.94;;;0.0;-3.5;;;;;;10.9;1335.3;;;;-4.6;-5.6;-2.7;Notte/Nessun fenomeno;-3.0;;;;;0.0;0.0;;
21/11/2020 07:20:00;21/11/2020;07:20:00;0.0;315;1031.6;0.0;0.0;-2.7;0.94;;;0.0;-3.5;;;;;;10.9;1335.3;;;;-4.6;-5.6;-2.7;Notte/Nessun fenomeno;-3.0;;;;;0.0;0.0;;
21/11/2020 07:25:00;21/11/2020;07:25:00;0.0;292.5;1032.0;0.0;0.0;-2.7;0.94;;;0.0;-3.5;;;;;;10.9;1335.3;;;;-4.6;-5.6;-2.7;Notte/Nessun fenomeno;-3.0;;;;;0.0;0.0;;
21/11/2020 07:30:00;21/11/2020;07:30:00;0.0;292.5;1032.0;0.0;0.0;-2.8;0.94;;;0.0;-3.6;;;;;;10.9;1335.3;;;;-4.7;-5.8;-2.8;Notte/Nessun fenomeno;-3.1;;;;;0.0;0.0;;
21/11/2020 07:35:00;21/11/2020;07:35:00;0.0;292.5;1032.0;0.0;0.0;-2.8;0.94;;;0.0;-3.6;;;;;;10.9;1335.3;;;;-4.7;-5.8;-2.8;Notte/Nessun fenomeno;-3.1;;;;;0.0;0.0;;
21/11/2020 07:40:00;21/11/2020;07:40:00;0.0;292.5;1032.1;0.0;0.0;-2.8;0.94;;;0.0;-3.6;;;;;;10.9;1335.3;;;;-4.7;-5.8;-2.8;Notte/Nessun fenomeno;-3.1;;;;;0.0;0.0;;
21/11/2020 07:55:00;21/11/2020;07:55:00;0.0;247.5;1032.4;0.0;0.0;-2.8;0.94;;;0.0;-3.6;;;;;;10.9;1335.3;;;;-4.7;-5.8;-2.8;Notte/Nessun fenomeno;-3.1;;;;;0.0;0.0;;
21/11/2020 08:00:00;21/11/2020;08:00:00;0.0;247.5;1032.4;0.0;0.0;-2.9;0.94;;;0.0;-3.7;;;;;;10.9;1335.3;;;;-4.8;-5.9;-2.9;Nessun fenomeno;-3.2;;;;;0.0;0.0;;
21/11/2020 08:05:00;21/11/2020;08:05:00;0.0;247.5;1032.4;0.0;0.0;-2.9;0.94;;;0.0;-3.7;;;;;;10.9;1335.3;;;;-4.8;-5.9;-2.9;Nessun fenomeno;-3.2;;;;;0.0;0.0;;
21/11/2020 08:10:00;21/11/2020;08:10:00;0.0;247.5;1032.5;0.0;0.0;-2.9;0.94;;;0.0;-3.7;;;;;;10.9;1335.3;;;;-4.8;-5.9;-2.9;Nessun fenomeno;-3.2;;;;;0.0;0.0;;
21/11/2020 08:15:00;21/11/2020;08:15:00;0.0;247.5;1032.6;0.0;0.0;-2.8;0.94;;;0.0;-3.6;;;;;;10.9;1335.3;;;;-4.7;-5.8;-2.8;Nessun fenomeno;-3.1;;;;;0.0;0.0;;
21/11/2020 08:20:00;21/11/2020;08:20:00;0.0;0;1032.6;0.0;0.0;-2.8;0.94;;;0.0;-3.6;;;;;;10.9;1335.3;;;;-4.7;-5.8;-2.8;Nessun fenomeno;-3.1;;;;;0.0;0.0;;
21/11/2020 08:25:00;21/11/2020;08:25:00;0.0;315;1032.7;0.0;0.0;-2.7;0.94;;;0.0;-3.5;;;;;;10.9;1335.3;;;;-4.6;-5.6;-2.7;Nessun fenomeno;-3.0;;;;;0.0;0.0;;
21/11/2020 08:30:00;21/11/2020;08:30:00;0.0;292.5;1032.7;0.0;0.0;-2.6;0.94;;;0.0;-3.4;;;;;;10.9;1335.3;;;;-4.5;-5.5;-2.6;Nessun fenomeno;-2.9;;;;;0.0;0.0;;
21/11/2020 08:35:00;21/11/2020;08:35:00;0.0;292.5;1032.8;0.0;0.0;-2.6;0.94;;;0.0;-3.4;;;;;;10.9;1335.3;;;;-4.5;-5.5;-2.6;Nessun fenomeno;-2.9;;;;;0.0;0.0;;
21/11/2020 08:45:00;21/11/2020;08:45:00;0.0;292.5;1032.8;0.0;0.0;-2.5;0.94;;;0.0;-3.3;;;;;;10.9;1335.3;;;;-4.3;-5.4;-2.5;Nessun fenomeno;-2.8;;;;;0.0;0.0;;
21/11/2020 08:50:00;21/11/2020;08:50:00;0.0;315;1032.9;0.0;0.0;-2.5;0.94;;;0.0;-3.3;;;;;;10.9;1335.3;;;;-4.3;-5.4;-2.5;Nessun fenomeno;-2.8;;;;;0.0;0.0;;
21/11/2020 08:55:00;21/11/2020;08:55:00;0.0;315;1032.9;0.0;0.0;-2.5;0.94;;;0.0;-3.3;;;;;;10.9;1335.3;;;;-4.3;-5.4;-2.5;Nessun fenomeno;-2.8;;;;;0.0;0.0;;
21/11/2020 09:00:00;21/11/2020;09:00:00;0.0;315;1032.9;0.0;0.0;-2.5;0.94;;;0.0;-3.3;;;;;;10.9;1335.3;;;;-4.3;-5.4;-2.5;Nessun fenomeno;-2.8;;;;;0.0;0.0;;
21/11/2020 09:05:00;21/11/2020;09:05:00;0.0;315;1032.9;0.0;0.0;-2.2;0.94;;;0.0;-3.0;;;;;;10.9;1335.3;;;;-4.0;-5.0;-2.2;Nessun fenomeno;-2.5;;;;;0.0;0.0;;
21/11/2020 09:10:00;21/11/2020;09:10:00;0.0;315;1033.1;0.0;0.0;-1.9;0.94;;;0.0;-2.7;;;;;;10.9;1335.3;;;;-3.7;-4.7;-1.9;Nessun fenomeno;-2.2;;;;;0.0;0.0;;
21/11/2020 09:20:00;21/11/2020;09:20:00;0.0;315;1033.0;0.0;0.0;-0.7;0.94;;;0.0;-1.5;;;;;;10.9;1335.3;;;;-2.3;-3.2;-0.7;Nessun fenomeno;-1.0;;;;;0.0;0.0;;
21/11/2020 09:25:00;21/11/2020;09:25:00;0.0;202.5;1033.0;0.0;0.0;-0.5;0.94;;;0.0;-1.3;;;;;;10.9;1335.3;;;;-2.1;-3.0;-0.5;Nessun fenomeno;-0.8;;;;;0.0;0.0;;
21/11/2020 09:30:00;21/11/2020;09:30:00;0.0;45;1033.1;0.0;0.0;-0.4;0.94;;;0.0;-1.2;;;;;;10.9;1335.3;;;;-2.0;-2.9;-0.4;Nessun fenomeno;-0.7;;;;;0.0;0.0;;
21/11/2020 09:35:00;21/11/2020;09:35:00;0.0;45;1033.2;0.0;0.0;-0.1;0.94;;;0.0;-0.9;;;;;;10.9;1335.3;;;;-1.7;-2.5;-0.1;Nessun fenomeno;-0.4;;;;;0.0;0.0;;
21/11/2020 09:40:00;21/11/2020;09:40:00;0.0;45;1033.4;0.0;0.0;0.1;0.94;;;0.0;-0.8;;;;;;10.9;1335.3;;;;-1.4;-2.2;0.1;Nessun fenomeno;-0.2;;;;;0.0;0.0;;
21/11/2020 09:45:00;21/11/2020;09:45:00;0.0;45;1033.4;0.0;0.0;0.3;0.94;;;0.0;-0.6;;;;;;10.9;1335.3;;;;-1.2;-2.0;0.3;Nessun fenomeno;-0.0;;;;;0.0;0.0;;
21/11/2020 09:50:00;21/11/2020;09:50:00;0.0;45;1033.4;0.0;0.0;0.9;0.93;;;0.0;-0.1;;;;;;10.9;1335.3;;;;-0.6;-1.3;0.9;Nessun fenomeno;0.5;;;;;0.0;0.0;;
21/11/2020 09:55:00;21/11/2020;09:55:00;0.0;45;1033.4;0.0;0.0;1.3;0.93;;;0.0;0.3;;;;;;10.9;1335.3;;;;-0.1;-0.8;1.3;Nessun fenomeno;0.9;;;;;0.0;0.0;;
21/11/2020 10:00:00;21/11/2020;10:00:00;0.0;45;1033.3;0.0;0.0;1.4;0.91;;;0.0;0.1;;;;;;10.9;1335.3;;;;-0.0;-0.7;1.4;Nessun fenomeno;0.9;;;;;0.0;0.0;;
21/11/2020 10:05:00;21/11/2020;10:05:00;0.0;45;1033.2;0.0;0.0;1.4;0.91;;;0.0;0.1;;;;;;10.9;1335.3;;;;-0.0;-0.7;1.4;Nessun fenomeno;0.9;;;;;0.0;0.0;;
21/11/2020 10:15:00;21/11/2020;10:15:00;0.0;45;1033.3;0.0;0.0;1.6;0.91;;;0.0;0.3;;;;;;10.9;1335.3;;;;0.2;-0.5;1.6;Nessun fenomeno;1.1;;;;;0.0;0.0;;
21/11/2020 10:20:00;21/11/2020;10:20:00;0.0;22.5;1033.3;0.0;0.0;1.9;0.9;;;0.0;0.4;;;;;;10.9;1335.3;;;;0.5;-0.2;1.9;Nessun fenomeno;1.4;;;;;0.0;0.0;;
21/11/2020 10:25:00;21/11/2020;10:25:00;0.0;22.5;1033.2;0.0;0.0;2.3;0.9;;;0.0;0.8;;;;;;10.9;1335.3;;;;1.0;0.3;2.3;Nessun fenomeno;1.7;;;;;0.0;0.0;;
21/11/2020 10:30:00;21/11/2020;10:30:00;0.0;0;1033.2;0.0;0.0;2.5;0.89;;;0.0;0.9;;;;;;10.9;1335.3;;;;1.2;0.6;2.5;Nessun fenomeno;1.9;;;;;0.0;0.0;;
21/11/2020 10:35:00;21/11/2020;10:35:00;0.0;45;1033.3;0.0;0.0;2.8;0.89;;;0.0;1.2;;;;;;10.9;1335.3;;;;1.5;0.9;2.8;Nessun fenomeno;2.2;;;;;0.0;0.0;;
21/11/2020 10:40:00;21/11/2020;10:40:00;0.0;45;1033.4;0.0;0.0;3.3;0.89;;;0.0;1.7;;;;;;10.9;1335.3;;;;2.1;1.6;3.3;Nessun fenomeno;2.7;;;;;0.0;0.0;;
21/11/2020 10:50:00;21/11/2020;10:50:00;0.0;67.5;1033.2;0.0;0.0;3.6;0.86;;;0.0;1.5;;;;;;10.9;1335.3;;;;2.4;1.8;3.6;Nessun fenomeno;2.8;;;;;0.0;0.0;;
21/11/2020 10:55:00;21/11/2020;10:55:00;0.0;45;1033.3;0.0;0.0;3.5;0.84;;;0.0;1.0;;;;;;10.9;1335.3;;;;2.3;1.6;3.5;Nessun fenomeno;2.6;;;;;0.0;0.0;;
21/11/2020 11:00:00;21/11/2020;11:00:00;0.0;225;1033.2;0.0;0.0;3.9;0.83;;;0.0;1.3;;;;;;10.9;1335.3;;;;2.7;2.1;3.9;Nessun fenomeno;2.9;;;;;0.0;0.0;;
21/11/2020 11:05:00;21/11/2020;11:05:00;0.0;225;1033.3;0.0;0.0;4.3;0.82;;;0.0;1.5;;;;;;10.9;1335.3;;;;3.1;2.5;4.3;Nessun fenomeno;3.2;;;;;0.0;0.0;;
21/11/2020 11:10:00;21/11/2020;11:10:00;0.0;22.5;1033.2;0.0;0.0;4.3;0.81;;;0.0;1.3;;;;;;10.9;1335.3;;;;3.1;2.5;4.3;Nessun fenomeno;3.1;;;;;0.0;0.0;;
21/11/2020 11:15:00;21/11/2020;11:15:00;0.0;22.5;1033.0;0.0;0.0;4.9;0.82;;;0.0;2.1;;;;;;10.9;1335.3;;;;3.8;3.3;4.9;Nessun fenomeno;3.8;;;;;0.0;0.0;;
21/11/2020 11:20:00;21/11/2020;11:20:00;0.0;270;1033.1;0.0;0.0;5.8;0.8;;;0.0;2.6;;;;;;10.9;1335.3;;;;4.8;4.3;5.8;Nessun fenomeno;4.5;;;;;0.0;0.0;;
21/11/2020 11:25:00;21/11/2020;11:25:00;0.0;270;1033.0;0.0;0.0;5.8;0.79;;;0.0;2.4;;;;;;10.9;1335.3;;;;4.8;4.3;5.8;Nessun fenomeno;4.4;;;;;0.0;0.0;;
21/11/2020 11:30:00;21/11/2020;11:30:00;0.0;247.5;1032.9;0.0;0.0;5.5;0.78;;;0.0;2.0;;;;;;10.9;1335.3;;;;4.4;3.9;5.5;Nessun fenomeno;4.1;;;;;0.0;0.0;;
21/11/2020 11:35:00;21/11/2020;11:35:00;0.0;247.5;1032.9;0.0;0.0;5.8;0.8;;;0.0;2.6;;;;;;10.9;1335.3;;;;4.8;4.3;5.8;Nessun fenomeno;4.5;;;;;0.0;0.0;;
21/11/2020 11:45:00;21/11/2020;11:45:00;0.0;247.5;1032.8;0.0;0.0;6.6;0.78;;;0.0;3.0;;;;;;10.9;1335.3;;;;5.7;5.3;6.6;Nessun fenomeno;5.1;;;;;0.0;0.0;;
21/11/2020 11:50:00;21/11/2020;11:50:00;0.0;247.5;1032.7;0.0;0.0;6.8;0.73;;;0.0;2.3;;;;;;10.9;1335.3;;;;5.8;5.2;6.8;Nessun fenomeno;4.9;;;;;0.0;0.0;;
21/11/2020 11:55:00;21/11/2020;11:55:00;1.5010799136069113;225;1032.7;0.0;0.0;7.1;0.67;;;1.1987041036717063;1.4;;;;;;10.9;1335.3;;;;5.6;5.3;7.1;Nessun fenomeno;4.8;;;;;0.4;0.0;;
21/11/2020 12:00:00;21/11/2020;12:00:00;1.5010799136069113;225;1032.5;0.0;0.0;6.7;0.69;;;1.1987041036717063;1.4;;;;;;10.9;1335.3;;;;5.6;4.9;6.7;Nessun fenomeno;4.6;;;;;0.5;0.0;;
21/11/2020 12:05:00;21/11/2020;12:05:00;0.0;247.5;1032.7;0.0;0.0;7.0;0.7;;;0.0;1.9;;;;;;10.9;1335.3;;;;6.0;5.3;7.0;Nessun fenomeno;4.9;;;;;0.1;0.0;;
21/11/2020 12:15:00;21/11/2020;12:15:00;0.0;225;1032.6;0.0;0.0;7.3;0.68;;;1.1987041036717063;1.8;;;;;;10.9;1335.3;;;;6.3;5.6;7.3;Nessun fenomeno;5.0;;;;;0.0;0.0;;
21/11/2020 12:20:00;21/11/2020;12:20:00;0.0;247.5;1032.4;0.0;0.0;7.2;0.67;;;0.0;1.5;;;;;;10.9;1335.3;;;;6.1;5.4;7.2;Nessun fenomeno;4.9;;;;;0.3;0.0;;
21/11/2020 12:25:00;21/11/2020;12:25:00;0.0;247.5;1032.3;0.0;0.0;7.3;0.68;;;0.0;1.8;;;;;;10.9;1335.3;;;;6.3;5.6;7.3;Nessun fenomeno;5.0;;;;;0.2;0.0;;
21/11/2020 12:30:00;21/11/2020;12:30:00;0.0;247.5;1032.3;0.0;0.0;7.4;0.67;;;0.0;1.7;;;;;;10.9;1335.3;;;;6.4;5.7;7.4;Nessun fenomeno;5.1;;;;;0.0;0.0;;
21/11/2020 12:40:00;21/11/2020;12:40:00;0.0;247.5;1032.1;0.0;0.0;7.4;0.7;;;0.0;2.3;;;;;;10.9;1335.3;;;;6.4;5.8;7.4;Nessun fenomeno;5.3;;;;;0.1;0.0;;
21/11/2020 12:45:00;21/11/2020;12:45:00;0.0;247.5;1032.0;0.0;0.0;7.7;0.67;;;0.0;2.0;;;;;;10.9;1335.3;;;;6.7;6.1;7.7;Nessun fenomeno;5.3;;;;;0.1;0.0;;
21/11/2020 12:50:00;21/11/2020;12:50:00;0.0;247.5;1031.9;0.0;0.0;7.9;0.65;;;0.0;1.7;;;;;;10.9;1335.3;;;;6.9;6.2;7.9;Nessun fenomeno;5.4;;;;;0.0;0.0;;
21/11/2020 12:55:00;21/11/2020;12:55:00;0.0;225;1031.9;0.0;0.0;7.8;0.63;;;0.0;1.2;;;;;;10.9;1335.3;;;;6.7;5.9;7.8;Nessun fenomeno;5.1;;;;;0.0;0.0;;
21/11/2020 13:00:00;21/11/2020;13:00:00;0.0;225;1031.8;0.0;0.0;7.8;0.64;;;0.0;1.4;;;;;;10.9;1335.3;;;;6.8;6.0;7.8;Nessun fenomeno;5.2;;;;;0.0;0.0;;
21/11/2020 13:05:00;21/11/2020;13:05:00;0.9017278617710582;247.5;1031.7;0.0;0.0;7.6;0.68;;;1.1987041036717063;2.1;;;;;;10.9;1335.3;;;;6.2;6.0;7.6;Nessun fenomeno;5.3;;;;;0.4;0.0;;
21/11/2020 13:15:00;21/11/2020;13:15:00;0.0;225;1031.7;0.0;0.0;7.6;0.7;;;0.0;2.5;;;;;;10.9;1335.3;;;;6.7;6.1;7.6;Nessun fenomeno;5.5;;;;;0.4;0.0;;
21/11/2020 13:20:00;21/11/2020;13:20:00;0.0;247.5;1031.8;0.0;0.0;7.5;0.68;;;0.0;2.0;;;;;;10.9;1335.3;;;;6.5;5.9;7.5;Nessun fenomeno;5.2;;;;;0.3;0.0;;
21/11/2020 13:25:00;21/11/2020;13:25:00;0.0;247.5;1031.7;0.0;0.0;7.9;0.67;;;1.5982721382289415;2.1;;;;;;10.9;1335.3;;;;6.9;6.3;7.9;Nessun fenomeno;5.5;;;;;0.0;0.0;;
21/11/2020 13:35:00;21/11/2020;13:35:00;0.0;247.5;1031.5;0.0;0.0;7.3;0.69;;;0.0;2.0;;;;;;10.9;1335.3;;;;6.3;5.7;7.3;Nessun fenomeno;5.1;;;;;0.6;0.0;;
21/11/2020 13:40:00;21/11/2020;13:40:00;0.10259179265658747;247.5;1031.5;0.0;0.0;7.3;0.68;;;0.0;1.8;;;;;;10.9;1335.3;;;;6.3;5.6;7.3;Nessun fenomeno;5.0;;;;;0.7;0.0;;
21/11/2020 13:45:00;21/11/2020;13:45:00;0.0;247.5;1031.4;0.0;0.0;6.3;0.72;;;0.0;1.6;;;;;;10.9;1335.3;;;;5.2;4.6;6.3;Nessun fenomeno;4.4;;;;;0.5;0.0;;
21/11/2020 13:50:00;21/11/2020;13:50:00;0.0;247.5;1031.3;0.0;0.0;5.7;0.76;;;0.0;1.8;;;;;;10.9;1335.3;;;;4.3;4.0;5.7;Nessun fenomeno;4.1;;;;;0.0;0.0;;
21/11/2020 14:00:00;21/11/2020;14:00:00;0.3023758099352052;202.5;1031.3;0.0;0.0;4.8;0.8;;;0.0;1.6;;;;;;10.9;1335.3;;;;3.6;3.1;4.8;Nessun fenomeno;3.5;;;;;0.5;0.0;;
21/11/2020 14:05:00;21/11/2020;14:05:00;0.10259179265658747;270;1031.1;0.0;0.0;4.9;0.79;;;0.0;1.6;;;;;;10.9;1335.3;;;;3.7;3.1;4.9;Nessun fenomeno;3.6;;;;;0.3;0.0;;
21/11/2020 14:15:00;21/11/2020;14:15:00;0.0;337.5;1031.1;0.0;0.0;4.9;0.78;;;0.0;1.4;;;;;;10.9;1335.3;;;;3.7;3.1;4.9;Nessun fenomeno;3.5;;;;;0.9;0.0;;
21/11/2020 14:20:00;21/11/2020;14:20:00;0.0;337.5;1031.0;0.0;0.0;4.9;0.78;;;0.0;1.4;;;;;;10.9;1335.3;;;;3.7;3.1;4.9;Nessun fenomeno;3.5;;;;;0.9;0.0;;
21/11/2020 14:25:00;21/11/2020;14:25:00;0.0;225;1031.0;0.0;0.0;4.6;0.8;;;0.0;1.4;;;;;;10.9;1335.3;;;;3.4;2.8;4.6;Nessun fenomeno;3.4;;;;;0.0;0.0;;
21/11/2020 14:30:00;21/11/2020;14:30:00;0.0;157.5;1031.0;0.0;0.0;4.6;0.8;;;0.0;1.4;;;;;;10.9;1335.3;;;;3.4;2.8;4.6;Nessun fenomeno;3.4;;;;;0.2;0.0;;
21/11/2020 14:40:00;21/11/2020;14:40:00;0.0;315;1031.0;0.0;0.0;4.4;0.78;;;0.0;0.9;;;;;;10.9;1335.3;;;;3.2;2.5;4.4;Nessun fenomeno;3.0;;;;;0.0;0.0;;
21/11/2020 14:45:00;21/11/2020;14:45:00;0.0;292.5;1031.0;0.0;0.0;4.4;0.79;;;0.0;1.1;;;;;;10.9;1335.3;;;;3.2;2.5;4.4;Nessun fenomeno;3.1;;;;;0.4;0.0;;
21/11/2020 14:50:00;21/11/2020;14:50:00;0.0;292.5;1031.0;0.0;0.0;4.7;0.77;;;0.0;1.0;;;;;;10.9;1335.3;;;;3.5;2.8;4.7;Nessun fenomeno;3.3;;;;;0.4;0.0;;
21/11/2020 15:05:00;21/11/2020;15:05:00;0.0;247.5;1030.8;0.0;0.0;4.1;0.81;;;0.0;1.1;;;;;;10.9;1335.3;;;;2.9;2.2;4.1;Nessun fenomeno;2.9;;;;;0.0;0.0;;
21/11/2020 15:10:00;21/11/2020;15:10:00;0.0;225;1031.0;0.0;0.0;4.3;0.8;;;0.0;1.2;;;;;;10.9;1335.3;;;;3.1;2.4;4.3;Nessun fenomeno;3.1;;;;;0.0;0.0;;
21/11/2020 15:15:00;21/11/2020;15:15:00;0.0;180;1030.9;0.0;0.0;4.1;0.81;;;0.0;1.1;;;;;;10.9;1335.3;;;;2.9;2.2;4.1;Nessun fenomeno;2.9;;;;;0.0;0.0;;
21/11/2020 15:20:00;21/11/2020;15:20:00;0.0;180;1030.8;0.0;0.0;3.9;0.81;;;0.0;0.9;;;;;;10.9;1335.3;;;;2.7;2.0;3.9;Nessun fenomeno;2.8;;;;;0.0;0.0;;
21/11/2020 15:25:00;21/11/2020;15:25:00;0.0;337.5;1030.9;0.0;0.0;3.8;0.81;;;0.0;0.8;;;;;;10.9;1335.3;;;;2.5;1.9;3.8;Nessun fenomeno;2.7;;;;;0.0;0.0;;
21/11/2020 15:30:00;21/11/2020;15:30:00;0.0;157.5;1030.9;0.0;0.0;3.8;0.82;;;0.0;1.0;;;;;;10.9;1335.3;;;;2.6;1.9;3.8;Nessun fenomeno;2.7;;;;;0.0;0.0;;
21/11/2020 15:40:00;21/11/2020;15:40:00;0.0;157.5;1031.0;0.0;0.0;3.4;0.83;;;0.0;0.8;;;;;;10.9;1335.3;;;;2.1;1.4;3.4;Nessun fenomeno;2.4;;;;;0.0;0.0;;
21/11/2020 15:45:00;21/11/2020;15:45:00;0.0;247.5;1031.0;0.0;0.0;3.3;0.83;;;0.0;0.7;;;;;;10.9;1335.3;;;;2.0;1.3;3.3;Nessun fenomeno;2.3;;;;;0.0;0.0;;
21/11/2020 15:55:00;21/11/2020;15:55:00;0.0;225;1031.0;0.0;0.0;3.2;0.84;;;0.0;0.8;;;;;;10.9;1335.3;;;;1.9;1.2;3.2;Nessun fenomeno;2.3;;;;;0.0;0.0;;
21/11/2020 16:00:00;21/11/2020;16:00:00;0.0;22.5;1030.9;0.0;0.0;3.1;0.84;;;0.0;0.7;;;;;;10.9;1335.3;;;;1.8;1.1;3.1;Nessun fenomeno;2.2;;;;;0.0;0.0;;
21/11/2020 16:10:00;21/11/2020;16:10:00;0.10259179265658747;315;1030.8;0.0;0.0;3.8;0.78;;;0.0;0.3;;;;;;10.9;1335.3;;;;2.5;1.7;3.8;Nessun fenomeno;2.5;;;;;0.4;0.0;;
21/11/2020 16:15:00;21/11/2020;16:15:00;1.7008639308855291;270;1030.9;0.0;0.0;5.2;0.63;;;4.697624190064794;-1.3;;;;;;10.9;1335.3;;;;3.0;2.7;4.6;Nessun fenomeno;2.8;;;;;1.6;0.0;;
21/11/2020 16:25:00;21/11/2020;16:25:00;4.800215982721382;270;1030.7;0.0;0.0;7.0;0.53;;;6.997840172786177;-1.9;;;;;;10.9;1335.3;;;;4.0;4.4;5.3;Nessun fenomeno;3.7;;;;;7.1;0.0;;
21/11/2020 16:30:00;21/11/2020;16:30:00;4.001079913606912;247.5;1030.8;0.0;0.0;7.2;0.51;;;8.698704103671705;-2.3;;;;;;10.9;1335.3;;;;2.5;4.5;4.0;Nessun fenomeno;3.7;;;;;9.4;0.0;;
21/11/2020 16:35:00;21/11/2020;16:35:00;9.400647948164146;225;1030.9;0.0;0.0;7.4;0.5;;;11.900647948164146;-2.4;;;;;;10.9;1335.3;;;;4.2;4.7;5.5;Nessun fenomeno;3.8;;;;;11.0;0.0;;
21/11/2020 16:40:00;21/11/2020;16:40:00;5.102591792656587;247.5;1030.7;0.0;0.0;7.3;0.5;;;8.401727861771057;-2.5;;;;;;10.9;1335.3;;;;4.3;4.6;5.6;Nessun fenomeno;3.7;;;;;10.1;0.0;;
21/11/2020 16:45:00;21/11/2020;16:45:00;0.3995680345572354;247.5;1030.9;0.0;0.0;7.2;0.5;;;0.0;-2.5;;;;;;10.9;1335.3;;;;5.8;4.5;7.2;Nessun fenomeno;3.6;;;;;7.4;0.0;;
21/11/2020 16:55:00;21/11/2020;16:55:00;1.398488120950324;22.5;1031.2;0.0;0.0;6.3;0.55;;;2.5;-2.1;;;;;;10.9;1335.3;;;;4.8;3.7;6.3;Nessun fenomeno;3.2;;;;;1.4;0.0;;
21/11/2020 17:00:00;21/11/2020;17:00:00;0.1997840172786177;22.5;1031.1;0.0;0.0;5.3;0.59;;;1.7008639308855291;-2.1;;;;;;10.9;1335.3;;;;3.6;2.7;5.3;Nessun fenomeno;2.6;;;;;1.4;0.0;;
21/11/2020 17:10:00;21/11/2020;17:10:00;0.5021598272138229;292.5;1031.0;0.0;0.0;5.8;0.56;;;2.5;-2.3;;;;;;10.9;1335.3;;;;4.3;3.1;5.8;Nessun fenomeno;2.9;;;;;0.3;0.0;;
21/11/2020 17:15:00;21/11/2020;17:15:00;1.101511879049676;247.5;1031.2;0.0;0.0;6.6;0.52;;;12.197624190064793;-2.6;;;;;;10.9;1335.3;;;;3.6;3.9;4.9;Nessun fenomeno;3.3;;;;;3.5;0.0;;
21/11/2020 17:20:00;21/11/2020;17:20:00;4.697624190064794;225;1031.0;0.0;0.0;6.9;0.5;;;6.997840172786177;-2.8;;;;;;10.9;1335.3;;;;4.6;4.1;6.3;Nessun fenomeno;3.4;;;;;8.6;0.0;;
21/11/2020 17:25:00;21/11/2020;17:25:00;3.6015118790496756;225;1031.1;0.0;0.0;6.9;0.48;;;5.199784017278618;-3.4;;;;;;10.9;1335.3;;;;4.8;4.0;6.8;Nessun fenomeno;3.2;;;;;8.3;0.0;;
21/11/2020 17:30:00;21/11/2020;17:30:00;5.901727861771058;202.5;1031.2;0.0;0.0;6.9;0.48;;;9.098272138228943;-3.4;;;;;;10.9;1335.3;;;;3.2;4.0;4.5;Nessun fenomeno;3.2;;;;;7.1;0.0;;
21/11/2020 17:40:00;21/11/2020;17:40:00;5.901727861771058;202.5;1031.3;0.0;0.0;6.7;0.48;;;9.098272138228943;-3.6;;;;;;10.9;1335.3;;;;3.3;3.8;4.6;Nessun fenomeno;3.1;;;;;6.4;0.0;;
21/11/2020 17:50:00;21/11/2020;17:50:00;4.897408207343412;247.5;1031.4;0.0;0.0;6.5;0.48;;;10.90172786177106;-3.7;;;;;;10.9;1335.3;;;;4.1;3.5;5.8;Nessun fenomeno;2.9;;;;;3.6;0.0;;
21/11/2020 17:55:00;21/11/2020;17:55:00;3.6015118790496756;247.5;1031.4;0.0;0.0;6.7;0.47;;;8.498920086393088;-3.8;;;;;;10.9;1335.3;;;;3.1;3.7;4.5;Nessun fenomeno;3.0;;;;;4.9;0.0;;
21/11/2020 18:00:00;21/11/2020;18:00:00;3.6015118790496756;247.5;1031.4;0.0;0.0;6.6;0.47;;;8.498920086393088;-3.9;;;;;;10.9;1335.3;;;;2.7;3.6;4.0;Notte/Nessun fenomeno;2.9;;;;;8.7;0.0;;
21/11/2020 18:05:00;21/11/2020;18:05:00;6.997840172786177;225;1031.4;0.0;0.0;6.6;0.47;;;7.602591792656587;-3.9;;;;;;10.9;1335.3;;;;3.3;3.6;4.7;Notte/Nessun fenomeno;2.9;;;;;10.4;0.0;;
21/11/2020 18:10:00;21/11/2020;18:10:00;5.102591792656587;247.5;1031.6;0.0;0.0;6.5;0.47;;;8.898488120950324;-4.0;;;;;;10.9;1335.3;;;;2.9;3.5;4.2;Notte/Nessun fenomeno;2.8;;;;;10.3;0.0;;
21/11/2020 18:20:00;21/11/2020;18:20:00;5.102591792656587;247.5;1031.7;0.0;0.0;6.5;0.47;;;8.898488120950324;-4.0;;;;;;10.9;1335.3;;;;4.1;3.5;6.0;Notte/Nessun fenomeno;2.8;;;;;9.2;0.0;;
21/11/2020 18:30:00;21/11/2020;18:30:00;2.3974082073434126;315;1031.7;0.0;0.0;5.2;0.55;;;2.6997840172786174;-3.1;;;;;;10.9;1335.3;;;;3.0;2.3;4.9;Notte/Nessun fenomeno;2.3;;;;;3.9;0.0;;
21/11/2020 18:35:00;21/11/2020;18:35:00;1.9978401727861772;22.5;1031.7;0.0;0.0;5.0;0.56;;;3.099352051835853;-3.1;;;;;;10.9;1335.3;;;;3.0;2.2;5.0;Notte/Nessun fenomeno;2.2;;;;;3.7;0.0;;
21/11/2020 18:45:00;21/11/2020;18:45:00;1.9978401727861772;22.5;1031.8;0.0;0.0;5.2;0.55;;;3.099352051835853;-3.1;;;;;;10.9;1335.3;;;;3.4;2.3;5.2;Notte/Nessun fenomeno;2.3;;;;;2.4;0.0;;
21/11/2020 18:50:00;21/11/2020;18:50:00;0.5993520518358532;22.5;1031.8;0.0;0.0;4.4;0.6;;;2.300215982721382;-2.7;;;;;;10.9;1335.3;;;;2.5;1.6;4.4;Notte/Nessun fenomeno;1.9;;;;;2.1;0.0;;
21/11/2020 18:55:00;21/11/2020;18:55:00;0.5021598272138229;67.5;1031.8;0.0;0.0;4.1;0.61;;;3.299136069114471;-2.8;;;;;;10.9;1335.3;;;;2.4;1.3;4.1;Notte/Nessun fenomeno;1.7;;;;;2.1;0.0;;
21/11/2020 19:00:00;21/11/2020;19:00:00;0.5021598272138229;337.5;1031.9;0.0;0.0;3.6;0.64;;;1.398488120950324;-2.6;;;;;;10.9;1335.3;;;;2.1;0.9;3.6;Notte/Nessun fenomeno;1.4;;;;;0.9;0.0;;
21/11/2020 19:05:00;21/11/2020;19:05:00;0.5021598272138229;337.5;1031.9;0.0;0.0;3.3;0.66;;;1.398488120950324;-2.5;;;;;;10.9;1335.3;;;;1.8;0.6;3.3;Notte/Nessun fenomeno;1.3;;;;;0.0;0.0;;
21/11/2020 19:10:00;21/11/2020;19:10:00;0.0;0;1032.0;0.0;0.0;2.6;0.72;;;0.0;-1.9;;;;;;10.9;1335.3;;;;1.1;-0.0;2.6;Notte/Nessun fenomeno;1.0;;;;;0.0;0.0;;
21/11/2020 19:15:00;21/11/2020;19:15:00;0.0;0;1032.1;0.0;0.0;2.6;0.73;;;0.0;-1.8;;;;;;10.9;1335.3;;;;1.1;0.0;2.6;Notte/Nessun fenomeno;1.1;;;;;0.0;0.0;;
21/11/2020 19:20:00;21/11/2020;19:20:00;0.0;90;1032.1;0.0;0.0;2.1;0.76;;;0.0;-1.7;;;;;;10.9;1335.3;;;;0.6;-0.5;2.1;Notte/Nessun fenomeno;0.8;;;;;0.6;0.0;;
21/11/2020 19:35:00;21/11/2020;19:35:00;0.0;90;1032.2;0.0;0.0;1.6;0.79;;;0.0;-1.7;;;;;;10.9;1335.3;;;;0.0;-0.9;1.6;Notte/Nessun fenomeno;0.5;;;;;0.1;0.0;;
21/11/2020 19:45:00;21/11/2020;19:45:00;0.0;0;1032.5;0.0;0.0;1.1;0.82;;;0.0;-1.6;;;;;;10.9;1335.3;;;;-0.5;-1.4;1.1;Notte/Nessun fenomeno;0.2;;;;;0.0;0.0;;
21/11/2020 19:55:00;21/11/2020;19:55:00;0.0;157.5;1032.6;0.0;0.0;0.8;0.83;;;0.0;-1.8;;;;;;10.9;1335.3;;;;-0.8;-1.8;0.8;Notte/Nessun fenomeno;-0.1;;;;;0.0;0.0;;
21/11/2020 20:05:00;21/11/2020;20:05:00;0.0;247.5;1032.5;0.0;0.0;0.9;0.81;;;0.0;-2.0;;;;;;10.9;1335.3;;;;-0.7;-1.7;0.9;Notte/Nessun fenomeno;-0.2;;;;;0.0;0.0;;
21/11/2020 20:15:00;21/11/2020;20:15:00;0.0;225;1032.6;0.0;0.0;0.9;0.81;;;0.0;-2.0;;;;;;10.9;1335.3;;;;-0.7;-1.7;0.9;Notte/Nessun fenomeno;-0.2;;;;;0.0;0.0;;
21/11/2020 20:20:00;21/11/2020;20:20:00;0.0;337.5;1032.7;0.0;0.0;0.8;0.81;;;0.0;-2.1;;;;;;10.9;1335.3;;;;-0.8;-1.8;0.8;Notte/Nessun fenomeno;-0.3;;;;;0.0;0.0;;
21/11/2020 20:25:00;21/11/2020;20:25:00;0.0;337.5;1032.6;0.0;0.0;0.6;0.81;;;0.0;-2.3;;;;;;10.9;1335.3;;;;-1.0;-2.1;0.6;Notte/Nessun fenomeno;-0.4;;;;;0.0;0.0;;
21/11/2020 20:30:00;21/11/2020;20:30:00;0.0;0;1032.6;0.0;0.0;0.4;0.81;;;0.0;-2.5;;;;;;10.9;1335.3;;;;-1.3;-2.3;0.4;Notte/Nessun fenomeno;-0.6;;;;;0.0;0.0;;
21/11/2020 20:35:00;21/11/2020;20:35:00;0.0;0;1032.8;0.0;0.0;0.1;0.81;;;0.0;-2.8;;;;;;10.9;1335.3;;;;-1.6;-2.7;0.1;Notte/Nessun fenomeno;-0.9;;;;;0.0;0.0;;
21/11/2020 20:45:00;21/11/2020;20:45:00;0.0;157.5;1032.9;0.0;0.0;-0.2;0.82;;;0.0;-2.9;;;;;;10.9;1335.3;;;;-1.9;-3.0;-0.2;Notte/Nessun fenomeno;-1.1;;;;;0.0;0.0;;
21/11/2020 20:50:00;21/11/2020;20:50:00;0.0;22.5;1032.8;0.0;0.0;-0.4;0.82;;;0.0;-3.1;;;;;;10.9;1335.3;;;;-2.1;-3.3;-0.4;Notte/Nessun fenomeno;-1.3;;;;;0.0;0.0;;
21/11/2020 20:55:00;21/11/2020;20:55:00;0.0;22.5;1032.9;0.0;0.0;-0.6;0.82;;;0.0;-3.3;;;;;;10.9;1335.3;;;;-2.4;-3.5;-0.6;Notte/Nessun fenomeno;-1.5;;;;;0.0;0.0;;
21/11/2020 21:00:00;21/11/2020;21:00:00;0.0;22.5;1032.9;0.0;0.0;-0.7;0.83;;;0.0;-3.2;;;;;;10.9;1335.3;;;;-2.5;-3.6;-0.7;Notte/Nessun fenomeno;-1.6;;;;;0.0;0.0;;
21/11/2020 21:05:00;21/11/2020;21:05:00;0.0;225;1032.9;0.0;0.0;-0.8;0.83;;;0.0;-3.3;;;;;;10.9;1335.3;;;;-2.6;-3.7;-0.8;Notte/Nessun fenomeno;-1.7;;;;;0.0;0.0;;
21/11/2020 21:10:00;21/11/2020;21:10:00;0.0;0;1032.8;0.0;0.0;-0.9;0.83;;;0.0;-3.4;;;;;;10.9;1335.3;;;;-2.7;-3.8;-0.9;Notte/Nessun fenomeno;-1.8;;;;;0.0;0.0;;
21/11/2020 21:15:00;21/11/2020;21:15:00;0.0;0;1032.9;0.0;0.0;-0.9;0.84;;;0.0;-3.3;;;;;;10.9;1335.3;;;;-2.7;-3.8;-0.9;Notte/Nessun fenomeno;-1.7;;;;;0.0;0.0;;
21/11/2020 21:25:00;21/11/2020;21:25:00;0.0;315;1033.0;0.0;0.0;-1.1;0.84;;;0.0;-3.5;;;;;;10.9;1335.3;;;;-2.9;-4.0;-1.1;Notte/Nessun fenomeno;-1.9;;;;;0.0;0.0;;
21/11/2020 21:30:00;21/11/2020;21:30:00;0.0;0;1032.9;0.0;0.0;-1.2;0.84;;;0.0;-3.6;;;;;;10.9;1335.3;;;;-3.0;-4.1;-1.2;Notte/Nessun fenomeno;-2.0;;;;;0.0;0.0;;
21/11/2020 21:35:00;21/11/2020;21:35:00;0.0;0;1033.0;0.0;0.0;-1.3;0.85;;;0.0;-3.5;;;;;;10.9;1335.3;;;;-3.1;-4.2;-1.3;Notte/Nessun fenomeno;-2.0;;;;;0.0;0.0;;
21/11/2020 21:40:00;21/11/2020;21:40:00;0.0;22.5;1033.0;0.0;0.0;-1.5;0.85;;;0.0;-3.7;;;;;;10.9;1335.3;;;;-3.3;-4.5;-1.5;Notte/Nessun fenomeno;-2.2;;;;;0.0;0.0;;
21/11/2020 21:45:00;21/11/2020;21:45:00;0.0;22.5;1033.0;0.0;0.0;-1.6;0.85;;;0.0;-3.8;;;;;;10.9;1335.3;;;;-3.4;-4.6;-1.6;Notte/Nessun fenomeno;-2.3;;;;;0.0;0.0;;
21/11/2020 21:50:00;21/11/2020;21:50:00;0.0;22.5;1033.0;0.0;0.0;-1.8;0.85;;;0.0;-4.0;;;;;;10.9;1335.3;;;;-3.7;-4.8;-1.8;Notte/Nessun fenomeno;-2.5;;;;;0.0;0.0;;
21/11/2020 21:55:00;21/11/2020;21:55:00;0.0;22.5;1032.9;0.0;0.0;-1.9;0.85;;;0.0;-4.1;;;;;;10.9;1335.3;;;;-3.8;-4.9;-1.9;Notte/Nessun fenomeno;-2.6;;;;;0.0;0.0;;
21/11/2020 22:05:00;21/11/2020;22:05:00;0.0;22.5;1032.9;0.0;0.0;-1.9;0.86;;;0.0;-3.9;;;;;;10.9;1335.3;;;;-3.8;-4.9;-1.9;Notte/Nessun fenomeno;-2.6;;;;;0.0;0.0;;
21/11/2020 22:10:00;21/11/2020;22:10:00;0.0;22.5;1032.9;0.0;0.0;-1.9;0.86;;;0.0;-3.9;;;;;;10.9;1335.3;;;;-3.8;-4.9;-1.9;Notte/Nessun fenomeno;-2.6;;;;;0.0;0.0;;
21/11/2020 22:15:00;21/11/2020;22:15:00;0.0;0;1032.9;0.0;0.0;-1.9;0.86;;;0.0;-3.9;;;;;;10.9;1335.3;;;;-3.8;-4.9;-1.9;Notte/Nessun fenomeno;-2.6;;;;;0.0;0.0;;
21/11/2020 22:20:00;21/11/2020;22:20:00;0.0;0;1032.8;0.0;0.0;-1.9;0.86;;;0.0;-3.9;;;;;;10.9;1335.3;;;;-3.8;-4.9;-1.9;Notte/Nessun fenomeno;-2.6;;;;;0.0;0.0;;
21/11/2020 22:25:00;21/11/2020;22:25:00;0.0;0;1032.8;0.0;0.0;-1.9;0.86;;;0.0;-3.9;;;;;;10.9;1335.3;;;;-3.8;-4.9;-1.9;Notte/Nessun fenomeno;-2.6;;;;;0.0;0.0;;
21/11/2020 22:30:00;21/11/2020;22:30:00;0.0;22.5;1032.9;0.0;0.0;-2.1;0.87;;;0.0;-4.0;;;;;;10.9;1335.3;;;;-4.0;-5.1;-2.1;Notte/Nessun fenomeno;-2.7;;;;;0.0;0.0;;
21/11/2020 22:35:00;21/11/2020;22:35:00;0.0;270;1032.8;0.0;0.0;-2.1;0.87;;;0.0;-4.0;;;;;;10.9;1335.3;;;;-4.0;-5.1;-2.1;Notte/Nessun fenomeno;-2.7;;;;;0.0;0.0;;
21/11/2020 22:40:00;21/11/2020;22:40:00;0.0;270;1032.9;0.0;0.0;-2.1;0.87;;;0.0;-4.0;;;;;;10.9;1335.3;;;;-4.0;-5.1;-2.1;Notte/Nessun fenomeno;-2.7;;;;;0.0;0.0;;
21/11/2020 22:50:00;21/11/2020;22:50:00;0.0;270;1032.8;0.0;0.0;-2.1;0.87;;;0.0;-4.0;;;;;;10.9;1335.3;;;;-4.0;-5.1;-2.1;Notte/Nessun fenomeno;-2.7;;;;;0.0;0.0;;
21/11/2020 22:55:00;21/11/2020;22:55:00;0.0;270;1032.8;0.0;0.0;-2.1;0.87;;;0.0;-4.0;;;;;;10.9;1335.3;;;;-4.0;-5.1;-2.1;Notte/Nessun fenomeno;-2.7;;;;;0.0;0.0;;
21/11/2020 23:00:00;21/11/2020;23:00:00;0.0;270;1032.8;0.0;0.0;-2.1;0.87;;;0.0;-4.0;;;;;;10.9;1335.3;;;;-4.0;-5.1;-2.1;Notte/Nessun fenomeno;-2.7;;;;;0.0;0.0;;
21/11/2020 23:05:00;21/11/2020;23:05:00;0.0;270;1032.9;0.0;0.0;-2.1;0.88;;;0.0;-3.8;;;;;;10.9;1335.3;;;;-4.0;-5.1;-2.1;Notte/Nessun fenomeno;-2.7;;;;;0.0;0.0;;
21/11/2020 23:15:00;21/11/2020;23:15:00;0.0;337.5;1032.8;0.0;0.0;-1.8;0.88;;;0.0;-3.5;;;;;;10.9;1335.3;;;;-3.6;-4.7;-1.8;Notte/Nessun fenomeno;-2.4;;;;;0.0;0.0;;
21/11/2020 23:20:00;21/11/2020;23:20:00;0.0;337.5;1032.7;0.0;0.0;-1.9;0.88;;;0.0;-3.6;;;;;;10.9;1335.3;;;;-3.7;-4.9;-1.9;Notte/Nessun fenomeno;-2.5;;;;;0.0;0.0;;
21/11/2020 23:25:00;21/11/2020;23:25:00;0.0;337.5;1032.6;0.0;0.0;-1.9;0.88;;;0.0;-3.6;;;;;;10.9;1335.3;;;;-3.7;-4.9;-1.9;Notte/Nessun fenomeno;-2.5;;;;;0.0;0.0;;
21/11/2020 23:30:00;21/11/2020;23:30:00;0.0;337.5;1032.6;0.0;0.0;-1.9;0.88;;;0.0;-3.6;;;;;;10.9;1335.3;;;;-3.7;-4.9;-1.9;Notte/Nessun fenomeno;-2.5;;;;;0.0;0.0;;
21/11/2020 23:35:00;21/11/2020;23:35:00;0.0;337.5;1032.7;0.0;0.0;-2.1;0.88;;;0.0;-3.8;;;;;;10.9;1335.3;;;;-4.0;-5.1;-2.1;Notte/Nessun fenomeno;-2.7;;;;;0.0;0.0;;
21/11/2020 23:40:00;21/11/2020;23:40:00;0.0;337.5;1032.6;0.0;0.0;-2.2;0.88;;;0.0;-3.9;;;;;;10.9;1335.3;;;;-4.1;-5.2;-2.2;Notte/Nessun fenomeno;-2.8;;;;;0.0;0.0;;
21/11/2020 23:45:00;21/11/2020;23:45:00;0.0;337.5;1032.6;0.0;0.0;-2.4;0.88;;;0.0;-4.1;;;;;;10.9;1335.3;;;;-4.3;-5.4;-2.4;Notte/Nessun fenomeno;-3.0;;;;;0.0;0.0;;
21/11/2020 23:50:00;21/11/2020;23:50:00;0.0;337.5;1032.7;0.0;0.0;-2.4;0.89;;;0.0;-4.0;;;;;;10.9;1335.3;;;;-4.3;-5.4;-2.4;Notte/Nessun fenomeno;-2.9;;;;;0.0;0.0;;
22/11/2020 00:00:00;22/11/2020;00:00:00;0.0;337.5;1032.7;0.0;0.0;-2.5;0.89;;;0.0;-4.1;;;;;;10.9;1335.3;;;;-4.4;-5.5;-2.5;Notte/Nessun fenomeno;-3.0;;;;;0.0;0.0;;
22/11/2020 00:05:00;22/11/2020;00:05:00;0.0;337.5;1032.7;0.0;0.0;-2.5;0.89;;;0.0;-4.1;;;;;;10.9;1335.3;;;;-4.4;-5.5;-2.5;Notte/Nessun fenomeno;-3.0;;;;;0.0;0.0;;
22/11/2020 00:10:00;22/11/2020;00:10:00;0.0;337.5;1032.7;0.0;0.0;-2.6;0.88;;;0.0;-4.3;;;;;;10.9;1335.3;;;;-4.5;-5.7;-2.6;Notte/Nessun fenomeno;-3.2;;;;;0.0;0.0;;
22/11/2020 00:15:00;22/11/2020;00:15:00;0.0;337.5;1032.6;0.0;0.0;-2.7;0.89;;;0.0;-4.3;;;;;;10.9;1335.3;;;;-4.6;-5.8;-2.7;Notte/Nessun fenomeno;-3.2;;;;;0.0;0.0;;
22/11/2020 00:20:00;22/11/2020;00:20:00;0.0;337.5;1032.7;0.0;0.0;-2.7;0.89;;;0.0;-4.3;;;;;;10.9;1335.3;;;;-4.6;-5.8;-2.7;Notte/Nessun fenomeno;-3.2;;;;;0.0;0.0;;
22/11/2020 00:25:00;22/11/2020;00:25:00;0.0;337.5;1032.6;0.0;0.0;-2.7;0.89;;;0.0;-4.3;;;;;;10.9;1335.3;;;;-4.6;-5.8;-2.7;Notte/Nessun fenomeno;-3.2;;;;;0.0;0.0;;
22/11/2020 00:30:00;22/11/2020;00:30:00;0.0;337.5;1032.7;0.0;0.0;-2.7;0.89;;;0.0;-4.3;;;;;;10.9;1335.3;;;;-4.6;-5.8;-2.7;Notte/Nessun fenomeno;-3.2;;;;;0.0;0.0;;
22/11/2020 00:35:00;22/11/2020;00:35:00;0.0;337.5;1032.6;0.0;0.0;-2.8;0.89;;;0.0;-4.4;;;;;;10.9;1335.3;;;;-4.7;-5.9;-2.8;Notte/Nessun fenomeno;-3.3;;;;;0.0;0.0;;
22/11/2020 00:45:00;22/11/2020;00:45:00;0.0;337.5;1032.6;0.0;0.0;-2.8;0.89;;;0.0;-4.4;;;;;;10.9;1335.3;;;;-4.7;-5.9;-2.8;Notte/Nessun fenomeno;-3.3;;;;;0.0;0.0;;
22/11/2020 00:50:00;22/11/2020;00:50:00;0.0;337.5;1032.6;0.0;0.0;-2.9;0.89;;;0.0;-4.5;;;;;;10.9;1335.3;;;;-4.8;-6.0;-2.9;Notte/Nessun fenomeno;-3.4;;;;;0.0;0.0;;
22/11/2020 00:55:00;22/11/2020;00:55:00;0.0;112.5;1032.4;0.0;0.0;-2.8;0.89;;;0.0;-4.4;;;;;;10.9;1335.3;;;;-4.7;-5.9;-2.8;Notte/Nessun fenomeno;-3.3;;;;;0.0;0.0;;
22/11/2020 01:00:00;22/11/2020;01:00:00;0.0;112.5;1032.4;0.0;0.0;-2.8;0.89;;;0.0;-4.4;;;;;;10.9;1335.3;;;;-4.7;-5.9;-2.8;Notte/Nessun fenomeno;-3.3;;;;;0.0;0.0;;
22/11/2020 01:05:00;22/11/2020;01:05:00;0.0;135;1032.5;0.0;0.0;-2.8;0.89;;;0.0;-4.4;;;;;;10.9;1335.3;;;;-4.7;-5.9;-2.8;Notte/Nessun fenomeno;-3.3;;;;;0.0;0.0;;
22/11/2020 01:10:00;22/11/2020;01:10:00;0.0;22.5;1032.4;0.0;0.0;-2.9;0.9;;;0.0;-4.3;;;;;;10.9;1335.3;;;;-4.8;-6.0;-2.9;Notte/Nessun fenomeno;-3.4;;;;;0.0;0.0;;
22/11/2020 01:20:00;22/11/2020;01:20:00;0.0;22.5;1032.5;0.0;0.0;-3.1;0.9;;;0.0;-4.5;;;;;;10.9;1335.3;;;;-5.0;-6.2;-3.1;Notte/Nessun fenomeno;-3.6;;;;;0.0;0.0;;
22/11/2020 01:25:00;22/11/2020;01:25:00;0.0;22.5;1032.4;0.0;0.0;-3.2;0.9;;;0.0;-4.6;;;;;;10.9;1335.3;;;;-5.2;-6.3;-3.2;Notte/Nessun fenomeno;-3.6;;;;;0.0;0.0;;
22/11/2020 01:30:00;22/11/2020;01:30:00;0.0;22.5;1032.4;0.0;0.0;-3.2;0.9;;;0.0;-4.6;;;;;;10.9;1335.3;;;;-5.2;-6.3;-3.2;Notte/Nessun fenomeno;-3.6;;;;;0.0;0.0;;
22/11/2020 01:35:00;22/11/2020;01:35:00;0.0;22.5;1032.5;0.0;0.0;-3.3;0.9;;;0.0;-4.7;;;;;;10.9;1335.3;;;;-5.3;-6.5;-3.3;Notte/Nessun fenomeno;-3.7;;;;;0.0;0.0;;
22/11/2020 01:40:00;22/11/2020;01:40:00;0.0;22.5;1032.4;0.0;0.0;-3.3;0.9;;;0.0;-4.7;;;;;;10.9;1335.3;;;;-5.3;-6.5;-3.3;Notte/Nessun fenomeno;-3.7;;;;;0.0;0.0;;
22/11/2020 01:45:00;22/11/2020;01:45:00;0.0;22.5;1032.3;0.0;0.0;-3.3;0.9;;;0.0;-4.7;;;;;;10.9;1335.3;;;;-5.3;-6.5;-3.3;Notte/Nessun fenomeno;-3.7;;;;;0.0;0.0;;
22/11/2020 01:50:00;22/11/2020;01:50:00;0.0;22.5;1032.4;0.0;0.0;-3.2;0.9;;;0.0;-4.6;;;;;;10.9;1335.3;;;;-5.2;-6.3;-3.2;Notte/Nessun fenomeno;-3.6;;;;;0.0;0.0;;
22/11/2020 01:55:00;22/11/2020;01:55:00;0.0;0;1032.3;0.0;0.0;-3.1;0.9;;;0.0;-4.5;;;;;;10.9;1335.3;;;;-5.0;-6.2;-3.1;Notte/Nessun fenomeno;-3.6;;;;;0.0;0.0;;
22/11/2020 02:05:00;22/11/2020;02:05:00;0.0;315;1032.2;0.0;0.0;-3.2;0.9;;;0.0;-4.6;;;;;;10.9;1335.3;;;;-5.2;-6.3;-3.2;Notte/Nessun fenomeno;-3.6;;;;;0.0;0.0;;
22/11/2020 02:10:00;22/11/2020;02:10:00;0.0;315;1032.3;0.0;0.0;-3.3;0.9;;;0.0;-4.7;;;;;;10.9;1335.3;;;;-5.3;-6.5;-3.3;Notte/Nessun fenomeno;-3.7;;;;;0.0;0.0;;
22/11/2020 02:15:00;22/11/2020;02:15:00;0.0;337.5;1032.3;0.0;0.0;-3.5;0.9;;;0.0;-4.9;;;;;;10.9;1335.3;;;;-5.5;-6.7;-3.5;Notte/Nessun fenomeno;-3.9;;;;;0.0;0.0;;
22/11/2020 02:20:00;22/11/2020;02:20:00;0.0;22.5;1032.2;0.0;0.0;-3.6;0.9;;;0.0;-5.0;;;;;;10.9;1335.3;;;;-5.6;-6.8;-3.6;Notte/Nessun fenomeno;-4.0;;;;;0.0;0.0;;
22/11/2020 02:25:00;22/11/2020;02:25:00;0.0;22.5;1032.3;0.0;0.0;-3.6;0.9;;;0.0;-5.0;;;;;;10.9;1335.3;;;;-5.6;-6.8;-3.6;Notte/Nessun fenomeno;-4.0;;;;;0.0;0.0;;
22/11/2020 02:35:00;22/11/2020;02:35:00;0.0;22.5;1032.3;0.0;0.0;-3.6;0.91;;;0.0;-4.9;;;;;;10.9;1335.3;;;;-5.6;-6.8;-3.6;Notte/Nessun fenomeno;-4.0;;;;;0.0;0.0;;
22/11/2020 02:40:00;22/11/2020;02:40:00;0.0;22.5;1032.1;0.0;0.0;-3.4;0.91;;;0.0;-4.7;;;;;;10.9;1335.3;;;;-5.4;-6.5;-3.4;Notte/Nessun fenomeno;-3.8;;;;;0.0;0.0;;
22/11/2020 02:45:00;22/11/2020;02:45:00;0.0;270;1032.3;0.0;0.0;-3.3;0.91;;;0.0;-4.6;;;;;;10.9;1335.3;;;;-5.3;-6.4;-3.3;Notte/Nessun fenomeno;-3.7;;;;;0.0;0.0;;
22/11/2020 02:50:00;22/11/2020;02:50:00;0.0;270;1032.2;0.0;0.0;-3.3;0.91;;;0.0;-4.6;;;;;;10.9;1335.3;;;;-5.3;-6.4;-3.3;Notte/Nessun fenomeno;-3.7;;;;;0.0;0.0;;
22/11/2020 02:55:00;22/11/2020;02:55:00;0.0;270;1032.1;0.0;0.0;-3.3;0.91;;;0.0;-4.6;;;;;;10.9;1335.3;;;;-5.3;-6.4;-3.3;Notte/Nessun fenomeno;-3.7;;;;;0.0;0.0;;
22/11/2020 03:00:00;22/11/2020;03:00:00;0.0;270;1032.0;0.0;0.0;-3.3;0.91;;;0.0;-4.6;;;;;;10.9;1335.3;;;;-5.3;-6.4;-3.3;Notte/Nessun fenomeno;-3.7;;;;;0.0;0.0;;
22/11/2020 03:10:00;22/11/2020;03:10:00;0.0;0;1032.0;0.0;0.0;-3.4;0.91;;;0.0;-4.7;;;;;;10.9;1335.3;;;;-5.4;-6.5;-3.4;Notte/Nessun fenomeno;-3.8;;;;;0.0;0.0;;
22/11/2020 03:15:00;22/11/2020;03:15:00;0.0;0;1032.0;0.0;0.0;-3.4;0.91;;;0.0;-4.7;;;;;;10.9;1335.3;;;;-5.4;-6.5;-3.4;Notte/Nessun fenomeno;-3.8;;;;;0.0;0.0;;
22/11/2020 03:20:00;22/11/2020;03:20:00;0.0;337.5;1031.8;0.0;0.0;-3.4;0.91;;;0.0;-4.7;;;;;;10.9;1335.3;;;;-5.4;-6.5;-3.4;Notte/Nessun fenomeno;-3.8;;;;;0.0;0.0;;
22/11/2020 03:25:00;22/11/2020;03:25:00;0.0;337.5;1031.7;0.0;0.0;-3.4;0.91;;;0.0;-4.7;;;;;;10.9;1335.3;;;;-5.4;-6.5;-3.4;Notte/Nessun fenomeno;-3.8;;;;;0.0;0.0;;
22/11/2020 03:35:00;22/11/2020;03:35:00;0.0;337.5;1031.7;0.0;0.0;-3.2;0.91;;;0.0;-4.5;;;;;;10.9;1335.3;;;;-5.1;-6.3;-3.2;Notte/Nessun fenomeno;-3.6;;;;;0.0;0.0;;
22/11/2020 03:40:00;22/11/2020;03:40:00;0.0;337.5;1031.7;0.0;0.0;-3.2;0.91;;;0.0;-4.5;;;;;;10.9;1335.3;;;;-5.1;-6.3;-3.2;Notte/Nessun fenomeno;-3.6;;;;;0.0;0.0;;
22/11/2020 03:45:00;22/11/2020;03:45:00;0.0;337.5;1031.7;0.0;0.0;-3.1;0.91;;;0.0;-4.4;;;;;;10.9;1335.3;;;;-5.0;-6.2;-3.1;Notte/Nessun fenomeno;-3.5;;;;;0.0;0.0;;
22/11/2020 03:50:00;22/11/2020;03:50:00;0.0;337.5;1031.7;0.0;0.0;-3.2;0.91;;;0.0;-4.5;;;;;;10.9;1335.3;;;;-5.1;-6.3;-3.2;Notte/Nessun fenomeno;-3.6;;;;;0.0;0.0;;
22/11/2020 03:55:00;22/11/2020;03:55:00;0.0;0;1031.7;0.0;0.0;-3.3;0.91;;;0.0;-4.6;;;;;;10.9;1335.3;;;;-5.3;-6.4;-3.3;Notte/Nessun fenomeno;-3.7;;;;;0.0;0.0;;
22/11/2020 04:00:00;22/11/2020;04:00:00;0.0;0;1031.7;0.0;0.0;-3.4;0.91;;;0.0;-4.7;;;;;;10.9;1335.3;;;;-5.4;-6.5;-3.4;Notte/Nessun fenomeno;-3.8;;;;;0.0;0.0;;
22/11/2020 04:10:00;22/11/2020;04:10:00;0.0;0;1031.6;0.0;0.0;-3.6;0.91;;;0.0;-4.9;;;;;;10.9;1335.3;;;;-5.6;-6.8;-3.6;Notte/Nessun fenomeno;-4.0;;;;;0.0;0.0;;
22/11/2020 04:15:00;22/11/2020;04:15:00;0.0;0;1031.7;0.0;0.0;-3.7;0.91;;;0.0;-5.0;;;;;;10.9;1335.3;;;;-5.7;-6.9;-3.7;Notte/Nessun fenomeno;-4.1;;;;;0.0;0.0;;
22/11/2020 04:20:00;22/11/2020;04:20:00;0.0;0;1031.7;0.0;0.0;-3.7;0.91;;;0.0;-5.0;;;;;;10.9;1335.3;;;;-5.7;-6.9;-3.7;Notte/Nessun fenomeno;-4.1;;;;;0.0;0.0;;
22/11/2020 04:25:00;22/11/2020;04:25:00;0.0;337.5;1031.6;0.0;0.0;-3.7;0.91;;;0.0;-5.0;;;;;;10.9;1335.3;;;;-5.7;-6.9;-3.7;Notte/Nessun fenomeno;-4.1;;;;;0.0;0.0;;
22/11/2020 04:35:00;22/11/2020;04:35:00;0.0;0;1031.5;0.0;0.0;-3.8;0.91;;;0.0;-5.1;;;;;;10.9;1335.3;;;;-5.8;-7.0;-3.8;Notte/Nessun fenomeno;-4.2;;;;;0.0;0.0;;
22/11/2020 04:40:00;22/11/2020;04:40:00;0.0;22.5;1031.5;0.0;0.0;-3.8;0.91;;;0.0;-5.1;;;;;;10.9;1335.3;;;;-5.8;-7.0;-3.8;Notte/Nessun fenomeno;-4.2;;;;;0.0;0.0;;
22/11/2020 04:45:00;22/11/2020;04:45:00;0.0;22.5;1031.6;0.0;0.0;-3.8;0.91;;;0.0;-5.1;;;;;;10.9;1335.3;;;;-5.8;-7.0;-3.8;Notte/Nessun fenomeno;-4.2;;;;;0.0;0.0;;
22/11/2020 04:50:00;22/11/2020;04:50:00;0.0;22.5;1031.5;0.0;0.0;-3.8;0.91;;;0.0;-5.1;;;;;;10.9;1335.3;;;;-5.8;-7.0;-3.8;Notte/Nessun fenomeno;-4.2;;;;;0.0;0.0;;
22/11/2020 04:55:00;22/11/2020;04:55:00;0.0;22.5;1031.6;0.0;0.0;-3.8;0.91;;;0.0;-5.1;;;;;;10.9;1335.3;;;;-5.8;-7.0;-3.8;Notte/Nessun fenomeno;-4.2;;;;;0.0;0.0;;
22/11/2020 05:00:00;22/11/2020;05:00:00;0.0;22.5;1031.7;0.0;0.0;-3.8;0.91;;;0.0;-5.1;;;;;;10.9;1335.3;;;;-5.8;-7.0;-3.8;Notte/Nessun fenomeno;-4.2;;;;;0.0;0.0;;
22/11/2020 05:05:00;22/11/2020;05:05:00;0.0;22.5;1031.7;0.0;0.0;-3.8;0.91;;;0.0;-5.1;;;;;;10.9;1335.3;;;;-5.8;-7.0;-3.8;Notte/Nessun fenomeno;-4.2;;;;;0.0;0.0;;
22/11/2020 05:10:00;22/11/2020;05:10:00;0.0;22.5;1031.7;0.0;0.0;-3.9;0.91;;;0.0;-5.2;;;;;;10.9;1335.3;;;;-5.9;-7.1;-3.9;Notte/Nessun fenomeno;-4.3;;;;;0.0;0.0;;
22/11/2020 05:15:00;22/11/2020;05:15:00;0.0;22.5;1031.7;0.0;0.0;-3.9;0.91;;;0.0;-5.2;;;;;;10.9;1335.3;;;;-5.9;-7.1;-3.9;Notte/Nessun fenomeno;-4.3;;;;;0.0;0.0;;
22/11/2020 05:20:00;22/11/2020;05:20:00;0.0;22.5;1031.7;0.0;0.0;-3.9;0.91;;;0.0;-5.2;;;;;;10.9;1335.3;;;;-5.9;-7.1;-3.9;Notte/Nessun fenomeno;-4.3;;;;;0.0;0.0;;
22/11/2020 05:30:00;22/11/2020;05:30:00;0.0;22.5;1031.8;0.0;0.0;-3.9;0.91;;;0.0;-5.2;;;;;;10.9;1335.3;;;;-5.9;-7.1;-3.9;Notte/Nessun fenomeno;-4.3;;;;;0.0;0.0;;
22/11/2020 05:35:00;22/11/2020;05:35:00;0.0;22.5;1031.7;0.0;0.0;-3.9;0.91;;;0.0;-5.2;;;;;;10.9;1335.3;;;;-5.9;-7.1;-3.9;Notte/Nessun fenomeno;-4.3;;;;;0.0;0.0;;
22/11/2020 05:40:00;22/11/2020;05:40:00;0.0;0;1031.7;0.0;0.0;-3.9;0.91;;;0.0;-5.2;;;;;;10.9;1335.3;;;;-5.9;-7.1;-3.9;Notte/Nessun fenomeno;-4.3;;;;;0.0;0.0;;
22/11/2020 05:45:00;22/11/2020;05:45:00;0.0;292.5;1031.7;0.0;0.0;-4.1;0.91;;;0.0;-5.4;;;;;;10.9;1335.3;;;;-6.1;-7.4;-4.1;Notte/Nessun fenomeno;-4.5;;;;;0.0;0.0;;
22/11/2020 05:55:00;22/11/2020;05:55:00;0.0;292.5;1031.8;0.0;0.0;-4.2;0.92;;;0.0;-5.3;;;;;;10.9;1335.3;;;;-6.2;-7.5;-4.2;Notte/Nessun fenomeno;-4.5;;;;;0.0;0.0;;
22/11/2020 06:00:00;22/11/2020;06:00:00;0.0;292.5;1031.8;0.0;0.0;-4.2;0.92;;;0.0;-5.3;;;;;;10.9;1335.3;;;;-6.2;-7.5;-4.2;Notte/Nessun fenomeno;-4.5;;;;;0.0;0.0;;
22/11/2020 06:05:00;22/11/2020;06:05:00;0.0;292.5;1031.9;0.0;0.0;-4.2;0.92;;;0.0;-5.3;;;;;;10.9;1335.3;;;;-6.2;-7.5;-4.2;Notte/Nessun fenomeno;-4.5;;;;;0.0;0.0;;
22/11/2020 06:10:00;22/11/2020;06:10:00;0.0;0;1032.0;0.0;0.0;-4.1;0.92;;;0.0;-5.2;;;;;;10.9;1335.3;;;;-6.1;-7.3;-4.1;Notte/Nessun fenomeno;-4.4;;;;;0.0;0.0;;
22/11/2020 06:20:00;22/11/2020;06:20:00;0.0;22.5;1032.0;0.0;0.0;-4.4;0.92;;;0.0;-5.5;;;;;;10.9;1335.3;;;;-6.5;-7.7;-4.4;Notte/Nessun fenomeno;-4.7;;;;;0.0;0.0;;
22/11/2020 06:25:00;22/11/2020;06:25:00;0.0;22.5;1032.0;0.0;0.0;-4.4;0.92;;;0.0;-5.5;;;;;;10.9;1335.3;;;;-6.5;-7.7;-4.4;Notte/Nessun fenomeno;-4.7;;;;;0.0;0.0;;
22/11/2020 06:30:00;22/11/2020;06:30:00;0.0;22.5;1031.9;0.0;0.0;-4.4;0.92;;;0.0;-5.5;;;;;;10.9;1335.3;;;;-6.5;-7.7;-4.4;Notte/Nessun fenomeno;-4.7;;;;;0.0;0.0;;
22/11/2020 06:35:00;22/11/2020;06:35:00;0.0;22.5;1031.9;0.0;0.0;-4.5;0.92;;;0.0;-5.6;;;;;;10.9;1335.3;;;;-6.6;-7.8;-4.5;Notte/Nessun fenomeno;-4.8;;;;;0.0;0.0;;
22/11/2020 06:40:00;22/11/2020;06:40:00;0.0;22.5;1032.0;0.0;0.0;-4.4;0.92;;;0.0;-5.5;;;;;;10.9;1335.3;;;;-6.5;-7.7;-4.4;Notte/Nessun fenomeno;-4.7;;;;;0.0;0.0;;
22/11/2020 06:50:00;22/11/2020;06:50:00;0.0;22.5;1032.0;0.0;0.0;-4.5;0.92;;;0.0;-5.6;;;;;;10.9;1335.3;;;;-6.6;-7.8;-4.5;Notte/Nessun fenomeno;-4.8;;;;;0.0;0.0;;
22/11/2020 06:55:00;22/11/2020;06:55:00;0.0;22.5;1031.9;0.0;0.0;-4.5;0.92;;;0.0;-5.6;;;;;;10.9;1335.3;;;;-6.6;-7.8;-4.5;Notte/Nessun fenomeno;-4.8;;;;;0.0;0.0;;
22/11/2020 07:05:00;22/11/2020;07:05:00;0.0;22.5;1032.1;0.0;0.0;-4.4;0.92;;;0.0;-5.5;;;;;;10.9;1335.3;;;;-6.5;-7.7;-4.4;Notte/Nessun fenomeno;-4.7;;;;;0.0;0.0;;
22/11/2020 07:10:00;22/11/2020;07:10:00;0.0;22.5;1032.1;0.0;0.0;-4.4;0.92;;;0.0;-5.5;;;;;;10.9;1335.3;;;;-6.5;-7.7;-4.4;Notte/Nessun fenomeno;-4.7;;;;;0.0;0.0;;
22/11/2020 07:15:00;22/11/2020;07:15:00;0.0;22.5;1032.0;0.0;0.0;-4.3;0.92;;;0.0;-5.4;;;;;;10.9;1335.3;;;;-6.4;-7.6;-4.3;Notte/Nessun fenomeno;-4.6;;;;;0.0;0.0;;
22/11/2020 07:20:00;22/11/2020;07:20:00;0.0;22.5;1032.0;0.0;0.0;-4.2;0.92;;;0.0;-5.3;;;;;;10.9;1335.3;;;;-6.2;-7.5;-4.2;Notte/Nessun fenomeno;-4.5;;;;;0.0;0.0;;
22/11/2020 07:25:00;22/11/2020;07:25:00;0.0;22.5;1032.0;0.0;0.0;-4.2;0.92;;;0.0;-5.3;;;;;;10.9;1335.3;;;;-6.2;-7.5;-4.2;Notte/Nessun fenomeno;-4.5;;;;;0.0;0.0;;
22/11/2020 07:30:00;22/11/2020;07:30:00;0.0;112.5;1032.1;0.0;0.0;-4.2;0.92;;;0.0;-5.3;;;;;;10.9;1335.3;;;;-6.2;-7.5;-4.2;Notte/Nessun fenomeno;-4.5;;;;;0.0;0.0;;
22/11/2020 07:35:00;22/11/2020;07:35:00;0.0;112.5;1032.1;0.0;0.0;-4.2;0.92;;;0.0;-5.3;;;;;;10.9;1335.3;;;;-6.2;-7.5;-4.2;Notte/Nessun fenomeno;-4.5;;;;;0.0;0.0;;
22/11/2020 07:40:00;22/11/2020;07:40:00;0.0;135;1032.1;0.0;0.0;-4.2;0.92;;;0.0;-5.3;;;;;;10.9;1335.3;;;;-6.2;-7.5;-4.2;Notte/Nessun fenomeno;-4.5;;;;;0.0;0.0;;
22/11/2020 07:50:00;22/11/2020;07:50:00;0.0;135;1032.3;0.0;0.0;-4.3;0.92;;;0.0;-5.4;;;;;;10.9;1335.3;;;;-6.4;-7.6;-4.3;Notte/Nessun fenomeno;-4.6;;;;;0.0;0.0;;
22/11/2020 07:55:00;22/11/2020;07:55:00;0.0;67.5;1032.4;0.0;0.0;-4.2;0.92;;;0.0;-5.3;;;;;;10.9;1335.3;;;;-6.2;-7.5;-4.2;Notte/Nessun fenomeno;-4.5;;;;;0.0;0.0;;
22/11/2020 08:00:00;22/11/2020;08:00:00;0.0;0;1032.4;0.0;0.0;-4.2;0.92;;;0.0;-5.3;;;;;;10.9;1335.3;;;;-6.2;-7.5;-4.2;Nessun fenomeno;-4.5;;;;;0.0;0.0;;
22/11/2020 08:10:00;22/11/2020;08:10:00;0.0;270;1032.4;0.0;0.0;-4.1;0.92;;;0.0;-5.2;;;;;;10.9;1335.3;;;;-6.1;-7.3;-4.1;Nessun fenomeno;-4.4;;;;;0.0;0.0;;
22/11/2020 08:15:00;22/11/2020;08:15:00;0.0;270;1032.3;0.0;0.0;-3.9;0.92;;;0.0;-5.0;;;;;;10.9;1335.3;;;;-5.9;-7.1;-3.9;Nessun fenomeno;-4.2;;;;;0.0;0.0;;
22/11/2020 08:20:00;22/11/2020;08:20:00;0.0;270;1032.3;0.0;0.0;-3.8;0.92;;;0.0;-4.9;;;;;;10.9;1335.3;;;;-5.8;-7.0;-3.8;Nessun fenomeno;-4.1;;;;;0.0;0.0;;
22/11/2020 08:25:00;22/11/2020;08:25:00;0.0;270;1032.3;0.0;0.0;-3.6;0.92;;;0.0;-4.7;;;;;;10.9;1335.3;;;;-5.6;-6.8;-3.6;Nessun fenomeno;-4.0;;;;;0.0;0.0;;
22/11/2020 08:30:00;22/11/2020;08:30:00;0.0;315;1032.3;0.0;0.0;-3.6;0.92;;;0.0;-4.7;;;;;;10.9;1335.3;;;;-5.6;-6.8;-3.6;Nessun fenomeno;-4.0;;;;;0.0;0.0;;
22/11/2020 08:40:00;22/11/2020;08:40:00;0.0;315;1032.5;0.0;0.0;-3.6;0.92;;;0.0;-4.7;;;;;;10.9;1335.3;;;;-5.6;-6.8;-3.6;Nessun fenomeno;-4.0;;;;;0.0;0.0;;
22/11/2020 08:45:00;22/11/2020;08:45:00;0.0;315;1032.6;0.0;0.0;-3.5;0.92;;;0.0;-4.6;;;;;;10.9;1335.3;;;;-5.5;-6.6;-3.5;Nessun fenomeno;-3.9;;;;;0.0;0.0;;
22/11/2020 08:50:00;22/11/2020;08:50:00;0.0;315;1032.6;0.0;0.0;-3.4;0.92;;;0.0;-4.5;;;;;;10.9;1335.3;;;;-5.4;-6.5;-3.4;Nessun fenomeno;-3.8;;;;;0.0;0.0;;
22/11/2020 08:55:00;22/11/2020;08:55:00;0.0;270;1032.6;0.0;0.0;-3.4;0.92;;;0.0;-4.5;;;;;;10.9;1335.3;;;;-5.4;-6.5;-3.4;Nessun fenomeno;-3.8;;;;;0.0;0.0;;
22/11/2020 09:05:00;22/11/2020;09:05:00;0.0;0;1032.4;0.0;0.0;-3.1;0.92;;;0.0;-4.2;;;;;;10.9;1335.3;;;;-5.0;-6.2;-3.1;Nessun fenomeno;-3.5;;;;;0.0;0.0;;
22/11/2020 09:10:00;22/11/2020;09:10:00;0.0;0;1032.4;0.0;0.0;-2.9;0.92;;;0.0;-4.0;;;;;;10.9;1335.3;;;;-4.8;-5.9;-2.9;Nessun fenomeno;-3.3;;;;;0.0;0.0;;
22/11/2020 09:15:00;22/11/2020;09:15:00;0.0;22.5;1032.5;0.0;0.0;-2.6;0.92;;;0.0;-3.7;;;;;;10.9;1335.3;;;;-4.5;-5.6;-2.6;Nessun fenomeno;-3.0;;;;;0.0;0.0;;
22/11/2020 09:20:00;22/11/2020;09:20:00;0.0;270;1032.5;0.0;0.0;-2.4;0.93;;;0.0;-3.4;;;;;;10.9;1335.3;;;;-4.2;-5.3;-2.4;Nessun fenomeno;-2.7;;;;;0.0;0.0;;
22/11/2020 09:30:00;22/11/2020;09:30:00;0.0;22.5;1032.6;0.0;0.0;-1.8;0.93;;;0.0;-2.8;;;;;;10.9;1335.3;;;;-3.6;-4.6;-1.8;Nessun fenomeno;-2.1;;;;;0.0;0.0;;
22/11/2020 09:35:00;22/11/2020;09:35:00;0.0;22.5;1032.4;0.0;0.0;-1.4;0.93;;;0.0;-2.4;;;;;;10.9;1335.3;;;;-3.1;-4.1;-1.4;Nessun fenomeno;-1.7;;;;;0.0;0.0;;
22/11/2020 09:40:00;22/11/2020;09:40:00;0.0;22.5;1032.3;0.0;0.0;-1.0;0.92;;;0.0;-2.1;;;;;;10.9;1335.3;;;;-2.7;-3.7;-1.0;Nessun fenomeno;-1.4;;;;;0.0;0.0;;
22/11/2020 09:45:00;22/11/2020;09:45:00;0.0;0;1032.3;0.0;0.0;-0.9;0.91;;;0.0;-2.2;;;;;;10.9;1335.3;;;;-2.6;-3.6;-0.9;Nessun fenomeno;-1.4;;;;;0.0;0.0;;
22/11/2020 10:00:00;22/11/2020;10:00:00;0.0;22.5;1032.3;0.0;0.0;-0.1;0.89;;;0.0;-1.7;;;;;;10.9;1335.3;;;;-1.7;-2.7;-0.1;Nessun fenomeno;-0.7;;;;;0.0;0.0;;
22/11/2020 10:05:00;22/11/2020;10:05:00;0.0;247.5;1032.3;0.0;0.0;0.4;0.89;;;0.0;-1.2;;;;;;10.9;1335.3;;;;-1.2;-2.0;0.4;Nessun fenomeno;-0.2;;;;;0.0;0.0;;
22/11/2020 10:15:00;22/11/2020;10:15:00;0.0;270;1032.3;0.0;0.0;0.6;0.87;;;0.0;-1.3;;;;;;10.9;1335.3;;;;-1.0;-1.9;0.6;Nessun fenomeno;-0.1;;;;;0.0;0.0;;
22/11/2020 10:20:00;22/11/2020;10:20:00;0.0;202.5;1032.3;0.0;0.0;0.5;0.87;;;0.0;-1.4;;;;;;10.9;1335.3;;;;-1.1;-2.0;0.5;Nessun fenomeno;-0.2;;;;;0.0;0.0;;
22/11/2020 10:30:00;22/11/2020;10:30:00;0.0;22.5;1032.3;0.0;0.0;0.9;0.86;;;0.0;-1.2;;;;;;10.9;1335.3;;;;-0.6;-1.5;0.9;Nessun fenomeno;0.2;;;;;0.0;0.0;;
22/11/2020 10:35:00;22/11/2020;10:35:00;0.0;22.5;1032.2;0.0;0.0;1.2;0.85;;;0.0;-1.0;;;;;;10.9;1335.3;;;;-0.3;-1.2;1.2;Nessun fenomeno;0.4;;;;;0.0;0.0;;
22/11/2020 10:40:00;22/11/2020;10:40:00;0.0;90;1032.3;0.0;0.0;1.4;0.84;;;0.0;-1.0;;;;;;10.9;1335.3;;;;-0.1;-1.0;1.4;Nessun fenomeno;0.5;;;;;0.0;0.0;;
22/11/2020 10:45:00;22/11/2020;10:45:00;0.0;0;1032.3;0.0;0.0;1.8;0.84;;;0.0;-0.6;;;;;;10.9;1335.3;;;;0.3;-0.5;1.8;Nessun fenomeno;0.9;;;;;0.0;0.0;;
22/11/2020 10:55:00;22/11/2020;10:55:00;0.0;270;1032.0;0.0;0.0;2.8;0.84;;;0.0;0.4;;;;;;10.9;1335.3;;;;1.5;0.7;2.8;Nessun fenomeno;1.9;;;;;0.1;0.0;;
22/11/2020 11:00:00;22/11/2020;11:00:00;0.0;225;1032.0;0.0;0.0;2.6;0.81;;;0.0;-0.3;;;;;;10.9;1335.3;;;;1.2;0.4;2.6;Nessun fenomeno;1.5;;;;;0.0;0.0;;
22/11/2020 11:05:00;22/11/2020;11:05:00;0.0;22.5;1031.8;0.0;0.0;3.0;0.8;;;0.0;-0.1;;;;;;10.9;1335.3;;;;1.6;0.8;3.0;Nessun fenomeno;1.8;;;;;0.0;0.0;;
22/11/2020 11:10:00;22/11/2020;11:10:00;0.0;337.5;1031.8;0.0;0.0;3.1;0.81;;;0.0;0.2;;;;;;10.9;1335.3;;;;1.8;1.0;3.1;Nessun fenomeno;2.0;;;;;0.0;0.0;;
22/11/2020 11:20:00;22/11/2020;11:20:00;1.9006479481641467;247.5;1031.8;0.0;0.0;3.3;0.77;;;2.300215982721382;-0.3;;;;;;10.9;1335.3;;;;1.9;1.1;3.3;Nessun fenomeno;2.0;;;;;1.7;0.0;;
22/11/2020 11:25:00;22/11/2020;11:25:00;0.0;225;1031.6;0.0;0.0;3.9;0.79;;;0.0;0.6;;;;;;10.9;1335.3;;;;2.5;1.9;3.9;Nessun fenomeno;2.6;;;;;1.3;0.0;;
22/11/2020 11:30:00;22/11/2020;11:30:00;0.0;180;1031.4;0.0;0.0;4.4;0.77;;;0.0;0.7;;;;;;10.9;1335.3;;;;3.2;2.4;4.4;Nessun fenomeno;3.0;;;;;0.3;0.0;;
22/11/2020 11:40:00;22/11/2020;11:40:00;0.0;270;1031.3;0.0;0.0;4.6;0.72;;;0.0;-0.0;;;;;;10.9;1335.3;;;;3.3;2.4;4.6;Nessun fenomeno;2.9;;;;;0.0;0.0;;
22/11/2020 11:45:00;22/11/2020;11:45:00;0.0;45;1031.3;0.0;0.0;4.6;0.7;;;0.0;-0.4;;;;;;10.9;1335.3;;;;3.3;2.3;4.6;Nessun fenomeno;2.7;;;;;0.1;0.0;;
22/11/2020 11:55:00;22/11/2020;11:55:00;0.0;225;1031.2;0.0;0.0;4.8;0.7;;;0.0;-0.2;;;;;;10.9;1335.3;;;;3.5;2.6;4.8;Nessun fenomeno;2.9;;;;;0.3;0.0;;
22/11/2020 12:05:00;22/11/2020;12:05:00;0.0;225;1031.1;0.0;0.0;5.0;0.69;;;0.0;-0.2;;;;;;10.9;1335.3;;;;3.7;2.8;5.0;Nessun fenomeno;3.0;;;;;0.1;0.0;;
22/11/2020 12:10:00;22/11/2020;12:10:00;0.0;225;1030.9;0.0;0.0;5.4;0.67;;;0.0;-0.2;;;;;;10.9;1335.3;;;;4.1;3.2;5.4;Nessun fenomeno;3.3;;;;;0.3;0.0;;
22/11/2020 12:15:00;22/11/2020;12:15:00;0.0;225;1030.7;0.0;0.0;5.6;0.66;;;0.0;-0.3;;;;;;10.9;1335.3;;;;4.3;3.4;5.6;Nessun fenomeno;3.4;;;;;0.4;0.0;;
22/11/2020 12:25:00;22/11/2020;12:25:00;0.0;247.5;1030.6;0.0;0.0;5.9;0.62;;;1.7008639308855291;-0.8;;;;;;10.9;1335.3;;;;4.6;3.5;5.9;Nessun fenomeno;3.4;;;;;0.2;0.0;;
22/11/2020 12:30:00;22/11/2020;12:30:00;0.0;135;1030.6;0.0;0.0;5.9;0.63;;;0.0;-0.6;;;;;;10.9;1335.3;;;;4.6;3.6;5.9;Nessun fenomeno;3.4;;;;;0.3;0.0;;
22/11/2020 12:40:00;22/11/2020;12:40:00;0.0;225;1030.2;0.0;0.0;6.5;0.62;;;0.0;-0.3;;;;;;10.9;1335.3;;;;5.3;4.3;6.5;Nessun fenomeno;3.9;;;;;0.0;0.0;;
22/11/2020 12:45:00;22/11/2020;12:45:00;0.9989200863930886;225;1030.2;0.0;0.0;6.2;0.61;;;1.398488120950324;-0.8;;;;;;10.9;1335.3;;;;4.8;3.9;6.2;Nessun fenomeno;3.6;;;;;0.4;0.0;;
22/11/2020 12:50:00;22/11/2020;12:50:00;0.0;247.5;1030.1;0.0;0.0;6.5;0.61;;;0.0;-0.5;;;;;;10.9;1335.3;;;;5.2;4.2;6.5;Nessun fenomeno;3.8;;;;;0.4;0.0;;
22/11/2020 13:00:00;22/11/2020;13:00:00;0.3023758099352052;247.5;1030.0;0.0;0.0;6.4;0.61;;;0.9989200863930886;-0.6;;;;;;10.9;1335.3;;;;5.0;4.1;6.4;Nessun fenomeno;3.7;;;;;1.1;0.0;;
22/11/2020 13:10:00;22/11/2020;13:10:00;0.0;270;1029.7;0.0;0.0;6.9;0.6;;;1.5982721382289415;-0.3;;;;;;10.9;1335.3;;;;5.6;4.7;6.9;Nessun fenomeno;4.1;;;;;0.5;0.0;;
22/11/2020 13:15:00;22/11/2020;13:15:00;0.5993520518358532;247.5;1029.6;0.0;0.0;6.7;0.61;;;1.5982721382289415;-0.3;;;;;;10.9;1335.3;;;;4.8;4.5;6.6;Nessun fenomeno;4.0;;;;;1.6;0.0;;
22/11/2020 13:20:00;22/11/2020;13:20:00;1.9978401727861772;247.5;1029.7;0.0;0.0;6.1;0.6;;;2.5;-1.1;;;;;;10.9;1335.3;;;;4.5;3.7;6.1;Nessun fenomeno;3.4;;;;;3.1;0.0;;
22/11/2020 13:30:00;22/11/2020;13:30:00;1.7008639308855291;247.5;1029.5;0.0;0.0;6.8;0.6;;;1.9006479481641467;-0.4;;;;;;10.9;1335.3;;;;5.3;4.5;6.8;Nessun fenomeno;4.0;;;;;1.8;0.0;;
22/11/2020 13:35:00;22/11/2020;13:35:00;0.5021598272138229;247.5;1029.4;0.0;0.0;6.9;0.61;;;1.398488120950324;-0.1;;;;;;10.9;1335.3;;;;5.7;4.7;6.9;Nessun fenomeno;4.2;;;;;1.6;0.0;;
22/11/2020 13:40:00;22/11/2020;13:40:00;0.5993520518358532;247.5;1029.3;0.0;0.0;6.5;0.6;;;2.1004319654427643;-0.7;;;;;;10.9;1335.3;;;;4.6;4.2;6.4;Nessun fenomeno;3.8;;;;;2.3;0.0;;
22/11/2020 13:50:00;22/11/2020;13:50:00;1.9006479481641467;270;1029.0;0.0;0.0;4.7;0.67;;;1.9006479481641467;-0.9;;;;;;10.9;1335.3;;;;3.3;2.3;4.7;Nessun fenomeno;2.6;;;;;2.8;0.0;;
22/11/2020 13:55:00;22/11/2020;13:55:00;0.10259179265658747;225;1028.9;0.0;0.0;4.0;0.69;;;0.0;-1.2;;;;;;10.9;1335.3;;;;2.6;1.6;4.0;Nessun fenomeno;2.1;;;;;1.1;0.0;;
22/11/2020 14:05:00;22/11/2020;14:05:00;0.0;247.5;1028.7;0.0;0.0;3.9;0.72;;;0.0;-0.7;;;;;;10.9;1335.3;;;;2.5;1.6;3.9;Nessun fenomeno;2.2;;;;;0.0;0.0;;
22/11/2020 14:10:00;22/11/2020;14:10:00;0.0;202.5;1028.5;0.0;0.0;3.8;0.73;;;0.0;-0.6;;;;;;10.9;1335.3;;;;2.4;1.5;3.8;Nessun fenomeno;2.2;;;;;0.0;0.0;;
22/11/2020 14:20:00;22/11/2020;14:20:00;0.0;247.5;1028.4;0.0;0.0;3.6;0.74;;;0.0;-0.6;;;;;;10.9;1335.3;;;;2.2;1.3;3.6;Nessun fenomeno;2.1;;;;;0.0;0.0;;
22/11/2020 14:25:00;22/11/2020;14:25:00;0.10259179265658747;247.5;1028.4;0.0;0.0;3.6;0.74;;;1.1987041036717063;-0.6;;;;;;10.9;1335.3;;;;2.2;1.3;3.6;Nessun fenomeno;2.1;;;;;0.2;0.0;;
22/11/2020 14:35:00;22/11/2020;14:35:00;0.0;225;1028.4;0.0;0.0;3.5;0.75;;;0.0;-0.5;;;;;;10.9;1335.3;;;;2.1;1.2;3.5;Nessun fenomeno;2.0;;;;;0.0;0.0;;
22/11/2020 14:40:00;22/11/2020;14:40:00;0.0;225;1028.3;0.0;0.0;3.3;0.76;;;0.0;-0.5;;;;;;10.9;1335.3;;;;1.9;1.0;3.3;Nessun fenomeno;1.9;;;;;0.0;0.0;;
22/11/2020 14:50:00;22/11/2020;14:50:00;0.0;270;1028.1;0.0;0.0;3.4;0.77;;;0.0;-0.3;;;;;;10.9;1335.3;;;;2.0;1.2;3.4;Nessun fenomeno;2.0;;;;;0.0;0.0;;
22/11/2020 15:00:00;22/11/2020;15:00:00;0.0;180;1028.0;0.0;0.0;3.1;0.78;;;0.0;-0.4;;;;;;10.9;1335.3;;;;1.7;0.8;3.1;Nessun fenomeno;1.8;;;;;0.0;0.0;;
22/11/2020 15:05:00;22/11/2020;15:05:00;0.0;225;1028.1;0.0;0.0;3.1;0.77;;;0.0;-0.5;;;;;;10.9;1335.3;;;;1.7;0.8;3.1;Nessun fenomeno;1.8;;;;;0.0;0.0;;
22/11/2020 15:10:00;22/11/2020;15:10:00;0.0;180;1028.1;0.0;0.0;2.9;0.78;;;0.0;-0.6;;;;;;10.9;1335.3;;;;1.5;0.6;2.9;Nessun fenomeno;1.6;;;;;0.0;0.0;;
22/11/2020 15:15:00;22/11/2020;15:15:00;0.0;180;1028.1;0.0;0.0;2.8;0.78;;;0.0;-0.7;;;;;;10.9;1335.3;;;;1.4;0.5;2.8;Nessun fenomeno;1.5;;;;;0.0;0.0;;
22/11/2020 15:25:00;22/11/2020;15:25:00;0.0;247.5;1028.0;0.0;0.0;2.6;0.79;;;0.0;-0.7;;;;;;10.9;1335.3;;;;1.2;0.3;2.6;Nessun fenomeno;1.4;;;;;0.0;0.0;;
22/11/2020 15:30:00;22/11/2020;15:30:00;0.0;337.5;1028.0;0.0;0.0;2.4;0.79;;;0.0;-0.9;;;;;;10.9;1335.3;;;;0.9;0.0;2.4;Nessun fenomeno;1.2;;;;;0.0;0.0;;
22/11/2020 15:40:00;22/11/2020;15:40:00;0.0;0;1027.9;0.0;0.0;2.0;0.82;;;0.0;-0.8;;;;;;10.9;1335.3;;;;0.5;-0.3;2.0;Nessun fenomeno;1.0;;;;;0.0;0.0;;
22/11/2020 15:50:00;22/11/2020;15:50:00;0.0;247.5;1028.1;0.0;0.0;1.9;0.83;;;0.0;-0.7;;;;;;10.9;1335.3;;;;0.4;-0.4;1.9;Nessun fenomeno;1.0;;;;;0.0;0.0;;
22/11/2020 15:55:00;22/11/2020;15:55:00;0.0;22.5;1028.0;0.0;0.0;1.8;0.84;;;0.0;-0.6;;;;;;10.9;1335.3;;;;0.3;-0.5;1.8;Nessun fenomeno;0.9;;;;;0.0;0.0;;
22/11/2020 16:00:00;22/11/2020;16:00:00;0.0;22.5;1028.1;0.0;0.0;1.6;0.84;;;0.0;-0.8;;;;;;10.9;1335.3;;;;0.1;-0.8;1.6;Nessun fenomeno;0.7;;;;;0.0;0.0;;
22/11/2020 16:10:00;22/11/2020;16:10:00;0.0;22.5;1028.1;0.0;0.0;1.4;0.85;;;0.0;-0.8;;;;;;10.9;1335.3;;;;-0.1;-1.0;1.4;Nessun fenomeno;0.6;;;;;0.0;0.0;;
22/11/2020 16:15:00;22/11/2020;16:15:00;0.0;22.5;1028.1;0.0;0.0;1.3;0.86;;;0.0;-0.8;;;;;;10.9;1335.3;;;;-0.2;-1.0;1.3;Nessun fenomeno;0.6;;;;;0.0;0.0;;
22/11/2020 16:20:00;22/11/2020;16:20:00;0.0;45;1028.1;0.0;0.0;1.1;0.86;;;0.0;-1.0;;;;;;10.9;1335.3;;;;-0.4;-1.3;1.1;Nessun fenomeno;0.4;;;;;0.0;0.0;;
22/11/2020 16:25:00;22/11/2020;16:25:00;0.0;45;1028.2;0.0;0.0;1.0;0.87;;;0.0;-0.9;;;;;;10.9;1335.3;;;;-0.5;-1.4;1.0;Nessun fenomeno;0.3;;;;;0.0;0.0;;
22/11/2020 16:25:00;22/11/2020;16:25:00;0.0;45;1028.2;0.0;0.0;1.0;0.87;;;0.0;-0.9;;;;;;10.9;1335.3;;;;-0.5;-1.4;1.0;Nessun fenomeno;0.3;;;;;0.0;0.0;;
22/11/2020 16:30:00;22/11/2020;16:30:00;0.0;45;1028.2;0.0;0.0;0.9;0.87;;;0.0;-1.0;;;;;;10.9;1335.3;;;;-0.6;-1.5;0.9;Nessun fenomeno;0.2;;;;;0.0;0.0;;
22/11/2020 16:35:00;22/11/2020;16:35:00;0.0;22.5;1028.3;0.0;0.0;0.6;0.88;;;0.0;-1.2;;;;;;10.9;1335.3;;;;-1.0;-1.8;0.6;Nessun fenomeno;-0.1;;;;;0.0;0.0;;
22/11/2020 16:40:00;22/11/2020;16:40:00;0.0;22.5;1028.3;0.0;0.0;0.6;0.88;;;0.0;-1.2;;;;;;10.9;1335.3;;;;-1.0;-1.8;0.6;Nessun fenomeno;-0.1;;;;;0.0;0.0;;
22/11/2020 16:50:00;22/11/2020;16:50:00;0.0;315;1028.2;0.0;0.0;0.4;0.89;;;0.0;-1.2;;;;;;10.9;1335.3;;;;-1.2;-2.0;0.4;Nessun fenomeno;-0.2;;;;;0.0;0.0;;
22/11/2020 16:55:00;22/11/2020;16:55:00;0.0;22.5;1028.3;0.0;0.0;0.2;0.88;;;0.0;-1.6;;;;;;10.9;1335.3;;;;-1.4;-2.3;0.2;Nessun fenomeno;-0.4;;;;;0.0;0.0;;
22/11/2020 17:00:00;22/11/2020;17:00:00;0.0;22.5;1028.4;0.0;0.0;0.2;0.88;;;0.0;-1.6;;;;;;10.9;1335.3;;;;-1.4;-2.3;0.2;Nessun fenomeno;-0.4;;;;;0.0;0.0;;
22/11/2020 17:05:00;22/11/2020;17:05:00;0.0;45;1028.4;0.0;0.0;-0.1;0.88;;;0.0;-1.8;;;;;;10.9;1335.3;;;;-1.7;-2.7;-0.1;Nessun fenomeno;-0.7;;;;;0.0;0.0;;
22/11/2020 17:10:00;22/11/2020;17:10:00;0.0;45;1028.4;0.0;0.0;-0.2;0.89;;;0.0;-1.8;;;;;;10.9;1335.3;;;;-1.8;-2.8;-0.2;Nessun fenomeno;-0.8;;;;;0.0;0.0;;
22/11/2020 17:15:00;22/11/2020;17:15:00;0.0;45;1028.4;0.0;0.0;-0.2;0.9;;;0.0;-1.6;;;;;;10.9;1335.3;;;;-1.8;-2.7;-0.2;Nessun fenomeno;-0.7;;;;;0.0;0.0;;
22/11/2020 17:20:00;22/11/2020;17:20:00;0.0;45;1028.4;0.0;0.0;-0.4;0.9;;;0.0;-1.8;;;;;;10.9;1335.3;;;;-2.0;-3.0;-0.4;Nessun fenomeno;-0.9;;;;;0.0;0.0;;
22/11/2020 17:25:00;22/11/2020;17:25:00;0.0;45;1028.4;0.0;0.0;-0.5;0.9;;;0.0;-1.9;;;;;;10.9;1335.3;;;;-2.2;-3.1;-0.5;Nessun fenomeno;-1.0;;;;;0.0;0.0;;
22/11/2020 17:35:00;22/11/2020;17:35:00;0.0;45;1028.5;0.0;0.0;-0.6;0.91;;;0.0;-1.9;;;;;;10.9;1335.3;;;;-2.3;-3.2;-0.6;Nessun fenomeno;-1.1;;;;;0.0;0.0;;
22/11/2020 17:40:00;22/11/2020;17:40:00;0.0;45;1028.4;0.0;0.0;-0.6;0.9;;;0.0;-2.0;;;;;;10.9;1335.3;;;;-2.3;-3.2;-0.6;Nessun fenomeno;-1.1;;;;;0.0;0.0;;
22/11/2020 17:45:00;22/11/2020;17:45:00;0.0;45;1028.5;0.0;0.0;-0.5;0.91;;;0.0;-1.8;;;;;;10.9;1335.3;;;;-2.1;-3.1;-0.5;Nessun fenomeno;-1.0;;;;;0.0;0.0;;
22/11/2020 17:50:00;22/11/2020;17:50:00;0.0;247.5;1028.5;0.0;0.0;-0.4;0.91;;;0.0;-1.7;;;;;;10.9;1335.3;;;;-2.0;-3.0;-0.4;Nessun fenomeno;-0.9;;;;;0.0;0.0;;
22/11/2020 17:55:00;22/11/2020;17:55:00;0.0;337.5;1028.7;0.0;0.0;-0.6;0.91;;;0.0;-1.9;;;;;;10.9;1335.3;;;;-2.3;-3.2;-0.6;Nessun fenomeno;-1.1;;;;;0.0;0.0;;
22/11/2020 18:00:00;22/11/2020;18:00:00;0.0;337.5;1028.8;0.0;0.0;-0.7;0.9;;;0.0;-2.1;;;;;;10.9;1335.3;;;;-2.4;-3.4;-0.7;Notte/Nessun fenomeno;-1.2;;;;;0.0;0.0;;
22/11/2020 18:05:00;22/11/2020;18:05:00;0.0;337.5;1028.7;0.0;0.0;-1.0;0.91;;;0.0;-2.3;;;;;;10.9;1335.3;;;;-2.7;-3.7;-1.0;Notte/Nessun fenomeno;-1.5;;;;;0.0;0.0;;
22/11/2020 18:15:00;22/11/2020;18:15:00;0.0;315;1028.8;0.0;0.0;-0.8;0.92;;;0.0;-1.9;;;;;;10.9;1335.3;;;;-2.5;-3.4;-0.8;Notte/Nessun fenomeno;-1.2;;;;;0.0;0.0;;
22/11/2020 18:20:00;22/11/2020;18:20:00;0.0;337.5;1028.8;0.0;0.0;-0.8;0.92;;;0.0;-1.9;;;;;;10.9;1335.3;;;;-2.5;-3.4;-0.8;Notte/Nessun fenomeno;-1.2;;;;;0.0;0.0;;
22/11/2020 18:25:00;22/11/2020;18:25:00;0.0;337.5;1028.8;0.0;0.0;-1.0;0.91;;;0.0;-2.3;;;;;;10.9;1335.3;;;;-2.7;-3.7;-1.0;Notte/Nessun fenomeno;-1.5;;;;;0.0;0.0;;
22/11/2020 18:30:00;22/11/2020;18:30:00;0.0;337.5;1028.8;0.0;0.0;-1.1;0.92;;;0.0;-2.2;;;;;;10.9;1335.3;;;;-2.8;-3.8;-1.1;Notte/Nessun fenomeno;-1.5;;;;;0.0;0.0;;
22/11/2020 18:35:00;22/11/2020;18:35:00;0.0;22.5;1028.9;0.0;0.0;-1.1;0.92;;;0.0;-2.2;;;;;;10.9;1335.3;;;;-2.8;-3.8;-1.1;Notte/Nessun fenomeno;-1.5;;;;;0.0;0.0;;
22/11/2020 18:40:00;22/11/2020;18:40:00;0.0;22.5;1028.8;0.0;0.0;-1.4;0.91;;;0.0;-2.7;;;;;;10.9;1335.3;;;;-3.2;-4.2;-1.4;Notte/Nessun fenomeno;-1.8;;;;;0.0;0.0;;
22/11/2020 18:45:00;22/11/2020;18:45:00;0.0;0;1028.9;0.0;0.0;-1.5;0.91;;;0.0;-2.8;;;;;;10.9;1335.3;;;;-3.3;-4.3;-1.5;Notte/Nessun fenomeno;-1.9;;;;;0.0;0.0;;
22/11/2020 18:55:00;22/11/2020;18:55:00;0.0;0;1028.9;0.0;0.0;-1.4;0.92;;;0.0;-2.5;;;;;;10.9;1335.3;;;;-3.1;-4.1;-1.4;Notte/Nessun fenomeno;-1.8;;;;;0.0;0.0;;
22/11/2020 19:00:00;22/11/2020;19:00:00;0.0;292.5;1028.8;0.0;0.0;-1.2;0.92;;;0.0;-2.3;;;;;;10.9;1335.3;;;;-2.9;-3.9;-1.2;Notte/Nessun fenomeno;-1.6;;;;;0.0;0.0;;
22/11/2020 19:05:00;22/11/2020;19:05:00;0.0;270;1028.9;0.0;0.0;-1.4;0.92;;;0.0;-2.5;;;;;;10.9;1335.3;;;;-3.1;-4.1;-1.4;Notte/Nessun fenomeno;-1.8;;;;;0.0;0.0;;
22/11/2020 19:10:00;22/11/2020;19:10:00;0.0;270;1029.0;0.0;0.0;-1.2;0.92;;;0.0;-2.3;;;;;;10.9;1335.3;;;;-2.9;-3.9;-1.2;Notte/Nessun fenomeno;-1.6;;;;;0.0;0.0;;
22/11/2020 19:15:00;22/11/2020;19:15:00;0.0;270;1029.0;0.0;0.0;-1.1;0.92;;;0.0;-2.2;;;;;;10.9;1335.3;;;;-2.8;-3.8;-1.1;Notte/Nessun fenomeno;-1.5;;;;;0.0;0.0;;
22/11/2020 19:20:00;22/11/2020;19:20:00;0.0;270;1029.2;0.0;0.0;-0.9;0.92;;;0.0;-2.0;;;;;;10.9;1335.3;;;;-2.6;-3.5;-0.9;Notte/Nessun fenomeno;-1.3;;;;;0.0;0.0;;
22/11/2020 19:30:00;22/11/2020;19:30:00;0.0;270;1029.1;0.0;0.0;-1.1;0.92;;;0.0;-2.2;;;;;;10.9;1335.3;;;;-2.8;-3.8;-1.1;Notte/Nessun fenomeno;-1.5;;;;;0.0;0.0;;
22/11/2020 19:35:00;22/11/2020;19:35:00;0.0;270;1029.3;0.0;0.0;-0.9;0.92;;;0.0;-2.0;;;;;;10.9;1335.3;;;;-2.6;-3.5;-0.9;Notte/Nessun fenomeno;-1.3;;;;;0.0;0.0;;
22/11/2020 19:40:00;22/11/2020;19:40:00;0.0;270;1029.2;0.0;0.0;-0.9;0.92;;;0.0;-2.0;;;;;;10.9;1335.3;;;;-2.6;-3.5;-0.9;Notte/Nessun fenomeno;-1.3;;;;;0.0;0.0;;
22/11/2020 19:45:00;22/11/2020;19:45:00;0.0;315;1029.2;0.0;0.0;-0.8;0.92;;;0.0;-1.9;;;;;;10.9;1335.3;;;;-2.5;-3.4;-0.8;Notte/Nessun fenomeno;-1.2;;;;;0.0;0.0;;
22/11/2020 19:50:00;22/11/2020;19:50:00;0.0;315;1029.2;0.0;0.0;-1.1;0.92;;;0.0;-2.2;;;;;;10.9;1335.3;;;;-2.8;-3.8;-1.1;Notte/Nessun fenomeno;-1.5;;;;;0.0;0.0;;
22/11/2020 19:55:00;22/11/2020;19:55:00;0.0;0;1029.0;0.0;0.0;-1.0;0.92;;;0.0;-2.1;;;;;;10.9;1335.3;;;;-2.7;-3.7;-1.0;Notte/Nessun fenomeno;-1.4;;;;;0.0;0.0;;
22/11/2020 20:05:00;22/11/2020;20:05:00;0.0;0;1029.2;0.0;0.0;-0.9;0.92;;;0.0;-2.0;;;;;;10.9;1335.3;;;;-2.6;-3.5;-0.9;Notte/Nessun fenomeno;-1.3;;;;;0.0;0.0;;
22/11/2020 20:10:00;22/11/2020;20:10:00;0.0;270;1029.2;0.0;0.0;-1.1;0.92;;;0.0;-2.2;;;;;;10.9;1335.3;;;;-2.8;-3.8;-1.1;Notte/Nessun fenomeno;-1.5;;;;;0.0;0.0;;
22/11/2020 20:15:00;22/11/2020;20:15:00;0.0;0;1029.2;0.0;0.0;-1.2;0.92;;;0.0;-2.3;;;;;;10.9;1335.3;;;;-2.9;-3.9;-1.2;Notte/Nessun fenomeno;-1.6;;;;;0.0;0.0;;
22/11/2020 20:20:00;22/11/2020;20:20:00;0.0;0;1029.3;0.0;0.0;-1.2;0.92;;;0.0;-2.3;;;;;;10.9;1335.3;;;;-2.9;-3.9;-1.2;Notte/Nessun fenomeno;-1.6;;;;;0.0;0.0;;
22/11/2020 20:25:00;22/11/2020;20:25:00;0.0;0;1029.2;0.0;0.0;-1.4;0.92;;;0.0;-2.5;;;;;;10.9;1335.3;;;;-3.1;-4.1;-1.4;Notte/Nessun fenomeno;-1.8;;;;;0.0;0.0;;
22/11/2020 20:30:00;22/11/2020;20:30:00;0.0;292.5;1029.3;0.0;0.0;-1.5;0.92;;;0.0;-2.6;;;;;;10.9;1335.3;;;;-3.3;-4.3;-1.5;Notte/Nessun fenomeno;-1.9;;;;;0.0;0.0;;
22/11/2020 20:35:00;22/11/2020;20:35:00;0.0;292.5;1029.3;0.0;0.0;-1.6;0.92;;;0.0;-2.7;;;;;;10.9;1335.3;;;;-3.4;-4.4;-1.6;Notte/Nessun fenomeno;-2.0;;;;;0.0;0.0;;
22/11/2020 20:45:00;22/11/2020;20:45:00;0.0;270;1029.4;0.0;0.0;-1.5;0.92;;;0.0;-2.6;;;;;;10.9;1335.3;;;;-3.3;-4.3;-1.5;Notte/Nessun fenomeno;-1.9;;;;;0.0;0.0;;
22/11/2020 20:50:00;22/11/2020;20:50:00;0.0;45;1029.3;0.0;0.0;-1.6;0.92;;;0.0;-2.7;;;;;;10.9;1335.3;;;;-3.4;-4.4;-1.6;Notte/Nessun fenomeno;-2.0;;;;;0.0;0.0;;
22/11/2020 20:55:00;22/11/2020;20:55:00;0.0;45;1029.3;0.0;0.0;-1.6;0.92;;;0.0;-2.7;;;;;;10.9;1335.3;;;;-3.4;-4.4;-1.6;Notte/Nessun fenomeno;-2.0;;;;;0.0;0.0;;
22/11/2020 21:00:00;22/11/2020;21:00:00;0.0;45;1029.4;0.0;0.0;-1.7;0.92;;;0.0;-2.8;;;;;;10.9;1335.3;;;;-3.5;-4.5;-1.7;Notte/Nessun fenomeno;-2.1;;;;;0.0;0.0;;
22/11/2020 21:05:00;22/11/2020;21:05:00;0.0;45;1029.2;0.0;0.0;-1.7;0.92;;;0.0;-2.8;;;;;;10.9;1335.3;;;;-3.5;-4.5;-1.7;Notte/Nessun fenomeno;-2.1;;;;;0.0;0.0;;
