timestamp_string;timestamp_string_date;timestamp_string_time;wind_speed_knots;wind_direction_deg;barometric_pressure_ssl_hPa;rain_today_mm;rain_rate_mmh;temperature_cels;rel_humidity;uv_index;heat_index_cels;wind_gust_knots;dew_point_cels;wind_chill_cels;ground_temperature_cels;solar_irradiance_wpsm;rel_leaf_wetness;soil_moisture_cb;rain_this_month_mm;rain_this_year_mm;evapotranspiration_today_mm;evapotranspiration_this_month_mm;evapotranspiration_this_year_mm;perceived_temperature_cels;humidex_cels;wind_temperature_cels;current_weather;wet_bulb_temperature_cels;absolute_humidity_gm3;saturated_vapor_pressure_hPa;windrun_km;barometric_pressure_wsl_hPa;average_wind_speed_knots;storm_rain_mmm, rain_in_last_storm_event_mm;cloud_height_m;air_density_kgm3;rel_equilibrium_moisture_content;wind_force_beaufort_desc;moon_phase_desc;sunrise_timestamp;sunset_timestamp;last_rain_event_timestamp
10/02/2021 19:17:08;10/02/2021;19:17:08;0.0;90;1006.0;15.5;0.0;5.1;0.91;0.0;;0.0;3.7;;;;;;99.3;303.2;;;;3.7;4.0;;rain;10.0;6.23;8.8;15.86;966.6;;;;;;;;;;;10.02.2021 13.20
10/02/2021 19:21:30;10/02/2021;19:21:30;0.0;45;1006.0;15.5;0.0;5.1;0.9;0.0;;0.0;3.6;;;;;;99.3;303.2;;;;3.7;3.9;;rain;9.9;6.16;8.8;15.86;966.6;;;;;;;;;;;10.02.2021 13.20
10/02/2021 19:23:45;10/02/2021;19:23:45;0.0;90;1006.0;15.5;0.0;5.1;0.91;0.0;;0.0;3.7;;;;;;99.3;303.2;;;;3.7;4.0;;rain;10.0;6.23;8.8;15.86;966.6;;;;;;;;;;;10.02.2021 13.20
10/02/2021 19:25:56;10/02/2021;19:25:56;0.0;112.5;1006.0;15.5;0.0;5.2;0.91;0.0;;0.0;3.8;;;;;;99.3;303.2;;;;3.9;4.1;;rain;10.0;6.27;8.8;15.86;966.7;;;;;;;;;;;10.02.2021 13.20
10/02/2021 19:28:11;10/02/2021;19:28:11;0.0;45;1006.0;15.5;0.0;5.2;0.9;0.0;;0.0;3.7;;;;;;99.3;303.2;;;;3.8;4.1;;rain;10.0;6.2;8.8;15.86;966.7;;;;;;;;;;;10.02.2021 13.20
10/02/2021 19:30:36;10/02/2021;19:30:36;0.0;45;1006.0;15.5;0.0;5.2;0.9;0.0;;0.0;3.7;;;;;;99.3;303.2;;;;3.8;4.1;;rain;10.0;6.2;8.8;15.86;966.7;;;;;;;;;;;10.02.2021 13.20
10/02/2021 19:34:13;10/02/2021;19:34:13;0.0;90;1006.0;15.5;0.0;5.2;0.9;0.0;;0.0;3.7;;;;;;99.3;303.2;;;;3.8;4.1;;rain;10.0;6.2;8.8;15.88;966.7;;;;;;;;;;;10.02.2021 13.20
10/02/2021 19:36:21;10/02/2021;19:36:21;0.0;67.5;1006.0;15.5;0.0;5.2;0.9;0.0;;0.0;3.7;;;;;;99.3;303.2;;;;3.8;4.1;;rain;10.0;6.2;8.8;15.88;966.7;;;;;;;;;;;10.02.2021 13.20
10/02/2021 19:39:57;10/02/2021;19:39:57;0.0;45;1006.0;15.5;0.0;5.3;0.9;0.0;;0.0;3.8;;;;;;99.3;303.2;;;;3.9;4.2;;rain;10.1;6.24;8.9;15.88;966.7;;;;;;;;;;;10.02.2021 13.20
10/02/2021 19:42:07;10/02/2021;19:42:07;0.7559395248380129;45;1006.0;15.5;0.0;5.3;0.9;0.0;;0.7559395248380129;3.8;;;;;;99.3;303.2;;;;3.7;4.2;;rain;10.1;6.24;8.9;15.88;966.7;;;;;;;;;;;10.02.2021 13.20
10/02/2021 19:44:23;10/02/2021;19:44:23;0.0;45;1006.0;15.5;0.0;5.3;0.9;0.0;;0.0;3.8;;;;;;99.3;303.2;;;;3.9;4.2;;rain;10.1;6.24;8.9;15.9;966.7;;;;;;;;;;;10.02.2021 13.20
10/02/2021 19:50:00;10/02/2021;19:50:00;0.0;67.5;1006.0;15.5;0.0;5.2;0.91;0.0;;0.0;3.8;;;;;;99.3;303.2;;;;3.9;4.1;;rain;10.0;6.27;8.8;15.9;966.7;;;;;;;;;;;10.02.2021 13.20
10/02/2021 19:52:15;10/02/2021;19:52:15;0.0;90;1006.0;15.5;0.0;5.2;0.91;0.0;;0.0;3.8;;;;;;99.3;303.2;;;;3.9;4.1;;rain;10.0;6.27;8.8;15.9;966.7;;;;;;;;;;;10.02.2021 13.20
10/02/2021 19:54:25;10/02/2021;19:54:25;0.0;67.5;1006.0;15.5;0.0;5.1;0.91;0.0;;0.0;3.7;;;;;;99.3;303.2;;;;3.7;4.0;;rain;10.0;6.23;8.8;15.94;966.6;;;;;;;;;;;10.02.2021 13.20
10/02/2021 19:59:24;10/02/2021;19:59:24;0.0;112.5;1006.0;15.5;0.0;5.0;0.91;0.0;;0.0;3.6;;;;;;99.3;303.2;;;;3.6;3.8;;rain;9.9;6.18;8.7;15.94;966.6;;;;;;;;;;;10.02.2021 13.20
10/02/2021 20:01:33;10/02/2021;20:01:33;0.0;157.5;1006.0;15.5;0.0;5.1;0.91;0.0;;0.0;3.7;;;;;;99.3;303.2;;;;3.7;4.0;;rain;10.0;6.23;8.8;15.94;966.6;;;;;;;;;;;10.02.2021 13.20
10/02/2021 20:03:42;10/02/2021;20:03:42;1.187904967602592;202.5;1006.0;15.5;0.0;5.1;0.9;0.0;;1.3498920086393087;3.6;;;;;;99.3;303.2;;;;3.3;3.9;;rain;9.9;6.16;8.8;15.94;966.6;;;;;;;;;;;10.02.2021 13.20
10/02/2021 20:05:53;10/02/2021;20:05:53;1.565874730021598;180;1006.0;15.5;0.0;5.1;0.9;0.0;;1.565874730021598;3.6;;;;;;99.3;303.2;;;;3.1;3.9;;rain;9.9;6.16;8.8;16.0;966.6;;;;;;;;;;;10.02.2021 13.20
10/02/2021 20:08:04;10/02/2021;20:08:04;0.9719222462203023;202.5;1006.0;15.5;0.0;5.1;0.9;0.0;;0.9719222462203023;3.6;;;;;;99.3;303.2;;;;3.4;3.9;;rain;9.9;6.16;8.8;16.0;966.6;;;;;;;;;;;10.02.2021 13.20
10/02/2021 20:10:29;10/02/2021;20:10:29;0.7559395248380129;202.5;1006.0;15.5;0.0;5.1;0.9;0.0;;1.3498920086393087;3.6;;;;;;99.3;303.2;;;;3.4;3.9;;rain;9.9;6.16;8.8;16.0;966.6;;;;;;;;;;;10.02.2021 13.20
10/02/2021 20:14:57;10/02/2021;20:14:57;1.187904967602592;157.5;1006.0;15.5;0.0;5.1;0.9;0.0;;1.7278617710583153;3.6;;;;;;99.3;303.2;;;;3.3;3.9;;rain;9.9;6.16;8.8;16.29;966.6;;;;;;;;;;;10.02.2021 13.20
10/02/2021 20:17:03;10/02/2021;20:17:03;1.6198704103671706;157.5;1006.0;15.5;0.0;5.1;0.9;0.0;;1.7278617710583153;3.6;;;;;;99.3;303.2;;;;3.1;3.9;;rain;9.9;6.16;8.8;16.29;966.6;;;;;;;;;;;10.02.2021 13.20
10/02/2021 20:19:14;10/02/2021;20:19:14;0.0;157.5;1006.0;15.5;0.0;5.1;0.9;0.0;;0.0;3.6;;;;;;99.3;303.2;;;;3.7;3.9;;rain;9.9;6.16;8.8;16.29;966.6;;;;;;;;;;;10.02.2021 13.20
10/02/2021 21:31:55;10/02/2021;21:31:55;0.0;45;1007.0;15.5;0.0;4.5;0.92;0.0;;0.0;3.3;;;;;;99.3;303.2;;;;3.1;3.2;;rain;9.5;6.05;8.4;16.71;967.5;;;;;;;;;;;10.02.2021 13.20
10/02/2021 21:36:29;10/02/2021;21:36:29;0.0;90;1007.0;15.5;0.0;4.5;0.92;0.0;;0.0;3.3;;;;;;99.3;303.2;;;;3.1;3.2;;rain;9.5;6.05;8.4;16.71;967.5;;;;;;;;;;;10.02.2021 13.20
10/02/2021 21:42:01;10/02/2021;21:42:01;0.0;67.5;1007.0;15.5;0.0;4.5;0.91;0.0;;0.0;3.1;;;;;;99.3;303.2;;;;3.0;3.2;;rain;9.5;5.98;8.4;16.72;967.5;;;;;;;;;;;10.02.2021 13.20
10/02/2021 21:44:30;10/02/2021;21:44:30;0.0;67.5;1007.0;15.5;0.0;4.6;0.91;0.0;;0.0;3.2;;;;;;99.3;303.2;;;;3.1;3.3;;rain;9.6;6.02;8.5;16.72;967.5;;;;;;;;;;;10.02.2021 13.20
10/02/2021 21:46:38;10/02/2021;21:46:38;0.7559395248380129;67.5;1007.0;15.5;0.0;4.6;0.91;0.0;;0.7559395248380129;3.2;;;;;;99.3;303.2;;;;2.9;3.3;;rain;9.6;6.02;8.5;16.72;967.5;;;;;;;;;;;10.02.2021 13.20
10/02/2021 21:48:52;10/02/2021;21:48:52;0.0;45;1007.0;15.5;0.0;4.6;0.91;0.0;;0.0;3.2;;;;;;99.3;303.2;;;;3.1;3.3;;rain;9.6;6.02;8.5;16.72;967.5;;;;;;;;;;;10.02.2021 13.20
10/02/2021 21:53:07;10/02/2021;21:53:07;0.0;45;1008.0;15.5;0.0;4.5;0.91;0.0;;0.0;3.1;;;;;;99.3;303.2;;;;3.0;3.2;;rain;9.5;5.98;8.4;16.7;968.5;;;;;;;;;;;10.02.2021 13.20
10/02/2021 21:55:24;10/02/2021;21:55:24;0.0;67.5;1008.0;15.5;0.0;4.5;0.91;0.0;;0.0;3.1;;;;;;99.3;303.2;;;;3.0;3.2;;rain;9.5;5.98;8.4;16.7;968.5;;;;;;;;;;;10.02.2021 13.20
10/02/2021 21:57:39;10/02/2021;21:57:39;0.0;67.5;1008.0;15.5;0.0;4.5;0.91;0.0;;0.0;3.1;;;;;;99.3;303.2;;;;3.0;3.2;;rain;9.5;5.98;8.4;16.7;968.5;;;;;;;;;;;10.02.2021 13.20
10/02/2021 21:59:51;10/02/2021;21:59:51;0.0;67.5;1008.0;15.5;0.0;4.5;0.91;0.0;;0.0;3.1;;;;;;99.3;303.2;;;;3.0;3.2;;rain;9.5;5.98;8.4;16.7;968.5;;;;;;;;;;;10.02.2021 13.20
10/02/2021 22:01:59;10/02/2021;22:01:59;0.0;67.5;1008.0;15.5;0.0;4.5;0.91;0.0;;0.0;3.1;;;;;;99.3;303.2;;;;3.0;3.2;;rain;9.5;5.98;8.4;16.7;968.5;;;;;;;;;;;10.02.2021 13.20
10/02/2021 22:04:15;10/02/2021;22:04:15;0.0;45;1008.0;15.5;0.0;4.5;0.91;0.0;;0.0;3.1;;;;;;99.3;303.2;;;;3.0;3.2;;rain;9.5;5.98;8.4;16.72;968.5;;;;;;;;;;;10.02.2021 13.20
10/02/2021 22:06:22;10/02/2021;22:06:22;0.0;45;1008.0;15.5;0.0;4.5;0.91;0.0;;0.0;3.1;;;;;;99.3;303.2;;;;3.0;3.2;;rain;9.5;5.98;8.4;16.72;968.5;;;;;;;;;;;10.02.2021 13.20
10/02/2021 22:08:33;10/02/2021;22:08:33;0.0;45;1008.0;15.5;0.0;4.4;0.91;0.0;;0.0;3.0;;;;;;99.3;303.2;;;;2.9;3.1;;rain;9.4;5.94;8.4;16.72;968.5;;;;;;;;;;;10.02.2021 13.20
10/02/2021 22:10:40;10/02/2021;22:10:40;0.0;45;1008.0;15.5;0.0;4.4;0.91;0.0;;0.0;3.0;;;;;;99.3;303.2;;;;2.9;3.1;;rain;9.4;5.94;8.4;16.72;968.5;;;;;;;;;;;10.02.2021 13.20
10/02/2021 22:13:10;10/02/2021;22:13:10;0.0;45;1008.0;15.5;0.0;4.3;0.92;0.0;;0.0;3.1;;;;;;99.3;303.2;;;;2.8;3.0;;rain;9.4;5.97;8.3;16.72;968.5;;;;;;;;;;;10.02.2021 13.20
10/02/2021 22:15:18;10/02/2021;22:15:18;0.0;45;1008.0;15.5;0.0;4.3;0.92;0.0;;0.0;3.1;;;;;;99.3;303.2;;;;2.8;3.0;;rain;9.4;5.97;8.3;16.72;968.5;;;;;;;;;;;10.02.2021 13.20
10/02/2021 22:17:29;10/02/2021;22:17:29;0.0;45;1008.0;15.5;0.0;4.3;0.92;0.0;;0.0;3.1;;;;;;99.3;303.2;;;;2.8;3.0;;rain;9.4;5.97;8.3;16.72;968.5;;;;;;;;;;;10.02.2021 13.20
10/02/2021 22:19:39;10/02/2021;22:19:39;0.0;45;1008.0;15.5;0.0;4.2;0.92;0.0;;0.0;3.0;;;;;;99.3;303.2;;;;2.7;2.9;;rain;9.3;5.93;8.3;16.72;968.4;;;;;;;;;;;10.02.2021 13.20
10/02/2021 22:21:57;10/02/2021;22:21:57;0.0;45;1008.0;15.5;0.0;4.2;0.92;0.0;;0.0;3.0;;;;;;99.3;303.2;;;;2.7;2.9;;rain;9.3;5.93;8.3;16.72;968.4;;;;;;;;;;;10.02.2021 13.20
10/02/2021 22:24:07;10/02/2021;22:24:07;0.0;45;1008.0;15.5;0.0;4.2;0.92;0.0;;0.0;3.0;;;;;;99.3;303.2;;;;2.7;2.9;;rain;9.3;5.93;8.3;16.72;968.4;;;;;;;;;;;10.02.2021 13.20
10/02/2021 22:26:21;10/02/2021;22:26:21;0.0;45;1008.0;15.5;0.0;4.2;0.92;0.0;;0.0;3.0;;;;;;99.3;303.2;;;;2.7;2.9;;rain;9.3;5.93;8.3;16.72;968.4;;;;;;;;;;;10.02.2021 13.20
10/02/2021 22:28:33;10/02/2021;22:28:33;0.9719222462203023;90;1008.0;15.5;0.0;4.3;0.92;0.0;;0.9719222462203023;3.1;;;;;;99.3;303.2;;;;2.5;3.0;;rain;9.4;5.97;8.3;16.72;968.5;;;;;;;;;;;10.02.2021 13.20
10/02/2021 22:30:47;10/02/2021;22:30:47;0.0;45;1008.0;15.5;0.0;4.3;0.92;0.0;;0.0;3.1;;;;;;99.3;303.2;;;;2.8;3.0;;rain;9.4;5.97;8.3;16.72;968.5;;;;;;;;;;;10.02.2021 13.20
10/02/2021 22:33:01;10/02/2021;22:33:01;0.0;45;1008.0;15.5;0.0;4.3;0.92;0.0;;0.0;3.1;;;;;;99.3;303.2;;;;2.8;3.0;;rain;9.4;5.97;8.3;16.72;968.5;;;;;;;;;;;10.02.2021 13.20
10/02/2021 22:35:19;10/02/2021;22:35:19;0.0;180;1009.0;15.5;0.0;4.3;0.91;0.0;;0.0;2.9;;;;;;99.3;303.2;;;;2.8;2.9;;rain;9.3;5.9;8.3;16.75;969.4;;;;;;;;;;;10.02.2021 13.20
10/02/2021 22:37:34;10/02/2021;22:37:34;0.0;135;1009.0;15.5;0.0;4.4;0.91;0.0;;0.0;3.0;;;;;;99.3;303.2;;;;2.9;3.1;;rain;9.4;5.94;8.4;16.75;969.4;;;;;;;;;;;10.02.2021 13.20
11/02/2021 00:39:51;11/02/2021;00:39:51;0.0;45;1010.0;0.0;0.0;3.6;0.93;0.0;;0.0;2.6;;;;;;99.3;303.2;;;;2.0;2.1;;rain;8.9;5.76;7.9;0.04;970.3;;;;;;;;;;;10.02.2021 13.20
11/02/2021 00:41:59;11/02/2021;00:41:59;0.0;45;1010.0;0.0;0.0;3.6;0.92;0.0;;0.0;2.4;;;;;;99.3;303.2;;;;2.0;2.1;;rain;8.8;5.7;7.9;0.04;970.3;;;;;;;;;;;10.02.2021 13.20
11/02/2021 00:44:09;11/02/2021;00:44:09;0.0;45;1010.0;0.0;0.0;3.6;0.92;0.0;;0.0;2.4;;;;;;99.3;303.2;;;;2.0;2.1;;rain;8.8;5.7;7.9;0.04;970.3;;;;;;;;;;;10.02.2021 13.20
11/02/2021 00:46:15;11/02/2021;00:46:15;0.0;45;1010.0;0.0;0.0;3.6;0.93;0.0;;0.0;2.6;;;;;;99.3;303.2;;;;2.0;2.1;;rain;8.9;5.76;7.9;0.04;970.3;;;;;;;;;;;10.02.2021 13.20
11/02/2021 00:48:22;11/02/2021;00:48:22;0.0;67.5;1010.0;0.0;0.0;3.6;0.92;0.0;;0.0;2.4;;;;;;99.3;303.2;;;;2.0;2.1;;rain;8.8;5.7;7.9;0.04;970.3;;;;;;;;;;;10.02.2021 13.20
11/02/2021 00:50:32;11/02/2021;00:50:32;0.0;67.5;1011.0;0.0;0.0;3.7;0.92;0.0;;0.0;2.5;;;;;;99.3;303.2;;;;2.1;2.2;;rain;8.9;5.73;8.0;0.04;971.3;;;;;;;;;;;10.02.2021 13.20
11/02/2021 00:52:38;11/02/2021;00:52:38;0.0;67.5;1011.0;0.0;0.0;3.7;0.92;0.0;;0.0;2.5;;;;;;99.3;303.2;;;;2.1;2.2;;rain;8.9;5.73;8.0;0.04;971.3;;;;;;;;;;;10.02.2021 13.20
11/02/2021 00:54:43;11/02/2021;00:54:43;0.0;45;1011.0;0.0;0.0;3.7;0.92;0.0;;0.0;2.5;;;;;;99.3;303.2;;;;2.1;2.2;;rain;8.9;5.73;8.0;0.04;971.3;;;;;;;;;;;10.02.2021 13.20
11/02/2021 00:56:50;11/02/2021;00:56:50;0.0;45;1011.0;0.0;0.0;3.7;0.92;0.0;;0.0;2.5;;;;;;99.3;303.2;;;;2.1;2.2;;rain;8.9;5.73;8.0;0.04;971.3;;;;;;;;;;;10.02.2021 13.20
11/02/2021 00:58:56;11/02/2021;00:58:56;0.0;90;1011.0;0.0;0.0;3.7;0.92;0.0;;0.0;2.5;;;;;;99.3;303.2;;;;2.1;2.2;;rain;8.9;5.73;8.0;0.04;971.3;;;;;;;;;;;10.02.2021 13.20
11/02/2021 01:01:05;11/02/2021;01:01:05;1.565874730021598;202.5;1011.0;0.0;0.0;3.7;0.92;0.0;;1.565874730021598;2.5;;;;;;99.3;303.2;;;;1.6;2.2;;rain;8.9;5.73;8.0;0.04;971.3;;;;;;;;;;;10.02.2021 13.20
11/02/2021 01:03:11;11/02/2021;01:03:11;1.3498920086393087;202.5;1011.0;0.0;0.0;3.7;0.92;0.0;;1.3498920086393087;2.5;;;;;;99.3;303.2;;;;1.6;2.2;;rain;8.9;5.73;8.0;0.04;971.3;;;;;;;;;;;10.02.2021 13.20
11/02/2021 01:05:16;11/02/2021;01:05:16;0.91792656587473;202.5;1010.5;0.0;0.0;3.7;0.92;0.0;;1.3498920086393087;2.5;;;;;;99.3;303.2;;;;1.8;2.2;;rain;8.9;5.73;8.0;0.04;970.8;;;;;;;;;;;10.02.2021 13.20
11/02/2021 01:07:21;11/02/2021;01:07:21;0.0;202.5;1010.0;0.0;0.0;3.7;0.92;0.0;;0.0;2.5;;;;;;99.3;303.2;;;;2.1;2.2;;rain;8.9;5.73;8.0;0.04;970.3;;;;;;;;;;;10.02.2021 13.20
11/02/2021 01:09:27;11/02/2021;01:09:27;0.0;202.5;1010.0;0.0;0.0;3.7;0.92;0.0;;0.0;2.6;;;;;;99.3;303.2;;;;2.2;2.3;;rain;9.0;5.77;8.0;0.04;970.3;;;;;;;;;;;10.02.2021 13.20
11/02/2021 01:11:31;11/02/2021;01:11:31;0.0;202.5;1010.0;0.0;0.0;3.8;0.92;0.0;;0.0;2.6;;;;;;99.3;303.2;;;;2.2;2.3;;rain;9.0;5.77;8.0;0.23;970.3;;;;;;;;;;;10.02.2021 13.20
11/02/2021 01:13:37;11/02/2021;01:13:37;0.0;202.5;1010.0;0.0;0.0;3.7;0.92;0.0;;0.0;2.5;;;;;;99.3;303.2;;;;2.1;2.2;;rain;8.9;5.73;8.0;0.23;970.3;;;;;;;;;;;10.02.2021 13.20
11/02/2021 01:15:58;11/02/2021;01:15:58;0.0;157.5;1010.0;0.0;0.0;3.7;0.92;0.0;;0.0;2.5;;;;;;99.3;303.2;;;;2.1;2.2;;rain;8.9;5.73;8.0;0.23;970.3;;;;;;;;;;;10.02.2021 13.20
11/02/2021 01:18:03;11/02/2021;01:18:03;0.0;112.5;1010.0;0.0;0.0;3.7;0.92;0.0;;0.0;2.5;;;;;;99.3;303.2;;;;2.1;2.2;;rain;8.9;5.73;8.0;0.23;970.3;;;;;;;;;;;10.02.2021 13.20
11/02/2021 01:20:09;11/02/2021;01:20:09;0.0;90;1010.0;0.0;0.0;3.7;0.92;0.0;;0.0;2.5;;;;;;99.3;303.2;;;;2.1;2.2;;rain;8.9;5.73;8.0;0.23;970.3;;;;;;;;;;;10.02.2021 13.20
11/02/2021 01:22:19;11/02/2021;01:22:19;0.0;90;1011.0;0.0;0.0;3.6;0.92;0.0;;0.0;2.4;;;;;;99.3;303.2;;;;2.0;2.1;;rain;8.8;5.7;7.9;0.23;971.2;;;;;;;;;;;10.02.2021 13.20
11/02/2021 01:24:24;11/02/2021;01:24:24;0.0;90;1011.0;0.0;0.0;3.6;0.92;0.0;;0.0;2.4;;;;;;99.3;303.2;;;;2.0;2.1;;rain;8.8;5.7;7.9;0.23;971.2;;;;;;;;;;;10.02.2021 13.20
11/02/2021 01:26:31;11/02/2021;01:26:31;0.0;90;1011.0;0.0;0.0;3.5;0.92;0.0;;0.0;2.3;;;;;;99.3;303.2;;;;1.9;2.0;;rain;8.8;5.66;7.9;0.23;971.2;;;;;;;;;;;10.02.2021 13.20
11/02/2021 01:28:36;11/02/2021;01:28:36;0.0;90;1011.0;0.0;0.0;3.5;0.92;0.0;;0.0;2.3;;;;;;99.3;303.2;;;;1.9;2.0;;rain;8.8;5.66;7.9;0.23;971.2;;;;;;;;;;;10.02.2021 13.20
11/02/2021 01:30:46;11/02/2021;01:30:46;0.0;90;1011.0;0.0;0.0;3.5;0.92;0.0;;0.0;2.3;;;;;;99.3;303.2;;;;1.9;2.0;;rain;8.8;5.66;7.9;0.23;971.2;;;;;;;;;;;10.02.2021 13.20
11/02/2021 01:32:53;11/02/2021;01:32:53;0.0;90;1011.0;0.0;0.0;3.4;0.92;0.0;;0.0;2.2;;;;;;99.3;303.2;;;;1.8;1.8;;rain;8.7;5.62;7.8;0.23;971.2;;;;;;;;;;;10.02.2021 13.20
11/02/2021 01:34:59;11/02/2021;01:34:59;0.0;67.5;1011.0;0.0;0.0;3.4;0.92;0.0;;0.0;2.2;;;;;;99.3;303.2;;;;1.8;1.8;;rain;8.7;5.62;7.8;0.23;971.2;;;;;;;;;;;10.02.2021 13.20
11/02/2021 01:37:05;11/02/2021;01:37:05;0.0;45;1011.0;0.0;0.0;3.3;0.92;0.0;;0.0;2.1;;;;;;99.3;303.2;;;;1.6;1.7;;rain;8.6;5.58;7.7;0.23;971.2;;;;;;;;;;;10.02.2021 13.20
11/02/2021 01:39:10;11/02/2021;01:39:10;0.0;67.5;1011.0;0.0;0.0;3.3;0.93;0.0;;0.0;2.3;;;;;;99.3;303.2;;;;1.7;1.8;;rain;8.6;5.64;7.7;0.23;971.2;;;;;;;;;;;10.02.2021 13.20
11/02/2021 01:41:18;11/02/2021;01:41:18;0.0;67.5;1011.0;0.0;0.0;3.3;0.93;0.0;;0.0;2.3;;;;;;99.3;303.2;;;;1.7;1.8;;rain;8.6;5.64;7.7;0.23;971.2;;;;;;;;;;;10.02.2021 13.20
11/02/2021 01:43:24;11/02/2021;01:43:24;0.0;67.5;1011.0;0.0;0.0;3.2;0.93;0.0;;0.0;2.2;;;;;;99.3;303.2;;;;1.6;1.6;;rain;8.6;5.61;7.7;0.25;971.2;;;;;;;;;;;10.02.2021 13.20
11/02/2021 01:45:29;11/02/2021;01:45:29;0.0;67.5;1011.0;0.0;0.0;3.2;0.93;0.0;;0.0;2.2;;;;;;99.3;303.2;;;;1.6;1.6;;rain;8.6;5.61;7.7;0.25;971.2;;;;;;;;;;;10.02.2021 13.20
11/02/2021 01:47:38;11/02/2021;01:47:38;0.0;45;1011.0;0.0;0.0;3.3;0.93;0.0;;0.0;2.3;;;;;;99.3;303.2;;;;1.7;1.8;;rain;8.6;5.64;7.7;0.25;971.2;;;;;;;;;;;10.02.2021 13.20
11/02/2021 01:49:46;11/02/2021;01:49:46;0.0;45;1011.0;0.0;0.0;3.3;0.93;0.0;;0.0;2.3;;;;;;99.3;303.2;;;;1.7;1.8;;rain;8.6;5.64;7.7;0.25;971.2;;;;;;;;;;;10.02.2021 13.20
11/02/2021 01:51:53;11/02/2021;01:51:53;0.0;45;1011.0;0.0;0.0;3.3;0.93;0.0;;0.0;2.3;;;;;;99.3;303.2;;;;1.7;1.8;;rain;8.6;5.64;7.7;0.25;971.2;;;;;;;;;;;10.02.2021 13.20
11/02/2021 01:54:02;11/02/2021;01:54:02;0.0;45;1011.0;0.0;0.0;3.4;0.93;0.0;;0.0;2.4;;;;;;99.3;303.2;;;;1.8;1.9;;rain;8.7;5.68;7.8;0.25;971.2;;;;;;;;;;;10.02.2021 13.20
11/02/2021 01:56:10;11/02/2021;01:56:10;0.0;45;1011.0;0.0;0.0;3.4;0.93;0.0;;0.0;2.4;;;;;;99.3;303.2;;;;1.8;1.9;;rain;8.7;5.68;7.8;0.25;971.2;;;;;;;;;;;10.02.2021 13.20
11/02/2021 01:58:15;11/02/2021;01:58:15;0.0;45;1011.0;0.0;0.0;3.4;0.93;0.0;;0.0;2.4;;;;;;99.3;303.2;;;;1.8;1.9;;rain;8.7;5.68;7.8;0.25;971.2;;;;;;;;;;;10.02.2021 13.20
11/02/2021 02:00:22;11/02/2021;02:00:22;0.0;45;1011.0;0.0;0.0;3.4;0.93;0.0;;0.0;2.4;;;;;;99.3;303.2;;;;1.8;1.9;;rain;8.7;5.68;7.8;0.25;971.2;;;;;;;;;;;10.02.2021 13.20
11/02/2021 02:02:27;11/02/2021;02:02:27;0.0;45;1011.0;0.0;0.0;3.4;0.93;0.0;;0.0;2.4;;;;;;99.3;303.2;;;;1.8;1.9;;rain;8.7;5.68;7.8;0.25;971.2;;;;;;;;;;;10.02.2021 13.20
11/02/2021 02:04:35;11/02/2021;02:04:35;0.0;45;1011.0;0.0;0.0;3.4;0.93;0.0;;0.0;2.4;;;;;;99.3;303.2;;;;1.8;1.9;;rain;8.7;5.68;7.8;0.25;971.2;;;;;;;;;;;10.02.2021 13.20
11/02/2021 02:06:40;11/02/2021;02:06:40;0.0;67.5;1011.0;0.0;0.0;3.4;0.93;0.0;;0.0;2.4;;;;;;99.3;303.2;;;;1.8;1.9;;rain;8.7;5.68;7.8;0.25;971.2;;;;;;;;;;;10.02.2021 13.20
11/02/2021 02:08:46;11/02/2021;02:08:46;0.0;67.5;1011.0;0.0;0.0;3.3;0.93;0.0;;0.0;2.3;;;;;;99.3;303.2;;;;1.7;1.8;;rain;8.6;5.64;7.7;0.25;971.2;;;;;;;;;;;10.02.2021 13.20
11/02/2021 02:10:52;11/02/2021;02:10:52;0.7559395248380129;67.5;1011.0;0.0;0.0;3.3;0.93;0.0;;0.7559395248380129;2.3;;;;;;99.3;303.2;;;;1.4;1.8;;rain;8.6;5.64;7.7;0.25;971.2;;;;;;;;;;;10.02.2021 13.20
11/02/2021 02:12:59;11/02/2021;02:12:59;0.0;0;1011.0;0.0;0.0;3.2;0.93;0.0;;0.0;2.2;;;;;;99.3;303.2;;;;1.6;1.6;;rain;8.6;5.61;7.7;0.29;971.2;;;;;;;;;;;10.02.2021 13.20
11/02/2021 02:15:08;11/02/2021;02:15:08;0.0;67.5;1011.0;0.0;0.0;3.1;0.93;0.0;;0.0;2.1;;;;;;99.3;303.2;;;;1.4;1.5;;rain;8.5;5.57;7.6;0.29;971.2;;;;;;;;;;;10.02.2021 13.20
11/02/2021 02:17:13;11/02/2021;02:17:13;0.0;67.5;1011.0;0.0;0.0;3.1;0.93;0.0;;0.0;2.1;;;;;;99.3;303.2;;;;1.4;1.5;;rain;8.5;5.57;7.6;0.29;971.2;;;;;;;;;;;10.02.2021 13.20
11/02/2021 02:19:18;11/02/2021;02:19:18;0.0;45;1011.0;0.0;0.0;3.1;0.93;0.0;;0.0;2.1;;;;;;99.3;303.2;;;;1.4;1.5;;rain;8.5;5.57;7.6;0.29;971.2;;;;;;;;;;;10.02.2021 13.20
11/02/2021 02:21:25;11/02/2021;02:21:25;0.0;45;1012.0;0.0;0.0;3.1;0.93;0.0;;0.0;2.1;;;;;;99.3;303.2;;;;1.4;1.5;;rain;8.5;5.57;7.6;0.29;972.1;;;;;;;;;;;10.02.2021 13.20
11/02/2021 02:23:33;11/02/2021;02:23:33;0.0;45;1012.0;0.0;0.0;3.1;0.93;0.0;;0.0;2.1;;;;;;99.3;303.2;;;;1.4;1.5;;rain;8.5;5.57;7.6;0.29;972.1;;;;;;;;;;;10.02.2021 13.20
11/02/2021 02:25:50;11/02/2021;02:25:50;0.0;45;1012.0;0.0;0.0;3.1;0.93;0.0;;0.0;2.1;;;;;;99.3;303.2;;;;1.4;1.5;;rain;8.5;5.57;7.6;0.29;972.1;;;;;;;;;;;10.02.2021 13.20
11/02/2021 02:27:58;11/02/2021;02:27:58;0.0;45;1012.0;0.0;0.0;3.1;0.93;0.0;;0.0;2.1;;;;;;99.3;303.2;;;;1.4;1.5;;rain;8.5;5.57;7.6;0.29;972.1;;;;;;;;;;;10.02.2021 13.20
11/02/2021 02:30:05;11/02/2021;02:30:05;0.0;157.5;1012.0;0.0;0.0;3.2;0.93;0.0;;0.0;2.2;;;;;;99.3;303.2;;;;1.6;1.6;;rain;8.6;5.61;7.7;0.29;972.1;;;;;;;;;;;10.02.2021 13.20
11/02/2021 02:32:13;11/02/2021;02:32:13;0.0;135;1012.0;0.0;0.0;3.1;0.93;0.0;;0.0;2.1;;;;;;99.3;303.2;;;;1.4;1.5;;rain;8.5;5.57;7.6;0.29;972.1;;;;;;;;;;;10.02.2021 13.20
11/02/2021 02:34:18;11/02/2021;02:34:18;0.0;112.5;1012.0;0.0;0.0;3.1;0.93;0.0;;0.0;2.1;;;;;;99.3;303.2;;;;1.4;1.5;;rain;8.5;5.57;7.6;0.29;972.1;;;;;;;;;;;10.02.2021 13.20
11/02/2021 02:36:28;11/02/2021;02:36:28;0.0;90;1012.0;0.0;0.0;3.2;0.93;0.0;;0.0;2.2;;;;;;99.3;303.2;;;;1.6;1.6;;rain;8.6;5.61;7.7;0.29;972.1;;;;;;;;;;;10.02.2021 13.20
11/02/2021 02:38:38;11/02/2021;02:38:38;0.0;90;1012.0;0.0;0.0;3.2;0.93;0.0;;0.0;2.2;;;;;;99.3;303.2;;;;1.6;1.6;;rain;8.6;5.61;7.7;0.29;972.1;;;;;;;;;;;10.02.2021 13.20
11/02/2021 02:40:43;11/02/2021;02:40:43;0.0;90;1012.0;0.0;0.0;3.2;0.93;0.0;;0.0;2.2;;;;;;99.3;303.2;;;;1.6;1.6;;rain;8.6;5.61;7.7;0.29;972.1;;;;;;;;;;;10.02.2021 13.20
11/02/2021 02:42:53;11/02/2021;02:42:53;0.0;67.5;1012.0;0.0;0.0;3.2;0.94;0.0;;0.0;2.3;;;;;;99.3;303.2;;;;1.6;1.7;;rain;8.6;5.67;7.7;0.29;972.1;;;;;;;;;;;10.02.2021 13.20
11/02/2021 02:45:03;11/02/2021;02:45:03;0.0;90;1012.0;0.0;0.0;3.2;0.93;0.0;;0.0;2.2;;;;;;99.3;303.2;;;;1.6;1.6;;rain;8.6;5.61;7.7;0.29;972.1;;;;;;;;;;;10.02.2021 13.20
11/02/2021 02:47:13;11/02/2021;02:47:13;0.0;90;1012.0;0.0;0.0;3.3;0.93;0.0;;0.0;2.3;;;;;;99.3;303.2;;;;1.7;1.8;;rain;8.6;5.64;7.7;0.29;972.2;;;;;;;;;;;10.02.2021 13.20
11/02/2021 02:49:18;11/02/2021;02:49:18;0.0;45;1012.0;0.0;0.0;3.3;0.94;0.0;;0.0;2.4;;;;;;99.3;303.2;;;;1.7;1.8;;rain;8.7;5.7;7.7;0.29;972.2;;;;;;;;;;;10.02.2021 13.20
11/02/2021 02:51:26;11/02/2021;02:51:26;0.0;45;1012.0;0.0;0.0;3.2;0.93;0.0;;0.0;2.2;;;;;;99.3;303.2;;;;1.6;1.6;;rain;8.6;5.61;7.7;0.29;972.1;;;;;;;;;;;10.02.2021 13.20
11/02/2021 02:53:31;11/02/2021;02:53:31;0.0;45;1012.0;0.0;0.0;3.2;0.93;0.0;;0.0;2.2;;;;;;99.3;303.2;;;;1.6;1.6;;rain;8.6;5.61;7.7;0.29;972.1;;;;;;;;;;;10.02.2021 13.20
11/02/2021 02:55:42;11/02/2021;02:55:42;0.0;45;1012.0;0.0;0.0;3.2;0.93;0.0;;0.0;2.2;;;;;;99.3;303.2;;;;1.6;1.6;;rain;8.6;5.61;7.7;0.29;972.1;;;;;;;;;;;10.02.2021 13.20
11/02/2021 02:57:52;11/02/2021;02:57:52;0.0;45;1012.0;0.0;0.0;3.2;0.93;0.0;;0.0;2.2;;;;;;99.3;303.2;;;;1.6;1.6;;rain;8.6;5.61;7.7;0.29;972.1;;;;;;;;;;;10.02.2021 13.20
11/02/2021 02:59:58;11/02/2021;02:59:58;0.0;45;1012.0;0.0;0.0;3.2;0.93;0.0;;0.0;2.2;;;;;;99.3;303.2;;;;1.6;1.6;;rain;8.6;5.61;7.7;0.29;972.1;;;;;;;;;;;10.02.2021 13.20
11/02/2021 03:02:07;11/02/2021;03:02:07;0.0;45;1012.0;0.0;0.0;3.1;0.93;0.0;;0.0;2.1;;;;;;99.3;303.2;;;;1.4;1.5;;rain;8.5;5.57;7.6;0.29;972.1;;;;;;;;;;;10.02.2021 13.20
11/02/2021 03:04:12;11/02/2021;03:04:12;0.0;45;1012.0;0.0;0.0;3.1;0.93;0.0;;0.0;2.1;;;;;;99.3;303.2;;;;1.4;1.5;;rain;8.5;5.57;7.6;0.29;972.1;;;;;;;;;;;10.02.2021 13.20
11/02/2021 03:06:17;11/02/2021;03:06:17;0.3239740820734341;67.5;1012.0;0.0;0.0;3.1;0.94;0.0;;0.9719222462203023;2.2;;;;;;99.3;303.2;;;;1.3;1.5;;rain;8.5;5.63;7.6;0.3;972.1;;;;;;;;;;;10.02.2021 13.20
11/02/2021 03:08:23;11/02/2021;03:08:23;0.0;67.5;1012.0;0.0;0.0;3.1;0.93;0.0;;0.0;2.1;;;;;;99.3;303.2;;;;1.4;1.5;;rain;8.5;5.57;7.6;0.3;972.1;;;;;;;;;;;10.02.2021 13.20
11/02/2021 03:10:33;11/02/2021;03:10:33;0.0;67.5;1012.0;0.0;0.0;3.1;0.93;0.0;;0.0;2.1;;;;;;99.3;303.2;;;;1.4;1.5;;rain;8.5;5.57;7.6;0.3;972.1;;;;;;;;;;;10.02.2021 13.20
11/02/2021 03:12:39;11/02/2021;03:12:39;0.0;135;1012.0;0.0;0.0;3.2;0.93;0.0;;0.0;2.2;;;;;;99.3;303.2;;;;1.6;1.6;;rain;8.6;5.61;7.7;0.3;972.1;;;;;;;;;;;10.02.2021 13.20
11/02/2021 03:14:45;11/02/2021;03:14:45;0.0;112.5;1012.0;0.0;0.0;3.2;0.93;0.0;;0.0;2.2;;;;;;99.3;303.2;;;;1.6;1.6;;rain;8.6;5.61;7.7;0.31;972.1;;;;;;;;;;;10.02.2021 13.20
11/02/2021 03:16:51;11/02/2021;03:16:51;0.0;112.5;1012.0;0.0;0.0;3.2;0.93;0.0;;0.0;2.2;;;;;;99.3;303.2;;;;1.6;1.6;;rain;8.6;5.61;7.7;0.31;972.1;;;;;;;;;;;10.02.2021 13.20
11/02/2021 03:19:01;11/02/2021;03:19:01;0.0;67.5;1012.0;0.0;0.0;3.2;0.93;0.0;;0.0;2.2;;;;;;99.3;303.2;;;;1.6;1.6;;rain;8.6;5.61;7.7;0.31;972.1;;;;;;;;;;;10.02.2021 13.20
11/02/2021 03:21:08;11/02/2021;03:21:08;0.0;67.5;1012.0;0.0;0.0;3.2;0.93;0.0;;0.0;2.2;;;;;;99.3;303.2;;;;1.6;1.6;;rain;8.6;5.61;7.7;0.31;972.1;;;;;;;;;;;10.02.2021 13.20
11/02/2021 03:23:17;11/02/2021;03:23:17;0.0;67.5;1012.0;0.0;0.0;3.2;0.93;0.0;;0.0;2.2;;;;;;99.3;303.2;;;;1.6;1.6;;rain;8.6;5.61;7.7;0.31;972.1;;;;;;;;;;;10.02.2021 13.20
11/02/2021 03:25:26;11/02/2021;03:25:26;0.0;67.5;1012.0;0.0;0.0;3.3;0.93;0.0;;0.0;2.3;;;;;;99.3;303.2;;;;1.7;1.8;;rain;8.6;5.64;7.7;0.31;972.2;;;;;;;;;;;10.02.2021 13.20
11/02/2021 03:27:34;11/02/2021;03:27:34;0.0;67.5;1012.0;0.0;0.0;3.3;0.93;0.0;;0.0;2.3;;;;;;99.3;303.2;;;;1.7;1.8;;rain;8.6;5.64;7.7;0.31;972.2;;;;;;;;;;;10.02.2021 13.20
11/02/2021 03:29:44;11/02/2021;03:29:44;0.0;67.5;1012.0;0.0;0.0;3.3;0.93;0.0;;0.0;2.3;;;;;;99.3;303.2;;;;1.7;1.8;;rain;8.6;5.64;7.7;0.31;972.2;;;;;;;;;;;10.02.2021 13.20
11/02/2021 03:31:51;11/02/2021;03:31:51;0.0;90;1012.0;0.0;0.0;3.3;0.93;0.0;;0.0;2.3;;;;;;99.3;303.2;;;;1.7;1.8;;rain;8.6;5.64;7.7;0.31;972.2;;;;;;;;;;;10.02.2021 13.20
11/02/2021 03:33:58;11/02/2021;03:33:58;0.0;67.5;1012.0;0.0;0.0;3.3;0.93;0.0;;0.0;2.3;;;;;;99.3;303.2;;;;1.7;1.8;;rain;8.6;5.64;7.7;0.31;972.2;;;;;;;;;;;10.02.2021 13.20
11/02/2021 03:36:04;11/02/2021;03:36:04;0.0;90;1012.0;0.0;0.0;3.3;0.93;0.0;;0.0;2.3;;;;;;99.3;303.2;;;;1.7;1.8;;rain;8.6;5.64;7.7;0.31;972.2;;;;;;;;;;;10.02.2021 13.20
11/02/2021 03:38:11;11/02/2021;03:38:11;0.0;90;1012.0;0.0;0.0;3.4;0.93;0.0;;0.0;2.4;;;;;;99.3;303.2;;;;1.8;1.9;;rain;8.7;5.68;7.8;0.31;972.2;;;;;;;;;;;10.02.2021 13.20
11/02/2021 03:40:20;11/02/2021;03:40:20;0.0;90;1012.0;0.0;0.0;3.4;0.93;0.0;;0.0;2.4;;;;;;99.3;303.2;;;;1.8;1.9;;rain;8.7;5.68;7.8;0.31;972.2;;;;;;;;;;;10.02.2021 13.20
11/02/2021 03:42:28;11/02/2021;03:42:28;0.0;90;1012.0;0.0;0.0;3.4;0.93;0.0;;0.0;2.4;;;;;;99.3;303.2;;;;1.8;1.9;;rain;8.7;5.68;7.8;0.31;972.2;;;;;;;;;;;10.02.2021 13.20
11/02/2021 03:44:41;11/02/2021;03:44:41;0.0;67.5;1012.0;0.0;0.0;3.4;0.93;0.0;;0.0;2.4;;;;;;99.3;303.2;;;;1.8;1.9;;rain;8.7;5.68;7.8;0.31;972.2;;;;;;;;;;;10.02.2021 13.20
11/02/2021 03:46:48;11/02/2021;03:46:48;0.0;67.5;1012.0;0.0;0.0;3.4;0.93;0.0;;0.0;2.4;;;;;;99.3;303.2;;;;1.8;1.9;;rain;8.7;5.68;7.8;0.32;972.2;;;;;;;;;;;10.02.2021 13.20
11/02/2021 03:48:59;11/02/2021;03:48:59;0.0;112.5;1012.0;0.0;0.0;3.4;0.93;0.0;;0.0;2.4;;;;;;99.3;303.2;;;;1.8;1.9;;rain;8.7;5.68;7.8;0.32;972.2;;;;;;;;;;;10.02.2021 13.20
11/02/2021 03:51:06;11/02/2021;03:51:06;0.0;112.5;1012.0;0.0;0.0;3.4;0.93;0.0;;0.0;2.4;;;;;;99.3;303.2;;;;1.8;1.9;;rain;8.7;5.68;7.8;0.32;972.2;;;;;;;;;;;10.02.2021 13.20
11/02/2021 03:53:12;11/02/2021;03:53:12;0.0;90;1012.0;0.0;0.0;3.4;0.93;0.0;;0.0;2.4;;;;;;99.3;303.2;;;;1.8;1.9;;rain;8.7;5.68;7.8;0.32;972.2;;;;;;;;;;;10.02.2021 13.20
11/02/2021 03:55:21;11/02/2021;03:55:21;0.48596112311015116;90;1012.0;0.0;0.0;3.4;0.93;0.0;;0.9719222462203023;2.4;;;;;;99.3;303.2;;;;1.6;1.9;;rain;8.7;5.68;7.8;0.32;972.2;;;;;;;;;;;10.02.2021 13.20
11/02/2021 03:57:27;11/02/2021;03:57:27;0.0;90;1012.0;0.0;0.0;3.5;0.92;0.0;;0.0;2.3;;;;;;99.3;303.2;;;;1.9;2.0;;rain;8.8;5.66;7.9;0.32;972.2;;;;;;;;;;;10.02.2021 13.20
11/02/2021 03:59:33;11/02/2021;03:59:33;0.9719222462203023;67.5;1012.0;0.0;0.0;3.5;0.92;0.0;;0.9719222462203023;2.3;;;;;;99.3;303.2;;;;1.5;2.0;;rain;8.8;5.66;7.9;0.32;972.2;;;;;;;;;;;10.02.2021 13.20
11/02/2021 04:01:40;11/02/2021;04:01:40;0.0;67.5;1012.0;0.0;0.0;3.5;0.92;0.0;;0.0;2.3;;;;;;99.3;303.2;;;;1.9;2.0;;rain;8.8;5.66;7.9;0.32;972.2;;;;;;;;;;;10.02.2021 13.20
11/02/2021 04:03:48;11/02/2021;04:03:48;0.0;90;1012.0;0.0;0.0;3.5;0.92;0.0;;0.0;2.3;;;;;;99.3;303.2;;;;1.9;2.0;;rain;8.8;5.66;7.9;0.32;972.2;;;;;;;;;;;10.02.2021 13.20
11/02/2021 04:05:55;11/02/2021;04:05:55;0.0;90;1012.0;0.0;0.0;3.5;0.92;0.0;;0.0;2.3;;;;;;99.3;303.2;;;;1.9;2.0;;rain;8.8;5.66;7.9;0.32;972.2;;;;;;;;;;;10.02.2021 13.20
11/02/2021 04:08:00;11/02/2021;04:08:00;0.0;112.5;1012.0;0.0;0.0;3.5;0.92;0.0;;0.0;2.3;;;;;;99.3;303.2;;;;1.9;2.0;;rain;8.8;5.66;7.9;0.37;972.2;;;;;;;;;;;10.02.2021 13.20
11/02/2021 04:10:08;11/02/2021;04:10:08;0.0;135;1012.0;0.0;0.0;3.5;0.92;0.0;;0.0;2.3;;;;;;99.3;303.2;;;;1.9;2.0;;rain;8.8;5.66;7.9;0.37;972.2;;;;;;;;;;;10.02.2021 13.20
11/02/2021 04:12:21;11/02/2021;04:12:21;0.0;45;1012.0;0.0;0.0;3.5;0.92;0.0;;0.0;2.3;;;;;;99.3;303.2;;;;1.9;2.0;;rain;8.8;5.66;7.9;0.37;972.2;;;;;;;;;;;10.02.2021 13.20
11/02/2021 04:14:30;11/02/2021;04:14:30;0.0;90;1012.0;0.0;0.0;3.6;0.91;0.0;;0.0;2.2;;;;;;99.3;303.2;;;;2.0;2.0;;rain;8.8;5.63;7.9;0.37;972.2;;;;;;;;;;;10.02.2021 13.20
11/02/2021 04:16:37;11/02/2021;04:16:37;1.565874730021598;135;1012.0;0.0;0.0;3.6;0.91;0.0;;1.565874730021598;2.2;;;;;;99.3;303.2;;;;1.4;2.0;;rain;8.8;5.63;7.9;0.37;972.2;;;;;;;;;;;10.02.2021 13.20
11/02/2021 04:18:44;11/02/2021;04:18:44;1.187904967602592;90;1012.0;0.0;0.0;3.7;0.91;0.0;;1.7278617710583153;2.3;;;;;;99.3;303.2;;;;1.7;2.2;;rain;8.9;5.67;8.0;0.47;972.2;;;;;;;;;;;10.02.2021 13.20
11/02/2021 04:20:51;11/02/2021;04:20:51;1.6198704103671706;135;1013.0;0.0;0.0;3.7;0.91;0.0;;1.7278617710583153;2.3;;;;;;99.3;303.2;;;;1.5;2.2;;rain;8.9;5.67;8.0;0.47;973.2;;;;;;;;;;;10.02.2021 13.20
11/02/2021 04:22:58;11/02/2021;04:22:58;1.565874730021598;90;1013.0;0.0;0.0;3.7;0.91;0.0;;1.565874730021598;2.3;;;;;;99.3;303.2;;;;1.5;2.2;;rain;8.9;5.67;8.0;0.47;973.2;;;;;;;;;;;10.02.2021 13.20
11/02/2021 04:25:11;11/02/2021;04:25:11;1.7278617710583153;112.5;1013.0;0.0;0.0;3.7;0.91;0.0;;1.7278617710583153;2.3;;;;;;99.3;303.2;;;;1.5;2.2;;rain;8.9;5.67;8.0;0.47;973.2;;;;;;;;;;;10.02.2021 13.20
11/02/2021 04:27:22;11/02/2021;04:27:22;0.9719222462203023;90;1013.0;0.0;0.0;3.7;0.91;0.0;;0.9719222462203023;2.3;;;;;;99.3;303.2;;;;1.7;2.2;;rain;8.9;5.67;8.0;0.47;973.2;;;;;;;;;;;10.02.2021 13.20
11/02/2021 04:29:33;11/02/2021;04:29:33;1.187904967602592;67.5;1013.0;0.0;0.0;3.7;0.91;0.0;;1.565874730021598;2.3;;;;;;99.3;303.2;;;;1.7;2.2;;rain;8.9;5.67;8.0;0.84;973.2;;;;;;;;;;;10.02.2021 13.20
11/02/2021 04:31:40;11/02/2021;04:31:40;1.565874730021598;67.5;1013.0;0.0;0.0;3.7;0.91;0.0;;1.7278617710583153;2.3;;;;;;99.3;303.2;;;;1.5;2.2;;rain;8.9;5.67;8.0;0.84;973.2;;;;;;;;;;;10.02.2021 13.20
11/02/2021 04:33:45;11/02/2021;04:33:45;1.565874730021598;67.5;1013.0;0.0;0.0;3.6;0.91;0.0;;1.7278617710583153;2.2;;;;;;99.3;303.2;;;;1.4;2.0;;rain;8.8;5.63;7.9;0.84;973.2;;;;;;;;;;;10.02.2021 13.20
11/02/2021 04:35:51;11/02/2021;04:35:51;0.0;67.5;1012.0;0.0;0.0;3.5;0.91;0.0;;0.0;2.2;;;;;;99.3;303.2;;;;1.9;1.9;;rain;8.7;5.6;7.9;0.84;972.2;;;;;;;;;;;10.02.2021 13.20
11/02/2021 04:37:59;11/02/2021;04:37:59;0.0;67.5;1012.0;0.0;0.0;3.5;0.91;0.0;;0.0;2.2;;;;;;99.3;303.2;;;;1.9;1.9;;rain;8.7;5.6;7.9;0.84;972.2;;;;;;;;;;;10.02.2021 13.20
11/02/2021 04:40:11;11/02/2021;04:40:11;0.0;67.5;1012.0;0.0;0.0;3.4;0.91;0.0;;0.0;2.1;;;;;;99.3;303.2;;;;1.7;1.8;;rain;8.7;5.56;7.8;1.12;972.2;;;;;;;;;;;10.02.2021 13.20
11/02/2021 04:42:19;11/02/2021;04:42:19;0.0;90;1012.0;0.0;0.0;3.4;0.91;0.0;;0.0;2.1;;;;;;99.3;303.2;;;;1.7;1.8;;rain;8.7;5.56;7.8;1.12;972.2;;;;;;;;;;;10.02.2021 13.20
11/02/2021 04:44:30;11/02/2021;04:44:30;0.0;90;1012.0;0.0;0.0;3.4;0.91;0.0;;0.0;2.1;;;;;;99.3;303.2;;;;1.7;1.8;;rain;8.7;5.56;7.8;1.12;972.2;;;;;;;;;;;10.02.2021 13.20
11/02/2021 04:46:40;11/02/2021;04:46:40;0.0;90;1012.0;0.0;0.0;3.4;0.91;0.0;;0.0;2.1;;;;;;99.3;303.2;;;;1.7;1.8;;rain;8.7;5.56;7.8;1.12;972.2;;;;;;;;;;;10.02.2021 13.20
11/02/2021 04:48:45;11/02/2021;04:48:45;0.0;90;1012.0;0.0;0.0;3.4;0.91;0.0;;0.0;2.1;;;;;;99.3;303.2;;;;1.7;1.8;;rain;8.7;5.56;7.8;1.13;972.2;;;;;;;;;;;10.02.2021 13.20
11/02/2021 04:50:56;11/02/2021;04:50:56;0.0;67.5;1013.0;0.0;0.0;3.4;0.91;0.0;;0.0;2.1;;;;;;99.3;303.2;;;;1.7;1.8;;rain;8.7;5.56;7.8;1.13;973.1;;;;;;;;;;;10.02.2021 13.20
11/02/2021 04:53:02;11/02/2021;04:53:02;0.0;135;1013.0;0.0;0.0;3.3;0.91;0.0;;0.0;2.0;;;;;;99.3;303.2;;;;1.6;1.7;;rain;8.6;5.52;7.7;1.13;973.1;;;;;;;;;;;10.02.2021 13.20
11/02/2021 04:55:07;11/02/2021;04:55:07;0.0;112.5;1013.0;0.0;0.0;3.3;0.91;0.0;;0.0;2.0;;;;;;99.3;303.2;;;;1.6;1.7;;rain;8.6;5.52;7.7;1.13;973.1;;;;;;;;;;;10.02.2021 13.20
11/02/2021 04:57:18;11/02/2021;04:57:18;0.0;0;1013.0;0.0;0.0;3.3;0.91;0.0;;0.0;2.0;;;;;;99.3;303.2;;;;1.6;1.7;;rain;8.6;5.52;7.7;1.13;973.1;;;;;;;;;;;10.02.2021 13.20
11/02/2021 04:59:24;11/02/2021;04:59:24;0.1079913606911447;135;1013.0;0.0;0.0;3.2;0.91;0.0;;0.2159827213822894;1.9;;;;;;99.3;303.2;;;;1.5;1.5;;rain;8.5;5.49;7.7;1.14;973.1;;;;;;;;;;;10.02.2021 13.20
11/02/2021 05:01:29;11/02/2021;05:01:29;0.0;112.5;1013.0;0.0;0.0;3.2;0.91;0.0;;0.0;1.9;;;;;;99.3;303.2;;;;1.5;1.5;;rain;8.5;5.49;7.7;1.14;973.1;;;;;;;;;;;10.02.2021 13.20
11/02/2021 05:03:39;11/02/2021;05:03:39;0.0;202.5;1013.0;0.0;0.0;3.2;0.91;0.0;;0.0;1.9;;;;;;99.3;303.2;;;;1.5;1.5;;rain;8.5;5.49;7.7;1.14;973.1;;;;;;;;;;;10.02.2021 13.20
11/02/2021 05:05:44;11/02/2021;05:05:44;0.0;135;1013.0;0.0;0.0;3.2;0.91;0.0;;0.0;1.9;;;;;;99.3;303.2;;;;1.5;1.5;;rain;8.5;5.49;7.7;1.14;973.1;;;;;;;;;;;10.02.2021 13.20
11/02/2021 05:07:52;11/02/2021;05:07:52;0.26997840172786175;112.5;1013.0;0.0;0.0;3.2;0.91;0.0;;0.593952483801296;1.9;;;;;;99.3;303.2;;;;1.4;1.5;;rain;8.5;5.49;7.7;1.14;973.1;;;;;;;;;;;10.02.2021 13.20
11/02/2021 05:09:57;11/02/2021;05:09:57;0.0;135;1013.0;0.0;0.0;3.1;0.91;0.0;;0.0;1.8;;;;;;99.3;303.2;;;;1.4;1.4;;rain;8.4;5.45;7.6;1.19;973.1;;;;;;;;;;;10.02.2021 13.20
11/02/2021 05:12:04;11/02/2021;05:12:04;0.0;135;1013.0;0.0;0.0;3.1;0.91;0.0;;0.0;1.8;;;;;;99.3;303.2;;;;1.4;1.4;;rain;8.4;5.45;7.6;1.19;973.1;;;;;;;;;;;10.02.2021 13.20
11/02/2021 05:14:13;11/02/2021;05:14:13;0.0;135;1013.0;0.0;0.0;3.0;0.91;0.0;;0.0;1.7;;;;;;99.3;303.2;;;;1.3;1.3;;rain;8.3;5.41;7.6;1.19;973.1;;;;;;;;;;;10.02.2021 13.20
11/02/2021 05:16:20;11/02/2021;05:16:20;0.0;202.5;1013.0;0.0;0.0;3.0;0.91;0.0;;0.0;1.7;;;;;;99.3;303.2;;;;1.3;1.3;;rain;8.3;5.41;7.6;1.19;973.1;;;;;;;;;;;10.02.2021 13.20
11/02/2021 05:18:28;11/02/2021;05:18:28;0.0;202.5;1013.0;0.0;0.0;3.0;0.91;0.0;;0.0;1.7;;;;;;99.3;303.2;;;;1.3;1.3;;rain;8.3;5.41;7.6;1.19;973.1;;;;;;;;;;;10.02.2021 13.20
11/02/2021 05:20:34;11/02/2021;05:20:34;1.3498920086393087;202.5;1013.0;0.0;0.0;2.9;0.91;0.0;;1.3498920086393087;1.6;;;;;;99.3;303.2;;;;0.7;1.2;;rain;8.3;5.38;7.5;1.2;973.1;;;;;;;;;;;10.02.2021 13.20
11/02/2021 05:22:41;11/02/2021;05:22:41;0.0;135;1013.0;0.0;0.0;2.9;0.91;0.0;;0.0;1.6;;;;;;99.3;303.2;;;;1.2;1.2;;rain;8.3;5.38;7.5;1.2;973.1;;;;;;;;;;;10.02.2021 13.20
11/02/2021 05:24:50;11/02/2021;05:24:50;0.0;157.5;1013.0;0.0;0.0;2.9;0.91;0.0;;0.0;1.6;;;;;;99.3;303.2;;;;1.2;1.2;;rain;8.3;5.38;7.5;1.2;973.1;;;;;;;;;;;10.02.2021 13.20
11/02/2021 05:26:56;11/02/2021;05:26:56;0.0;180;1013.0;0.0;0.0;2.8;0.91;0.0;;0.0;1.5;;;;;;99.3;303.2;;;;1.0;1.0;;rain;8.2;5.34;7.5;1.2;973.1;;;;;;;;;;;10.02.2021 13.20
11/02/2021 05:29:02;11/02/2021;05:29:02;0.0;112.5;1013.0;0.0;0.0;2.8;0.91;0.0;;0.0;1.5;;;;;;99.3;303.2;;;;1.0;1.0;;rain;8.2;5.34;7.5;1.2;973.1;;;;;;;;;;;10.02.2021 13.20
11/02/2021 05:31:12;11/02/2021;05:31:12;0.0;112.5;1013.0;0.0;0.0;2.7;0.91;0.0;;0.0;1.4;;;;;;99.3;303.2;;;;0.9;0.9;;rain;8.1;5.3;7.4;1.26;973.0;;;;;;;;;;;10.02.2021 13.20
11/02/2021 05:33:19;11/02/2021;05:33:19;0.0;157.5;1013.0;0.0;0.0;2.7;0.91;0.0;;0.0;1.4;;;;;;99.3;303.2;;;;0.9;0.9;;rain;8.1;5.3;7.4;1.26;973.0;;;;;;;;;;;10.02.2021 13.20
11/02/2021 05:35:27;11/02/2021;05:35:27;0.7019438444924406;157.5;1013.0;0.0;0.0;2.6;0.91;0.0;;1.3498920086393087;1.3;;;;;;99.3;303.2;;;;0.6;0.8;;rain;8.0;5.27;7.4;1.26;973.0;;;;;;;;;;;10.02.2021 13.20
11/02/2021 05:37:33;11/02/2021;05:37:33;0.0;135;1013.0;0.0;0.0;2.6;0.91;0.0;;0.0;1.3;;;;;;99.3;303.2;;;;0.8;0.8;;rain;8.0;5.27;7.4;1.26;973.0;;;;;;;;;;;10.02.2021 13.20
11/02/2021 05:39:38;11/02/2021;05:39:38;0.0;90;1013.0;0.0;0.0;2.6;0.92;0.0;;0.0;1.4;;;;;;99.3;303.2;;;;0.8;0.8;;rain;8.1;5.33;7.4;1.26;973.0;;;;;;;;;;;10.02.2021 13.20
11/02/2021 05:41:45;11/02/2021;05:41:45;0.0;90;1013.0;0.0;0.0;2.5;0.92;0.0;;0.0;1.3;;;;;;99.3;303.2;;;;0.7;0.7;;rain;8.0;5.29;7.3;1.28;973.0;;;;;;;;;;;10.02.2021 13.20
11/02/2021 05:43:53;11/02/2021;05:43:53;0.0;90;1013.0;0.0;0.0;2.5;0.92;0.0;;0.0;1.3;;;;;;99.3;303.2;;;;0.7;0.7;;rain;8.0;5.29;7.3;1.28;973.0;;;;;;;;;;;10.02.2021 13.20
11/02/2021 05:46:03;11/02/2021;05:46:03;0.0;135;1013.0;0.0;0.0;2.5;0.92;0.0;;0.0;1.3;;;;;;99.3;303.2;;;;0.7;0.7;;rain;8.0;5.29;7.3;1.28;973.0;;;;;;;;;;;10.02.2021 13.20
11/02/2021 05:48:10;11/02/2021;05:48:10;0.0;135;1013.0;0.0;0.0;2.4;0.92;0.0;;0.0;1.2;;;;;;99.3;303.2;;;;0.6;0.5;;rain;7.9;5.26;7.3;1.28;973.0;;;;;;;;;;;10.02.2021 13.20
11/02/2021 05:50:23;11/02/2021;05:50:23;0.0;45;1013.0;0.0;0.0;2.4;0.92;0.0;;0.0;1.2;;;;;;99.3;303.2;;;;0.6;0.5;;rain;7.9;5.26;7.3;1.28;973.0;;;;;;;;;;;10.02.2021 13.20
11/02/2021 05:52:33;11/02/2021;05:52:33;0.0;45;1013.0;0.0;0.0;2.4;0.92;0.0;;0.0;1.2;;;;;;99.3;303.2;;;;0.6;0.5;;rain;7.9;5.26;7.3;1.28;973.0;;;;;;;;;;;10.02.2021 13.20
11/02/2021 05:54:42;11/02/2021;05:54:42;0.0;202.5;1013.0;0.0;0.0;2.3;0.92;0.0;;0.0;1.1;;;;;;99.3;303.2;;;;0.5;0.4;;rain;7.8;5.22;7.2;1.28;973.0;;;;;;;;;;;10.02.2021 13.20
11/02/2021 05:56:47;11/02/2021;05:56:47;0.0;202.5;1013.0;0.0;0.0;2.3;0.92;0.0;;0.0;1.1;;;;;;99.3;303.2;;;;0.5;0.4;;rain;7.8;5.22;7.2;1.28;973.0;;;;;;;;;;;10.02.2021 13.20
11/02/2021 05:58:52;11/02/2021;05:58:52;0.4319654427645788;135;1013.0;0.0;0.0;2.3;0.92;0.0;;0.7559395248380129;1.1;;;;;;99.3;303.2;;;;0.3;0.4;;rain;7.8;5.22;7.2;1.28;973.0;;;;;;;;;;;10.02.2021 13.20
11/02/2021 06:00:58;11/02/2021;06:00:58;0.0;112.5;1013.0;0.0;0.0;2.3;0.92;0.0;;0.0;1.1;;;;;;99.3;303.2;;;;0.5;0.4;;rain;7.8;5.22;7.2;1.28;973.0;;;;;;;;;;;10.02.2021 13.20
11/02/2021 06:03:06;11/02/2021;06:03:06;0.0;135;1013.0;0.0;0.0;2.3;0.92;0.0;;0.0;1.1;;;;;;99.3;303.2;;;;0.5;0.4;;rain;7.8;5.22;7.2;1.3;973.0;;;;;;;;;;;10.02.2021 13.20
11/02/2021 06:05:12;11/02/2021;06:05:12;0.0;135;1013.0;0.0;0.0;2.3;0.92;0.0;;0.0;1.1;;;;;;99.3;303.2;;;;0.5;0.4;;rain;7.8;5.22;7.2;1.3;973.0;;;;;;;;;;;10.02.2021 13.20
11/02/2021 06:07:18;11/02/2021;06:07:18;0.0;135;1013.0;0.0;0.0;2.3;0.92;0.0;;0.0;1.1;;;;;;99.3;303.2;;;;0.5;0.4;;rain;7.8;5.22;7.2;1.3;973.0;;;;;;;;;;;10.02.2021 13.20
11/02/2021 06:09:23;11/02/2021;06:09:23;0.0;157.5;1013.0;0.0;0.0;2.2;0.92;0.0;;0.0;1.0;;;;;;99.3;303.2;;;;0.4;0.3;;rain;7.8;5.18;7.2;1.3;973.0;;;;;;;;;;;10.02.2021 13.20
11/02/2021 06:11:29;11/02/2021;06:11:29;0.1079913606911447;135;1013.0;0.0;0.0;2.2;0.92;0.0;;0.2159827213822894;1.0;;;;;;99.3;303.2;;;;0.3;0.3;;rain;7.8;5.18;7.2;1.33;973.0;;;;;;;;;;;10.02.2021 13.20
11/02/2021 06:13:40;11/02/2021;06:13:40;1.673866090712743;157.5;1013.0;0.0;0.0;2.3;0.92;0.0;;1.7278617710583153;1.1;;;;;;99.3;303.2;;;;-0.1;0.4;;rain;7.8;5.22;7.2;1.33;973.0;;;;;;;;;;;10.02.2021 13.20
11/02/2021 06:16:51;11/02/2021;06:16:51;0.0;0;1013.0;0.0;0.0;2.3;0.92;0.0;;0.0;1.1;;;;;;99.3;303.2;;;;0.5;0.4;;rain;7.8;5.22;7.2;1.33;973.0;;;;;;;;;;;10.02.2021 13.20
11/02/2021 06:18:58;11/02/2021;06:18:58;0.0;112.5;1013.0;0.0;0.0;2.4;0.92;0.0;;0.0;1.2;;;;;;99.3;303.2;;;;0.6;0.5;;rain;7.9;5.26;7.3;1.33;973.0;;;;;;;;;;;10.02.2021 13.20
11/02/2021 06:21:03;11/02/2021;06:21:03;0.26997840172786175;112.5;1014.0;0.0;0.0;2.4;0.92;0.0;;0.593952483801296;1.2;;;;;;99.3;303.2;;;;0.5;0.5;;rain;7.9;5.26;7.3;1.33;974.0;;;;;;;;;;;10.02.2021 13.20
11/02/2021 06:23:09;11/02/2021;06:23:09;0.3239740820734341;112.5;1014.0;0.0;0.0;2.4;0.92;0.0;;0.7559395248380129;1.2;;;;;;99.3;303.2;;;;0.5;0.5;;rain;7.9;5.26;7.3;1.5;974.0;;;;;;;;;;;10.02.2021 13.20
11/02/2021 06:25:17;11/02/2021;06:25:17;0.0;135;1014.0;0.0;0.0;2.4;0.92;0.0;;0.0;1.2;;;;;;99.3;303.2;;;;0.6;0.5;;rain;7.9;5.26;7.3;1.5;974.0;;;;;;;;;;;10.02.2021 13.20
11/02/2021 06:27:32;11/02/2021;06:27:32;0.0;157.5;1014.0;0.0;0.0;2.4;0.92;0.0;;0.0;1.2;;;;;;99.3;303.2;;;;0.6;0.5;;rain;7.9;5.26;7.3;1.5;974.0;;;;;;;;;;;10.02.2021 13.20
11/02/2021 06:29:45;11/02/2021;06:29:45;0.3239740820734341;135;1014.0;0.0;0.0;2.3;0.92;0.0;;0.7559395248380129;1.1;;;;;;99.3;303.2;;;;0.4;0.4;;rain;7.8;5.22;7.2;1.5;973.9;;;;;;;;;;;10.02.2021 13.20
11/02/2021 06:31:50;11/02/2021;06:31:50;0.1079913606911447;157.5;1014.0;0.0;0.0;2.3;0.92;0.0;;0.2159827213822894;1.1;;;;;;99.3;303.2;;;;0.4;0.4;;rain;7.8;5.22;7.2;1.63;973.9;;;;;;;;;;;10.02.2021 13.20
11/02/2021 06:33:56;11/02/2021;06:33:56;0.1079913606911447;112.5;1014.0;0.0;0.0;2.3;0.92;0.0;;0.2159827213822894;1.1;;;;;;99.3;303.2;;;;0.4;0.4;;rain;7.8;5.22;7.2;1.63;973.9;;;;;;;;;;;10.02.2021 13.20
11/02/2021 06:36:05;11/02/2021;06:36:05;0.0;157.5;1014.0;0.0;0.0;2.3;0.92;0.0;;0.0;1.1;;;;;;99.3;303.2;;;;0.5;0.4;;rain;7.8;5.22;7.2;1.63;973.9;;;;;;;;;;;10.02.2021 13.20
11/02/2021 06:38:13;11/02/2021;06:38:13;0.0;135;1014.0;0.0;0.0;2.3;0.92;0.0;;0.0;1.1;;;;;;99.3;303.2;;;;0.5;0.4;;rain;7.8;5.22;7.2;1.63;973.9;;;;;;;;;;;10.02.2021 13.20
11/02/2021 06:40:30;11/02/2021;06:40:30;0.0;45;1014.0;0.0;0.0;2.3;0.92;0.0;;0.0;1.1;;;;;;99.3;303.2;;;;0.5;0.4;;rain;7.8;5.22;7.2;1.63;973.9;;;;;;;;;;;10.02.2021 13.20
11/02/2021 06:42:40;11/02/2021;06:42:40;0.8639308855291576;135;1014.0;0.0;0.0;2.3;0.92;0.0;;0.9719222462203023;1.1;;;;;;99.3;303.2;;;;0.2;0.4;;rain;7.8;5.22;7.2;1.75;973.9;;;;;;;;;;;10.02.2021 13.20
11/02/2021 06:44:47;11/02/2021;06:44:47;0.0;90;1014.0;0.0;0.0;2.3;0.92;0.0;;0.0;1.1;;;;;;99.3;303.2;;;;0.5;0.4;;rain;7.8;5.22;7.2;1.75;973.9;;;;;;;;;;;10.02.2021 13.20
11/02/2021 06:46:54;11/02/2021;06:46:54;0.0;90;1014.0;0.0;0.0;2.4;0.92;0.0;;0.0;1.2;;;;;;99.3;303.2;;;;0.6;0.5;;rain;7.9;5.26;7.3;1.75;974.0;;;;;;;;;;;10.02.2021 13.20
11/02/2021 06:49:02;11/02/2021;06:49:02;0.0;90;1014.0;0.0;0.0;2.4;0.92;0.0;;0.0;1.2;;;;;;99.3;303.2;;;;0.6;0.5;;rain;7.9;5.26;7.3;1.75;974.0;;;;;;;;;;;10.02.2021 13.20
11/02/2021 06:52:35;11/02/2021;06:52:35;0.0;112.5;1014.0;0.0;0.0;2.4;0.92;0.0;;0.0;1.2;;;;;;99.3;303.2;;;;0.6;0.5;;rain;7.9;5.26;7.3;1.75;974.0;;;;;;;;;;;10.02.2021 13.20
11/02/2021 06:54:40;11/02/2021;06:54:40;0.0;135;1014.0;0.0;0.0;2.4;0.92;0.0;;0.0;1.2;;;;;;99.3;303.2;;;;0.6;0.5;;rain;7.9;5.26;7.3;1.85;974.0;;;;;;;;;;;10.02.2021 13.20
11/02/2021 06:56:46;11/02/2021;06:56:46;0.0;135;1014.0;0.0;0.0;2.4;0.92;0.0;;0.0;1.2;;;;;;99.3;303.2;;;;0.6;0.5;;rain;7.9;5.26;7.3;1.85;974.0;;;;;;;;;;;10.02.2021 13.20
11/02/2021 06:58:52;11/02/2021;06:58:52;0.2159827213822894;157.5;1014.0;0.0;0.0;2.4;0.92;0.0;;0.2159827213822894;1.2;;;;;;99.3;303.2;;;;0.5;0.5;;rain;7.9;5.26;7.3;1.85;974.0;;;;;;;;;;;10.02.2021 13.20
11/02/2021 07:01:00;11/02/2021;07:01:00;0.0;90;1014.0;0.0;0.0;2.4;0.92;0.0;;0.0;1.2;;;;;;99.3;303.2;;;;0.6;0.5;;rain;7.9;5.26;7.3;1.85;974.0;;;;;;;;;;;10.02.2021 13.20
11/02/2021 07:03:05;11/02/2021;07:03:05;0.0;90;1014.0;0.0;0.0;2.4;0.92;0.0;;0.0;1.2;;;;;;99.3;303.2;;;;0.6;0.5;;rain;7.9;5.26;7.3;1.86;974.0;;;;;;;;;;;10.02.2021 13.20
11/02/2021 07:05:14;11/02/2021;07:05:14;0.0;112.5;1014.0;0.0;0.0;2.5;0.91;0.0;;0.0;1.2;;;;;;99.3;303.2;;;;0.7;0.6;;rain;8.0;5.23;7.3;1.86;974.0;;;;;;;;;;;10.02.2021 13.20
11/02/2021 07:07:24;11/02/2021;07:07:24;1.9438444924406046;112.5;1014.0;0.0;0.0;2.5;0.91;0.0;;1.9438444924406046;1.2;;;;;;99.3;303.2;;;;0.0;0.6;;rain;8.0;5.23;7.3;1.86;974.0;;;;;;;;;;;10.02.2021 13.20
11/02/2021 07:09:32;11/02/2021;07:09:32;0.0;112.5;1014.0;0.0;0.0;2.5;0.91;0.0;;0.0;1.2;;;;;;99.3;303.2;;;;0.7;0.6;;rain;8.0;5.23;7.3;1.86;974.0;;;;;;;;;;;10.02.2021 13.20
11/02/2021 07:11:38;11/02/2021;07:11:38;1.7278617710583153;157.5;1014.0;0.0;0.0;2.5;0.91;0.0;;1.7278617710583153;1.2;;;;;;99.3;303.2;;;;0.1;0.6;;rain;8.0;5.23;7.3;1.86;974.0;;;;;;;;;;;10.02.2021 13.20
11/02/2021 07:13:48;11/02/2021;07:13:48;1.3498920086393087;135;1014.0;0.0;0.0;2.5;0.91;0.0;;1.3498920086393087;1.2;;;;;;99.3;303.2;;;;0.2;0.6;;rain;8.0;5.23;7.3;2.14;974.0;;;;;;;;;;;10.02.2021 13.20
11/02/2021 07:16:19;11/02/2021;07:16:19;1.9438444924406046;157.5;1014.0;0.0;0.0;2.5;0.91;0.0;;2.537796976241901;1.2;;;;;;99.3;303.2;;;;0.0;0.6;;rain;8.0;5.23;7.3;2.14;974.0;;;;;;;;;;;10.02.2021 13.20
11/02/2021 07:18:27;11/02/2021;07:18:27;0.0;135;1014.0;0.0;0.0;2.5;0.91;0.0;;0.0;1.2;;;;;;99.3;303.2;;;;0.7;0.6;;rain;8.0;5.23;7.3;2.14;974.0;;;;;;;;;;;10.02.2021 13.20
11/02/2021 07:20:36;11/02/2021;07:20:36;0.0;135;1014.0;0.0;0.0;2.5;0.91;0.0;;0.0;1.2;;;;;;99.3;303.2;;;;0.7;0.6;;rain;8.0;5.23;7.3;2.14;974.0;;;;;;;;;;;10.02.2021 13.20
11/02/2021 07:22:41;11/02/2021;07:22:41;0.0;0;1014.0;0.0;0.0;2.5;0.91;0.0;;0.0;1.2;;;;;;99.3;303.2;;;;0.7;0.6;;rain;8.0;5.23;7.3;2.14;974.0;;;;;;;;;;;10.02.2021 13.20
11/02/2021 07:24:48;11/02/2021;07:24:48;0.593952483801296;135;1014.0;0.0;0.0;2.5;0.91;0.0;;0.593952483801296;1.2;;;;;;99.3;303.2;;;;0.5;0.6;;rain;8.0;5.23;7.3;2.3;974.0;;;;;;;;;;;10.02.2021 13.20
11/02/2021 07:26:55;11/02/2021;07:26:55;1.83585313174946;202.5;1014.0;0.0;0.0;2.5;0.92;0.0;;2.159827213822894;1.3;;;;;;99.3;303.2;;;;0.1;0.7;;rain;8.0;5.29;7.3;2.3;974.0;;;;;;;;;;;10.02.2021 13.20
11/02/2021 07:29:00;11/02/2021;07:29:00;1.9438444924406046;135;1014.0;0.0;0.0;2.4;0.92;0.0;;2.321814254859611;1.2;;;;;;99.3;303.2;;;;-0.1;0.5;;rain;7.9;5.26;7.3;2.3;974.0;;;;;;;;;;;10.02.2021 13.20
11/02/2021 07:31:09;11/02/2021;07:31:09;1.565874730021598;157.5;1014.0;0.0;0.0;2.4;0.92;0.0;;1.565874730021598;1.2;;;;;;99.3;303.2;;;;0.0;0.5;;rain;7.9;5.26;7.3;2.3;974.0;;;;;;;;;;;10.02.2021 13.20
11/02/2021 07:33:15;11/02/2021;07:33:15;1.7278617710583153;180;1014.0;0.0;0.0;2.4;0.92;0.0;;1.9438444924406046;1.2;;;;;;99.3;303.2;;;;0.0;0.5;;rain;7.9;5.26;7.3;2.7;974.0;;;;;;;;;;;10.02.2021 13.20
11/02/2021 07:35:24;11/02/2021;07:35:24;1.565874730021598;157.5;1014.0;0.0;0.0;2.4;0.92;0.0;;1.7278617710583153;1.2;;;;;;99.3;303.2;;;;0.0;0.5;;rain;7.9;5.26;7.3;2.7;974.0;;;;;;;;;;;10.02.2021 13.20
11/02/2021 07:37:29;11/02/2021;07:37:29;1.5118790496760257;202.5;1015.0;0.0;0.0;2.4;0.92;0.0;;1.7278617710583153;1.2;;;;;;99.3;303.2;;;;0.1;0.5;;rain;7.9;5.26;7.3;2.7;974.9;;;;;;;;;;;10.02.2021 13.20
11/02/2021 07:39:35;11/02/2021;07:39:35;1.673866090712743;157.5;1015.0;0.0;0.0;2.4;0.92;0.0;;1.7278617710583153;1.2;;;;;;99.3;303.2;;;;0.0;0.5;;rain;7.9;5.26;7.3;2.7;974.9;;;;;;;;;;;10.02.2021 13.20
11/02/2021 07:41:40;11/02/2021;07:41:40;0.593952483801296;135;1015.0;0.0;0.0;2.4;0.92;0.0;;0.9719222462203023;1.2;;;;;;99.3;303.2;;;;0.4;0.5;;rain;7.9;5.26;7.3;2.7;974.9;;;;;;;;;;;10.02.2021 13.20
11/02/2021 07:43:48;11/02/2021;07:43:48;1.7278617710583153;157.5;1015.0;0.0;0.0;2.4;0.92;0.0;;2.159827213822894;1.2;;;;;;99.3;303.2;;;;0.0;0.5;;rain;7.9;5.26;7.3;3.13;974.9;;;;;;;;;;;10.02.2021 13.20
11/02/2021 07:45:54;11/02/2021;07:45:54;0.9719222462203023;112.5;1015.0;0.0;0.0;2.4;0.92;0.0;;1.7278617710583153;1.2;;;;;;99.3;303.2;;;;0.3;0.5;;rain;7.9;5.26;7.3;3.13;974.9;;;;;;;;;;;10.02.2021 13.20
11/02/2021 07:48:01;11/02/2021;07:48:01;1.565874730021598;157.5;1015.0;0.0;0.0;2.5;0.91;0.0;;1.565874730021598;1.2;;;;;;99.3;303.2;;;;0.1;0.6;;rain;8.0;5.23;7.3;3.13;974.9;;;;;;;;;;;10.02.2021 13.20
11/02/2021 07:51:25;11/02/2021;07:51:25;1.7278617710583153;112.5;1015.0;0.0;0.0;2.5;0.91;0.0;;1.7278617710583153;1.2;;;;;;99.3;303.2;;;;0.1;0.6;;rain;8.0;5.23;7.3;3.13;974.9;;;;;;;;;;;10.02.2021 13.20
11/02/2021 07:53:30;11/02/2021;07:53:30;1.9438444924406046;180;1015.0;0.0;0.0;2.5;0.91;0.0;;2.159827213822894;1.2;;;;;;99.3;303.2;;;;0.0;0.6;;rain;8.0;5.23;7.3;3.13;974.9;;;;;;;;;;;10.02.2021 13.20
11/02/2021 07:55:40;11/02/2021;07:55:40;1.565874730021598;202.5;1015.0;0.0;0.0;2.5;0.91;0.0;;1.7278617710583153;1.2;;;;;;99.3;303.2;;;;0.1;0.6;;rain;8.0;5.23;7.3;3.58;974.9;;;;;;;;;;;10.02.2021 13.20
11/02/2021 07:57:47;11/02/2021;07:57:47;1.565874730021598;135;1015.0;0.0;0.0;2.5;0.91;0.0;;1.565874730021598;1.2;;;;;;99.3;303.2;;;;0.1;0.6;;rain;8.0;5.23;7.3;3.58;974.9;;;;;;;;;;;10.02.2021 13.20
11/02/2021 07:59:57;11/02/2021;07:59:57;1.4578833693304536;135;1015.0;0.0;0.0;2.5;0.91;0.0;;1.565874730021598;1.2;;;;;;99.3;303.2;;;;0.2;0.6;;rain;8.0;5.23;7.3;3.58;974.9;;;;;;;;;;;10.02.2021 13.20
11/02/2021 08:02:02;11/02/2021;08:02:02;1.7278617710583153;135;1015.0;0.0;0.0;2.4;0.91;0.0;;1.9438444924406046;1.1;;;;;;99.3;303.2;;;;0.0;0.5;;rain;7.9;5.2;7.3;3.58;974.9;;;;;;;;;;;10.02.2021 13.20
11/02/2021 08:04:09;11/02/2021;08:04:09;1.673866090712743;157.5;1015.0;0.0;0.0;2.4;0.91;0.0;;1.7278617710583153;1.1;;;;;;99.3;303.2;;;;0.0;0.5;;rain;7.9;5.2;7.3;3.58;974.9;;;;;;;;;;;10.02.2021 13.20
11/02/2021 08:06:16;11/02/2021;08:06:16;1.7278617710583153;157.5;1015.0;0.0;0.0;2.5;0.91;0.0;;1.9438444924406046;1.2;;;;;;99.3;303.2;;;;0.1;0.6;;rain;8.0;5.23;7.3;4.1;974.9;;;;;;;;;;;10.02.2021 13.20
11/02/2021 08:08:28;11/02/2021;08:08:28;1.9438444924406046;157.5;1015.0;0.0;0.0;2.5;0.91;0.0;;2.321814254859611;1.2;;;;;;99.3;303.2;;;;0.0;0.6;;rain;8.0;5.23;7.3;4.1;974.9;;;;;;;;;;;10.02.2021 13.20
11/02/2021 08:10:33;11/02/2021;08:10:33;0.0;157.5;1015.0;0.0;0.0;2.5;0.91;0.0;;0.0;1.2;;;;;;99.3;303.2;;;;0.7;0.6;;rain;8.0;5.23;7.3;4.1;974.9;;;;;;;;;;;10.02.2021 13.20
11/02/2021 08:12:47;11/02/2021;08:12:47;0.2159827213822894;112.5;1015.0;0.0;0.0;2.5;0.92;0.0;;0.2159827213822894;1.3;;;;;;99.3;303.2;;;;0.6;0.7;;rain;8.0;5.29;7.3;4.1;974.9;;;;;;;;;;;10.02.2021 13.20
11/02/2021 08:14:55;11/02/2021;08:14:55;1.241900647948164;157.5;1015.0;0.0;0.0;2.4;0.92;0.0;;1.565874730021598;1.2;;;;;;99.3;303.2;;;;0.2;0.5;;rain;7.9;5.26;7.3;4.1;974.9;;;;;;;;;;;10.02.2021 13.20
11/02/2021 08:17:01;11/02/2021;08:17:01;0.0;180;1015.0;0.0;0.0;2.4;0.92;0.0;;0.0;1.2;;;;;;99.3;303.2;;;;0.6;0.5;;rain;7.9;5.26;7.3;4.56;974.9;;;;;;;;;;;10.02.2021 13.20
11/02/2021 08:19:09;11/02/2021;08:19:09;1.241900647948164;135;1015.0;0.0;0.0;2.5;0.91;0.0;;1.7278617710583153;1.2;;;;;;99.3;303.2;;;;0.2;0.6;;rain;8.0;5.23;7.3;4.56;974.9;;;;;;;;;;;10.02.2021 13.20
11/02/2021 08:21:16;11/02/2021;08:21:16;1.7278617710583153;157.5;1016.0;0.0;0.0;2.5;0.91;0.0;;2.321814254859611;1.2;;;;;;99.3;303.2;;;;0.1;0.6;;rain;8.0;5.23;7.3;4.56;975.9;;;;;;;;;;;10.02.2021 13.20
11/02/2021 08:23:22;11/02/2021;08:23:22;1.7278617710583153;112.5;1016.0;0.0;0.0;2.5;0.91;0.0;;1.7278617710583153;1.2;;;;;;99.3;303.2;;;;0.1;0.6;;rain;8.0;5.23;7.3;4.56;975.9;;;;;;;;;;;10.02.2021 13.20
11/02/2021 08:25:32;11/02/2021;08:25:32;1.6198704103671706;135;1016.0;0.0;0.0;2.5;0.91;0.0;;1.9438444924406046;1.2;;;;;;99.3;303.2;;;;0.1;0.6;;rain;8.0;5.23;7.3;4.56;975.9;;;;;;;;;;;10.02.2021 13.20
11/02/2021 08:27:52;11/02/2021;08:27:52;2.321814254859611;180;1016.0;0.0;0.0;2.6;0.91;0.0;;2.321814254859611;1.3;;;;;;99.3;303.2;;;;0.0;0.8;;rain;8.0;5.27;7.4;4.99;975.9;;;;;;;;;;;10.02.2021 13.20
11/02/2021 08:32:57;11/02/2021;08:32:57;1.7278617710583153;180;1016.0;0.0;0.0;2.7;0.91;0.0;;1.7278617710583153;1.4;;;;;;99.3;303.2;;;;0.3;0.9;;rain;8.1;5.3;7.4;4.99;975.9;;;;;;;;;;;10.02.2021 13.20
11/02/2021 08:35:17;11/02/2021;08:35:17;1.2958963282937364;157.5;1016.0;0.0;0.0;2.7;0.91;0.0;;1.7278617710583153;1.4;;;;;;99.3;303.2;;;;0.5;0.9;;rain;8.1;5.3;7.4;4.99;975.9;;;;;;;;;;;10.02.2021 13.20
11/02/2021 08:37:28;11/02/2021;08:37:28;1.4578833693304536;135;1016.0;0.0;0.0;2.8;0.91;0.0;;1.565874730021598;1.5;;;;;;99.3;303.2;;;;0.5;1.0;;rain;8.2;5.34;7.5;5.35;975.9;;;;;;;;;;;10.02.2021 13.20
11/02/2021 08:39:35;11/02/2021;08:39:35;2.2138228941684663;157.5;1016.0;0.0;0.0;2.8;0.91;0.0;;4.265658747300216;1.5;;;;;;99.3;303.2;;;;0.2;1.0;;rain;8.2;5.34;7.5;5.35;975.9;;;;;;;;;;;10.02.2021 13.20
11/02/2021 08:41:42;11/02/2021;08:41:42;0.0;112.5;1016.0;0.0;0.0;2.8;0.91;0.0;;0.0;1.5;;;;;;99.3;303.2;;;;1.0;1.0;;rain;8.2;5.34;7.5;5.35;975.9;;;;;;;;;;;10.02.2021 13.20
11/02/2021 08:43:48;11/02/2021;08:43:48;0.0;90;1016.0;0.0;0.0;2.8;0.91;0.0;;0.0;1.5;;;;;;99.3;303.2;;;;1.0;1.0;;rain;8.2;5.34;7.5;5.35;975.9;;;;;;;;;;;10.02.2021 13.20
11/02/2021 08:46:00;11/02/2021;08:46:00;0.0;112.5;1016.0;0.0;0.0;2.9;0.91;0.0;;0.0;1.6;;;;;;99.3;303.2;;;;1.2;1.2;;rain;8.3;5.38;7.5;5.35;975.9;;;;;;;;;;;10.02.2021 13.20
11/02/2021 08:48:06;11/02/2021;08:48:06;1.565874730021598;112.5;1016.0;0.0;0.0;2.9;0.91;0.0;;1.565874730021598;1.6;;;;;;99.3;303.2;;;;0.6;1.2;;rain;8.3;5.38;7.5;5.79;975.9;;;;;;;;;;;10.02.2021 13.20
11/02/2021 08:53:10;11/02/2021;08:53:10;0.0;112.5;1016.0;0.0;0.0;3.0;0.91;0.0;;0.0;1.7;;;;;;99.3;303.2;;;;1.3;1.3;;rain;8.3;5.41;7.6;5.79;976.0;;;;;;;;;;;10.02.2021 13.20
11/02/2021 08:55:38;11/02/2021;08:55:38;1.7278617710583153;157.5;1016.0;0.0;0.0;3.0;0.91;0.0;;2.321814254859611;1.7;;;;;;99.3;303.2;;;;0.7;1.3;;rain;8.3;5.41;7.6;5.79;976.0;;;;;;;;;;;10.02.2021 13.20
11/02/2021 08:59:04;11/02/2021;08:59:04;1.565874730021598;135;1016.0;0.0;0.0;3.0;0.9;0.0;;1.7278617710583153;1.5;;;;;;99.3;303.2;;;;0.7;1.2;;rain;8.3;5.35;7.6;5.96;976.0;;;;;;;;;;;10.02.2021 13.20
11/02/2021 09:01:19;11/02/2021;09:01:19;0.0;135;1016.0;0.0;0.0;3.1;0.9;0.0;;0.0;1.6;;;;;;99.3;303.2;;;;1.4;1.4;;rain;8.4;5.39;7.6;5.96;976.0;;;;;;;;;;;10.02.2021 13.20
11/02/2021 09:03:32;11/02/2021;09:03:32;1.7278617710583153;135;1016.0;0.0;0.0;3.1;0.9;0.0;;1.7278617710583153;1.6;;;;;;99.3;303.2;;;;0.7;1.4;;rain;8.4;5.39;7.6;5.96;976.0;;;;;;;;;;;10.02.2021 13.20
11/02/2021 09:06:20;11/02/2021;09:06:20;1.7278617710583153;157.5;1016.0;0.0;0.0;3.1;0.9;0.0;;1.9438444924406046;1.6;;;;;;99.3;303.2;;;;0.7;1.4;;rain;8.4;5.39;7.6;5.96;976.0;;;;;;;;;;;10.02.2021 13.20
11/02/2021 09:08:40;11/02/2021;09:08:40;1.565874730021598;157.5;1016.0;0.0;0.0;3.1;0.9;0.0;;1.565874730021598;1.6;;;;;;99.3;303.2;;;;0.8;1.4;;rain;8.4;5.39;7.6;6.39;976.0;;;;;;;;;;;10.02.2021 13.20
11/02/2021 09:12:05;11/02/2021;09:12:05;0.7559395248380129;157.5;1016.0;0.0;0.0;3.1;0.9;0.0;;0.7559395248380129;1.6;;;;;;99.3;303.2;;;;1.1;1.4;;rain;8.4;5.39;7.6;6.39;976.0;;;;;;;;;;;10.02.2021 13.20
11/02/2021 09:14:11;11/02/2021;09:14:11;1.673866090712743;157.5;1016.0;0.0;0.0;3.2;0.9;0.0;;1.7278617710583153;1.7;;;;;;99.3;303.2;;;;0.9;1.5;;rain;8.5;5.43;7.7;6.39;976.0;;;;;;;;;;;10.02.2021 13.20
11/02/2021 09:16:19;11/02/2021;09:16:19;0.0;90;1016.0;0.0;0.0;3.2;0.9;0.0;;0.0;1.7;;;;;;99.3;303.2;;;;1.5;1.5;;rain;8.5;5.43;7.7;6.39;976.0;;;;;;;;;;;10.02.2021 13.20
11/02/2021 09:18:26;11/02/2021;09:18:26;1.565874730021598;112.5;1016.0;0.0;0.0;3.2;0.9;0.0;;1.565874730021598;1.7;;;;;;99.3;303.2;;;;0.9;1.5;;rain;8.5;5.43;7.7;6.75;976.0;;;;;;;;;;;10.02.2021 13.20
11/02/2021 09:20:36;11/02/2021;09:20:36;1.3498920086393087;112.5;1016.0;0.0;0.0;3.2;0.9;0.0;;1.3498920086393087;1.7;;;;;;99.3;303.2;;;;1.0;1.5;;rain;8.5;5.43;7.7;6.75;976.0;;;;;;;;;;;10.02.2021 13.20
11/02/2021 09:22:45;11/02/2021;09:22:45;1.4038876889848813;135;1017.0;0.0;0.0;3.2;0.9;0.0;;1.565874730021598;1.7;;;;;;99.3;303.2;;;;1.0;1.5;;rain;8.5;5.43;7.7;6.75;977.0;;;;;;;;;;;10.02.2021 13.20
11/02/2021 09:24:56;11/02/2021;09:24:56;1.673866090712743;157.5;1017.0;0.0;0.0;3.2;0.9;0.0;;1.9438444924406046;1.7;;;;;;99.3;303.2;;;;0.9;1.5;;rain;8.5;5.43;7.7;6.75;977.0;;;;;;;;;;;10.02.2021 13.20
11/02/2021 09:27:05;11/02/2021;09:27:05;0.0;112.5;1017.0;0.0;0.0;3.2;0.9;0.0;;0.0;1.7;;;;;;99.3;303.2;;;;1.5;1.5;;rain;8.5;5.43;7.7;6.75;977.0;;;;;;;;;;;10.02.2021 13.20
11/02/2021 09:29:12;11/02/2021;09:29:12;0.0;90;1017.0;0.0;0.0;3.2;0.9;0.0;;0.0;1.7;;;;;;99.3;303.2;;;;1.5;1.5;;rain;8.5;5.43;7.7;7.17;977.0;;;;;;;;;;;10.02.2021 13.20
11/02/2021 09:31:22;11/02/2021;09:31:22;0.0;135;1017.0;0.0;0.0;3.2;0.9;0.0;;0.0;1.7;;;;;;99.3;303.2;;;;1.5;1.5;;rain;8.5;5.43;7.7;7.17;977.0;;;;;;;;;;;10.02.2021 13.20
11/02/2021 09:33:30;11/02/2021;09:33:30;0.0;112.5;1017.0;0.0;0.0;3.2;0.9;0.0;;0.0;1.7;;;;;;99.3;303.2;;;;1.5;1.5;;rain;8.5;5.43;7.7;7.17;977.0;;;;;;;;;;;10.02.2021 13.20
11/02/2021 09:35:39;11/02/2021;09:35:39;1.565874730021598;90;1017.0;0.0;0.0;3.3;0.9;0.0;;1.565874730021598;1.8;;;;;;99.3;303.2;;;;1.0;1.6;;rain;8.5;5.46;7.7;7.17;977.0;;;;;;;;;;;10.02.2021 13.20
11/02/2021 09:38:05;11/02/2021;09:38:05;0.7019438444924406;180;1017.0;0.0;0.0;3.3;0.9;0.0;;0.7559395248380129;1.8;;;;;;99.3;303.2;;;;1.3;1.6;;rain;8.5;5.46;7.7;7.17;977.0;;;;;;;;;;;10.02.2021 13.20
11/02/2021 09:40:13;11/02/2021;09:40:13;0.26997840172786175;135;1017.0;0.0;0.0;3.3;0.9;0.0;;0.593952483801296;1.8;;;;;;99.3;303.2;;;;1.5;1.6;;rain;8.5;5.46;7.7;7.29;977.0;;;;;;;;;;;10.02.2021 13.20
11/02/2021 09:42:21;11/02/2021;09:42:21;0.7559395248380129;157.5;1017.0;0.0;0.0;3.3;0.9;0.0;;0.7559395248380129;1.8;;;;;;99.3;303.2;;;;1.3;1.6;;rain;8.5;5.46;7.7;7.29;977.0;;;;;;;;;;;10.02.2021 13.20
11/02/2021 09:44:29;11/02/2021;09:44:29;0.0;202.5;1017.0;0.0;0.0;3.3;0.9;0.0;;0.0;1.8;;;;;;99.3;303.2;;;;1.6;1.6;;rain;8.5;5.46;7.7;7.29;977.0;;;;;;;;;;;10.02.2021 13.20
11/02/2021 09:46:36;11/02/2021;09:46:36;0.0;112.5;1017.0;0.0;0.0;3.3;0.9;0.0;;0.0;1.8;;;;;;99.3;303.2;;;;1.6;1.6;;rain;8.5;5.46;7.7;7.29;977.0;;;;;;;;;;;10.02.2021 13.20
11/02/2021 09:48:43;11/02/2021;09:48:43;0.5399568034557235;135;1017.0;0.0;0.0;3.4;0.9;0.0;;1.7278617710583153;1.9;;;;;;99.3;303.2;;;;1.5;1.7;;rain;8.6;5.5;7.8;7.43;977.0;;;;;;;;;;;10.02.2021 13.20
11/02/2021 09:52:21;11/02/2021;09:52:21;1.673866090712743;135;1017.0;0.0;0.0;3.4;0.9;0.0;;2.321814254859611;1.9;;;;;;99.3;303.2;;;;1.1;1.7;;rain;8.6;5.5;7.8;7.43;977.0;;;;;;;;;;;10.02.2021 13.20
11/02/2021 09:54:30;11/02/2021;09:54:30;2.0518358531317493;157.5;1017.0;0.0;0.0;3.5;0.9;0.0;;2.321814254859611;2.0;;;;;;99.3;303.2;;;;1.1;1.9;;rain;8.7;5.54;7.9;7.43;977.0;;;;;;;;;;;10.02.2021 13.20
11/02/2021 09:56:37;11/02/2021;09:56:37;1.2958963282937364;112.5;1017.0;0.0;0.0;3.5;0.9;0.0;;1.7278617710583153;2.0;;;;;;99.3;303.2;;;;1.4;1.9;;rain;8.7;5.54;7.9;7.43;977.0;;;;;;;;;;;10.02.2021 13.20
11/02/2021 09:59:04;11/02/2021;09:59:04;0.0;112.5;1017.0;0.0;0.0;3.5;0.9;0.0;;0.0;2.0;;;;;;99.3;303.2;;;;1.8;1.9;;rain;8.7;5.54;7.9;7.75;977.0;;;;;;;;;;;10.02.2021 13.20
11/02/2021 10:04:41;11/02/2021;10:04:41;0.0;45;1017.0;0.0;0.0;3.7;0.9;0.0;;0.0;2.2;;;;;;99.3;303.2;;;;2.1;2.1;;rain;8.9;5.61;8.0;7.75;977.0;;;;;;;;;;;10.02.2021 13.20
11/02/2021 10:06:50;11/02/2021;10:06:50;0.0;157.5;1017.0;0.0;0.0;3.8;0.9;0.0;;0.0;2.3;;;;;;99.3;303.2;;;;2.2;2.3;;rain;8.9;5.65;8.0;7.75;977.0;;;;;;;;;;;10.02.2021 13.20
11/02/2021 10:09:00;11/02/2021;10:09:00;0.7019438444924406;157.5;1017.0;0.0;0.0;3.9;0.89;0.0;;0.7559395248380129;2.2;;;;;;99.3;303.2;;;;2.0;2.3;;rain;9.0;5.62;8.1;7.75;977.0;;;;;;;;;;;10.02.2021 13.20
11/02/2021 10:11:09;11/02/2021;10:11:09;0.0;0;1017.0;0.0;0.0;3.9;0.89;0.0;;0.0;2.2;;;;;;99.3;303.2;;;;2.3;2.3;;rain;9.0;5.62;8.1;7.75;977.0;;;;;;;;;;;10.02.2021 13.20
11/02/2021 10:13:24;11/02/2021;10:13:24;0.0;112.5;1017.0;0.0;0.0;3.9;0.89;0.0;;0.0;2.2;;;;;;99.3;303.2;;;;2.3;2.3;;rain;9.0;5.62;8.1;7.75;977.0;;;;;;;;;;;10.02.2021 13.20
11/02/2021 10:15:35;11/02/2021;10:15:35;0.0;67.5;1017.0;0.0;0.0;3.9;0.89;0.0;;0.0;2.2;;;;;;99.3;303.2;;;;2.3;2.3;;rain;9.0;5.62;8.1;7.75;977.0;;;;;;;;;;;10.02.2021 13.20
11/02/2021 10:17:42;11/02/2021;10:17:42;0.0;112.5;1017.0;0.0;0.0;4.0;0.89;0.0;;0.0;2.3;;;;;;99.3;303.2;;;;2.4;2.5;;rain;9.0;5.66;8.1;7.75;977.1;;;;;;;;;;;10.02.2021 13.20
11/02/2021 10:19:57;11/02/2021;10:19:57;0.0;90;1017.0;0.0;0.0;4.0;0.89;0.0;;0.0;2.3;;;;;;99.3;303.2;;;;2.4;2.5;;rain;9.0;5.66;8.1;7.81;977.1;;;;;;;;;;;10.02.2021 13.20
11/02/2021 10:22:10;11/02/2021;10:22:10;0.0;202.5;1017.0;0.0;0.0;4.1;0.89;0.0;;0.0;2.5;;;;;;99.3;303.2;;;;2.6;2.7;;rain;9.2;5.74;8.3;7.81;977.1;;;;;;;;;;;10.02.2021 13.20
11/02/2021 10:23:35;11/02/2021;10:23:35;0.8639308855291576;202.5;1017.0;0.0;0.0;4.2;0.89;0.0;;1.565874730021598;2.5;;;;;;99.3;303.2;;;;2.3;2.7;;rain;9.2;5.74;8.3;7.81;977.1;;;;;;;;;;;10.02.2021 13.20
11/02/2021 10:25:43;11/02/2021;10:25:43;0.0;202.5;1017.0;0.0;0.0;4.4;0.89;0.0;;0.0;2.7;;;;;;99.3;303.2;;;;2.9;3.0;;rain;9.4;5.81;8.4;7.81;977.1;;;;;;;;;;;10.02.2021 13.20
11/02/2021 10:27:49;11/02/2021;10:27:49;0.26997840172786175;202.5;1017.0;0.0;0.0;4.5;0.89;0.0;;0.593952483801296;2.8;;;;;;99.3;303.2;;;;2.9;3.1;;rain;9.4;5.85;8.4;7.81;977.1;;;;;;;;;;;10.02.2021 13.20
11/02/2021 10:31:41;11/02/2021;10:31:41;0.0;202.5;1017.0;0.0;0.0;4.8;0.88;0.0;;0.0;3.0;;;;;;99.3;303.2;;;;3.3;3.5;;rain;9.6;5.9;8.6;7.9;977.2;;;;;;;;;;;10.02.2021 13.20
11/02/2021 10:33:57;11/02/2021;10:33:57;0.0;67.5;1017.0;0.0;0.0;5.0;0.88;0.0;;0.0;3.2;;;;;;99.3;303.2;;;;3.5;3.7;;rain;9.8;5.98;8.7;7.9;977.2;;;;;;;;;;;10.02.2021 13.20
11/02/2021 10:36:14;11/02/2021;10:36:14;0.0;67.5;1017.0;0.0;0.0;5.1;0.87;0.0;;0.0;3.1;;;;;;99.3;303.2;;;;3.6;3.8;;rain;9.8;5.95;8.8;7.9;977.2;;;;;;;;;;;10.02.2021 13.20
11/02/2021 10:38:20;11/02/2021;10:38:20;0.0;90;1017.0;0.0;0.0;5.3;0.86;0.0;;0.0;3.1;;;;;;99.3;303.2;;;;3.8;4.0;;rain;10.0;5.96;8.9;7.9;977.2;;;;;;;;;;;10.02.2021 13.20
11/02/2021 10:40:26;11/02/2021;10:40:26;0.0;202.5;1017.0;0.0;0.0;5.5;0.87;0.0;;0.0;3.5;;;;;;99.3;303.2;;;;4.1;4.3;;rain;10.1;6.11;9.0;7.9;977.3;;;;;;;;;;;10.02.2021 13.20
11/02/2021 10:42:43;11/02/2021;10:42:43;0.0;202.5;1017.0;0.0;0.0;5.7;0.87;0.0;;0.0;3.7;;;;;;99.3;303.2;;;;4.3;4.6;;rain;10.3;6.19;9.2;7.9;977.3;;;;;;;;;;;10.02.2021 13.20
11/02/2021 10:44:49;11/02/2021;10:44:49;0.0;202.5;1017.0;0.0;0.0;6.0;0.88;1.0;;0.0;4.1;;;;;;99.3;303.2;;;;4.7;5.0;;rain;10.6;6.39;9.4;7.9;977.3;;;;;;;;;;;10.02.2021 13.20
11/02/2021 10:47:02;11/02/2021;10:47:02;0.0;135;1017.0;0.0;0.0;6.2;0.85;0.0;;0.0;3.8;;;;;;99.3;303.2;;;;4.9;5.1;;rain;10.6;6.25;9.5;7.9;977.4;;;;;;;;;;;10.02.2021 13.20
11/02/2021 10:49:12;11/02/2021;10:49:12;1.7278617710583153;157.5;1017.0;0.0;0.0;6.3;0.85;0.0;;1.7278617710583153;3.9;;;;;;99.3;303.2;;;;4.4;5.2;;rain;10.7;6.29;9.6;7.9;977.4;;;;;;;;;;;10.02.2021 13.20
11/02/2021 10:51:26;11/02/2021;10:51:26;0.0;157.5;1017.0;0.0;0.0;6.3;0.85;0.0;;0.0;3.9;;;;;;99.3;303.2;;;;5.0;5.2;;rain;10.7;6.29;9.6;7.9;977.4;;;;;;;;;;;10.02.2021 13.20
11/02/2021 10:53:35;11/02/2021;10:53:35;1.3498920086393087;202.5;1017.0;0.0;0.0;6.3;0.86;0.0;;1.7278617710583153;4.1;;;;;;99.3;303.2;;;;4.5;5.3;;rain;10.7;6.37;9.6;7.91;977.4;;;;;;;;;;;10.02.2021 13.20
11/02/2021 10:55:46;11/02/2021;10:55:46;0.0;45;1017.0;0.0;0.0;6.3;0.86;0.0;;0.0;4.1;;;;;;99.3;303.2;;;;5.0;5.3;;rain;10.7;6.37;9.6;7.91;977.4;;;;;;;;;;;10.02.2021 13.20
11/02/2021 10:57:54;11/02/2021;10:57:54;0.0;112.5;1017.0;0.0;0.0;6.3;0.88;0.0;;0.0;4.4;;;;;;99.3;303.2;;;;5.1;5.4;;rain;10.8;6.51;9.6;7.91;977.4;;;;;;;;;;;10.02.2021 13.20
11/02/2021 11:00:03;11/02/2021;11:00:03;0.8639308855291576;135;1017.0;0.0;0.0;6.3;0.85;0.0;;1.565874730021598;3.9;;;;;;99.3;303.2;;;;4.7;5.2;;rain;10.7;6.29;9.6;7.91;977.4;;;;;;;;;;;10.02.2021 13.20
11/02/2021 11:02:12;11/02/2021;11:02:12;0.0;135;1017.0;0.0;0.0;6.3;0.87;0.0;;0.0;4.3;;;;;;99.3;303.2;;;;5.0;5.4;;rain;10.8;6.44;9.6;7.91;977.4;;;;;;;;;;;10.02.2021 13.20
11/02/2021 11:04:25;11/02/2021;11:04:25;0.0;135;1017.0;0.0;0.0;6.4;0.87;0.0;;0.0;4.4;;;;;;99.3;303.2;;;;5.2;5.5;;rain;10.9;6.48;9.6;8.06;977.4;;;;;;;;;;;10.02.2021 13.20
11/02/2021 11:06:32;11/02/2021;11:06:32;0.0;135;1018.0;0.0;0.0;6.4;0.86;0.0;;0.0;4.2;;;;;;99.3;303.2;;;;5.1;5.4;;rain;10.8;6.41;9.6;8.06;978.4;;;;;;;;;;;10.02.2021 13.20
11/02/2021 11:08:45;11/02/2021;11:08:45;0.0;135;1018.0;0.0;0.0;6.3;0.88;1.0;;0.0;4.4;;;;;;99.3;303.2;;;;5.1;5.4;;rain;10.8;6.51;9.6;8.06;978.3;;;;;;;;;;;10.02.2021 13.20
11/02/2021 11:10:55;11/02/2021;11:10:55;0.0;157.5;1018.0;0.0;0.0;6.4;0.85;0.0;;0.0;4.0;;;;;;99.3;303.2;;;;5.1;5.4;;rain;10.8;6.33;9.6;8.06;978.4;;;;;;;;;;;10.02.2021 13.20
11/02/2021 11:13:06;11/02/2021;11:13:06;0.0;45;1018.0;0.0;0.0;6.5;0.85;0.0;;0.0;4.1;;;;;;99.3;303.2;;;;5.2;5.5;;rain;10.9;6.37;9.7;8.04;978.4;;;;;;;;;;;10.02.2021 13.20
11/02/2021 11:15:12;11/02/2021;11:15:12;0.0;67.5;1018.0;0.0;0.0;6.6;0.85;0.5;;0.0;4.2;;;;;;99.3;303.2;;;;5.3;5.6;;rain;10.9;6.42;9.7;8.04;978.4;;;;;;;;;;;10.02.2021 13.20
11/02/2021 11:17:18;11/02/2021;11:17:18;0.5399568034557235;202.5;1018.0;0.0;0.0;6.7;0.84;1.0;;0.9719222462203023;4.2;;;;;;99.3;303.2;;;;5.2;5.7;;rain;11.0;6.38;9.8;8.04;978.4;;;;;;;;;;;10.02.2021 13.20
11/02/2021 11:19:25;11/02/2021;11:19:25;0.0;157.5;1018.0;0.0;0.0;6.7;0.85;1.0;;0.0;4.3;;;;;;99.3;303.2;;;;5.4;5.8;;rain;11.0;6.46;9.8;8.04;978.4;;;;;;;;;;;10.02.2021 13.20
11/02/2021 11:23:57;11/02/2021;11:23:57;0.0;202.5;1018.0;0.0;0.0;6.6;0.85;1.0;;0.0;4.2;;;;;;99.3;303.2;;;;5.3;5.6;;rain;10.9;6.42;9.7;8.09;978.4;;;;;;;;;;;10.02.2021 13.20
11/02/2021 11:26:06;11/02/2021;11:26:06;0.0;112.5;1018.0;0.0;0.0;6.7;0.84;1.0;;0.0;4.2;;;;;;99.3;303.2;;;;5.4;5.7;;rain;11.0;6.38;9.8;8.09;978.4;;;;;;;;;;;10.02.2021 13.20
11/02/2021 11:28:20;11/02/2021;11:28:20;0.0;112.5;1018.0;0.0;0.0;6.8;0.84;1.0;;0.0;4.3;;;;;;99.3;303.2;;;;5.5;5.9;;rain;11.1;6.42;9.9;8.09;978.4;;;;;;;;;;;10.02.2021 13.20
11/02/2021 11:30:26;11/02/2021;11:30:26;0.0;202.5;1018.0;0.0;0.0;7.0;0.86;1.0;;0.0;4.8;;;;;;99.3;303.2;;;;5.8;6.2;;rain;11.3;6.66;10.0;8.09;978.4;;;;;;;;;;;10.02.2021 13.20
11/02/2021 11:32:32;11/02/2021;11:32:32;1.241900647948164;202.5;1018.0;0.0;0.0;7.2;0.83;1.0;;1.7278617710583153;4.5;;;;;;99.3;303.2;;;;5.5;6.3;;rain;11.3;6.51;10.2;8.09;978.5;;;;;;;;;;;10.02.2021 13.20
11/02/2021 11:34:42;11/02/2021;11:34:42;0.9719222462203023;202.5;1018.0;0.0;0.0;7.3;0.82;1.0;;0.9719222462203023;4.4;;;;;;99.3;303.2;;;;5.7;6.4;;rain;11.4;6.48;10.2;8.12;978.5;;;;;;;;;;;10.02.2021 13.20
11/02/2021 11:36:49;11/02/2021;11:36:49;0.0;0;1018.0;0.0;0.0;7.5;0.84;1.0;;0.0;4.9;;;;;;99.3;303.2;;;;6.4;6.8;;rain;11.6;6.72;10.4;8.12;978.5;;;;;;;;;;;10.02.2021 13.20
11/02/2021 11:38:57;11/02/2021;11:38:57;0.3779697624190064;180;1018.0;0.0;0.0;7.6;0.81;1.0;;0.593952483801296;4.5;;;;;;99.3;303.2;;;;6.3;6.7;;rain;11.6;6.52;10.4;8.12;978.5;;;;;;;;;;;10.02.2021 13.20
11/02/2021 11:41:04;11/02/2021;11:41:04;0.593952483801296;157.5;1018.0;0.0;0.0;7.6;0.81;1.0;;0.593952483801296;4.5;;;;;;99.3;303.2;;;;6.2;6.7;;rain;11.6;6.52;10.4;8.12;978.5;;;;;;;;;;;10.02.2021 13.20
11/02/2021 11:43:16;11/02/2021;11:43:16;0.2159827213822894;202.5;1018.0;0.0;0.0;7.6;0.83;1.0;;0.2159827213822894;4.9;;;;;;99.3;303.2;;;;6.4;6.9;;rain;11.6;6.69;10.4;8.12;978.5;;;;;;;;;;;10.02.2021 13.20
11/02/2021 11:45:22;11/02/2021;11:45:22;0.7559395248380129;157.5;1018.0;0.0;0.0;7.7;0.83;1.0;;1.3498920086393087;5.0;;;;;;99.3;303.2;;;;6.3;7.0;;rain;11.7;6.73;10.5;8.31;978.5;;;;;;;;;;;10.02.2021 13.20
11/02/2021 11:47:29;11/02/2021;11:47:29;0.0;112.5;1018.0;0.0;0.0;7.7;0.81;1.0;;0.0;4.6;;;;;;99.3;303.2;;;;6.5;6.9;;rain;11.6;6.57;10.5;8.31;978.5;;;;;;;;;;;10.02.2021 13.20
11/02/2021 11:49:35;11/02/2021;11:49:35;0.0;135;1018.0;0.0;0.0;7.8;0.81;1.0;;0.0;4.7;;;;;;99.3;303.2;;;;6.6;7.0;;rain;11.7;6.61;10.6;8.31;978.6;;;;;;;;;;;10.02.2021 13.20
11/02/2021 11:51:41;11/02/2021;11:51:41;0.0;202.5;1018.0;0.0;0.0;8.0;0.8;1.0;;0.0;4.7;;;;;;99.3;303.2;;;;6.8;7.2;;rain;11.8;6.61;10.7;8.31;978.6;;;;;;;;;;;10.02.2021 13.20
11/02/2021 11:53:44;11/02/2021;11:53:44;1.8898488120950323;202.5;1018.0;0.0;0.0;8.1;0.79;1.0;;2.159827213822894;4.6;;;;;;99.3;303.2;;;;6.2;7.3;;rain;11.9;6.57;10.8;8.31;978.6;;;;;;;;;;;10.02.2021 13.20
11/02/2021 11:55:54;11/02/2021;11:55:54;0.7559395248380129;202.5;1018.0;0.0;0.0;8.3;0.81;1.0;;0.7559395248380129;5.2;;;;;;99.3;303.2;;;;7.0;7.7;;rain;12.1;6.83;11.0;8.4;978.6;;;;;;;;;;;10.02.2021 13.20
11/02/2021 11:58:01;11/02/2021;11:58:01;1.565874730021598;202.5;1018.0;0.0;0.0;8.4;0.81;1.0;;1.565874730021598;5.3;;;;;;99.3;303.2;;;;6.8;7.8;;rain;12.2;6.87;11.0;8.4;978.6;;;;;;;;;;;10.02.2021 13.20
11/02/2021 12:00:07;11/02/2021;12:00:07;0.1079913606911447;202.5;1018.0;0.0;0.0;8.5;0.81;1.0;;0.2159827213822894;5.4;;;;;;99.3;303.2;;;;7.4;7.9;;rain;12.3;6.91;11.1;8.4;978.7;;;;;;;;;;;10.02.2021 13.20
11/02/2021 12:02:16;11/02/2021;12:02:16;0.48596112311015116;202.5;1018.0;0.0;0.0;8.6;0.79;1.0;;0.7559395248380129;5.1;;;;;;99.3;303.2;;;;7.3;7.9;;rain;12.3;6.79;11.2;8.4;978.7;;;;;;;;;;;10.02.2021 13.20
11/02/2021 12:04:27;11/02/2021;12:04:27;1.673866090712743;202.5;1018.0;0.0;0.0;8.8;0.78;1.0;;1.7278617710583153;5.1;;;;;;99.3;303.2;;;;7.1;8.1;;rain;12.4;6.79;11.3;8.4;978.7;;;;;;;;;;;10.02.2021 13.20
11/02/2021 12:06:32;11/02/2021;12:06:32;0.0;202.5;1018.0;0.0;0.0;8.8;0.8;1.0;;0.0;5.5;;;;;;99.3;303.2;;;;7.8;8.3;;rain;12.5;6.96;11.3;8.68;978.7;;;;;;;;;;;10.02.2021 13.20
11/02/2021 12:08:38;11/02/2021;12:08:38;0.1079913606911447;157.5;1018.0;0.0;0.0;8.8;0.79;1.0;;0.2159827213822894;5.3;;;;;;99.3;303.2;;;;7.7;8.2;;rain;12.4;6.87;11.3;8.68;978.7;;;;;;;;;;;10.02.2021 13.20
11/02/2021 12:10:47;11/02/2021;12:10:47;0.9719222462203023;202.5;1018.0;0.0;0.0;8.8;0.78;1.0;;0.9719222462203023;5.1;;;;;;99.3;303.2;;;;7.4;8.1;;rain;12.4;6.79;11.3;8.68;978.7;;;;;;;;;;;10.02.2021 13.20
11/02/2021 12:12:53;11/02/2021;12:12:53;0.7559395248380129;202.5;1018.0;0.0;0.0;8.8;0.79;1.0;;0.9719222462203023;5.3;;;;;;99.3;303.2;;;;7.5;8.2;;rain;12.4;6.87;11.3;8.68;978.7;;;;;;;;;;;10.02.2021 13.20
11/02/2021 12:15:01;11/02/2021;12:15:01;0.0;157.5;1018.0;0.0;0.0;8.7;0.79;1.0;;0.0;5.2;;;;;;99.3;303.2;;;;7.6;8.1;;rain;12.4;6.83;11.3;8.68;978.7;;;;;;;;;;;10.02.2021 13.20
11/02/2021 12:18:45;11/02/2021;12:18:45;1.7278617710583153;202.5;1018.0;0.0;0.0;8.8;0.79;1.0;;2.321814254859611;5.3;;;;;;99.3;303.2;;;;7.1;8.2;;rain;12.4;6.87;11.3;8.92;978.7;;;;;;;;;;;10.02.2021 13.20
11/02/2021 12:23:04;11/02/2021;12:23:04;0.2159827213822894;202.5;1018.0;0.0;0.0;8.9;0.78;1.0;;0.2159827213822894;5.2;;;;;;99.3;303.2;;;;7.8;8.3;;rain;12.5;6.83;11.4;8.92;978.7;;;;;;;;;;;10.02.2021 13.20
11/02/2021 12:25:13;11/02/2021;12:25:13;0.9719222462203023;202.5;1018.0;0.0;0.0;8.9;0.79;1.0;;0.9719222462203023;5.4;;;;;;99.3;303.2;;;;7.5;8.3;;rain;12.5;6.92;11.4;8.92;978.7;;;;;;;;;;;10.02.2021 13.20
11/02/2021 12:27:22;11/02/2021;12:27:22;1.7278617710583153;202.5;1018.0;0.0;0.0;8.9;0.77;1.0;;1.7278617710583153;5.0;;;;;;99.3;303.2;;;;7.2;8.2;;rain;12.4;6.74;11.4;9.27;978.7;;;;;;;;;;;10.02.2021 13.20
11/02/2021 12:29:32;11/02/2021;12:29:32;1.673866090712743;202.5;1018.0;0.0;0.0;8.9;0.75;1.0;;1.7278617710583153;4.7;;;;;;99.3;303.2;;;;7.1;8.1;;rain;12.3;6.57;11.4;9.27;978.7;;;;;;;;;;;10.02.2021 13.20
11/02/2021 12:31:38;11/02/2021;12:31:38;1.241900647948164;202.5;1018.0;0.0;0.0;8.8;0.75;1.0;;1.565874730021598;4.6;;;;;;99.3;303.2;;;;7.2;8.0;;rain;12.3;6.53;11.3;9.27;978.7;;;;;;;;;;;10.02.2021 13.20
11/02/2021 12:33:45;11/02/2021;12:33:45;0.26997840172786175;202.5;1018.0;0.0;0.0;8.9;0.77;1.0;;0.593952483801296;5.0;;;;;;99.3;303.2;;;;7.7;8.2;;rain;12.4;6.74;11.4;9.27;978.7;;;;;;;;;;;10.02.2021 13.20
11/02/2021 12:35:51;11/02/2021;12:35:51;2.2138228941684663;202.5;1018.0;0.0;0.0;8.9;0.74;1.0;;2.537796976241901;4.5;;;;;;99.3;303.2;;;;6.9;8.0;;rain;12.3;6.48;11.4;9.72;978.7;;;;;;;;;;;10.02.2021 13.20
11/02/2021 12:38:05;11/02/2021;12:38:05;1.9438444924406046;202.5;1018.0;0.0;0.0;9.0;0.75;1.0;;2.321814254859611;4.8;;;;;;99.3;303.2;;;;7.1;8.2;;rain;12.4;6.61;11.5;9.72;978.7;;;;;;;;;;;10.02.2021 13.20
11/02/2021 12:40:10;11/02/2021;12:40:10;1.565874730021598;202.5;1018.0;0.0;0.0;9.0;0.74;1.0;;1.565874730021598;4.6;;;;;;99.3;303.2;;;;7.2;8.2;;rain;12.4;6.52;11.5;9.72;978.7;;;;;;;;;;;10.02.2021 13.20
11/02/2021 12:42:16;11/02/2021;12:42:16;0.7559395248380129;135;1018.0;0.0;0.0;9.1;0.74;1.0;;0.7559395248380129;4.7;;;;;;99.3;303.2;;;;7.6;8.3;;rain;12.5;6.56;11.6;9.72;978.7;;;;;;;;;;;10.02.2021 13.20
11/02/2021 12:44:23;11/02/2021;12:44:23;0.9719222462203023;157.5;1018.0;0.0;0.0;9.1;0.73;1.0;;0.9719222462203023;4.5;;;;;;99.3;303.2;;;;7.5;8.2;;rain;12.4;6.48;11.6;9.72;978.7;;;;;;;;;;;10.02.2021 13.20
11/02/2021 12:46:29;11/02/2021;12:46:29;1.3498920086393087;180;1018.0;0.0;0.0;9.2;0.74;1.0;;1.7278617710583153;4.8;;;;;;99.3;303.2;;;;7.6;8.4;;rain;12.5;6.61;11.6;10.13;978.7;;;;;;;;;;;10.02.2021 13.20
11/02/2021 12:48:36;11/02/2021;12:48:36;0.0;157.5;1018.0;0.0;0.0;9.2;0.72;1.0;;0.0;4.4;;;;;;99.3;303.2;;;;8.0;8.3;;rain;12.4;6.43;11.6;10.13;978.7;;;;;;;;;;;10.02.2021 13.20
11/02/2021 12:50:42;11/02/2021;12:50:42;0.2159827213822894;202.5;1018.0;0.0;0.0;9.4;0.72;1.0;;1.7278617710583153;4.6;;;;;;99.3;303.2;;;;8.1;8.6;;rain;12.6;6.51;11.8;10.13;978.8;;;;;;;;;;;10.02.2021 13.20
11/02/2021 12:52:48;11/02/2021;12:52:48;1.187904967602592;202.5;1018.0;0.0;0.0;9.5;0.71;1.0;;1.3498920086393087;4.4;;;;;;99.3;303.2;;;;7.8;8.6;;rain;12.6;6.46;11.9;10.13;978.8;;;;;;;;;;;10.02.2021 13.20
11/02/2021 12:54:58;11/02/2021;12:54:58;3.293736501079913;202.5;1018.0;0.0;0.0;9.7;0.71;1.0;;3.293736501079913;4.6;9.1;;;;;99.3;303.2;;;;7.3;8.9;;rain;12.8;6.54;12.0;10.13;978.8;;;;;;;;;;;10.02.2021 13.20
11/02/2021 12:57:04;11/02/2021;12:57:04;1.83585313174946;202.5;1018.0;0.0;0.0;9.7;0.72;0.0;;4.643628509719222;4.8;;;;;;99.3;303.2;;;;7.9;8.9;;rain;12.8;6.64;12.0;10.35;978.8;;;;;;;;;;;10.02.2021 13.20
11/02/2021 13:00:10;11/02/2021;13:00:10;1.565874730021598;157.5;1018.0;0.0;0.0;9.5;0.74;0.5;;1.565874730021598;5.0;;;;;;99.3;303.2;;;;7.8;8.8;;rain;12.8;6.73;11.9;10.35;978.8;;;;;;;;;;;10.02.2021 13.20
11/02/2021 13:02:15;11/02/2021;13:02:15;2.915766738660907;202.5;1018.0;0.0;0.0;9.4;0.74;1.0;;2.915766738660907;5.0;9.0;;;;;99.3;303.2;;;;7.2;8.7;;rain;12.7;6.69;11.8;10.35;978.8;;;;;;;;;;;10.02.2021 13.20
11/02/2021 13:04:27;11/02/2021;13:04:27;1.565874730021598;202.5;1018.0;0.0;0.0;9.2;0.75;0.0;;1.565874730021598;5.0;;;;;;99.3;303.2;;;;7.5;8.5;;rain;12.6;6.7;11.6;10.35;978.7;;;;;;;;;;;10.02.2021 13.20
11/02/2021 13:06:35;11/02/2021;13:06:35;0.0;202.5;1018.0;0.0;0.0;9.1;0.76;1.0;;0.0;5.0;;;;;;99.3;303.2;;;;8.0;8.4;;rain;12.5;6.74;11.6;10.97;978.7;;;;;;;;;;;10.02.2021 13.20
11/02/2021 13:08:43;11/02/2021;13:08:43;2.159827213822894;202.5;1018.0;0.0;0.0;9.1;0.76;1.0;;2.6997840172786174;5.0;;;;;;99.3;303.2;;;;7.2;8.4;;rain;12.5;6.74;11.6;10.97;978.7;;;;;;;;;;;10.02.2021 13.20
11/02/2021 13:10:53;11/02/2021;13:10:53;2.8617710583153344;202.5;1018.0;0.0;0.0;9.2;0.76;1.0;;3.131749460043196;5.1;8.8;;;;;99.3;303.2;;;;7.1;8.5;;rain;12.6;6.78;11.6;10.97;978.7;;;;;;;;;;;10.02.2021 13.20
11/02/2021 13:13:01;11/02/2021;13:13:01;1.241900647948164;202.5;1018.0;0.0;0.0;9.2;0.77;1.0;;1.9438444924406046;5.3;;;;;;99.3;303.2;;;;7.7;8.6;;rain;12.7;6.87;11.6;10.97;978.7;;;;;;;;;;;10.02.2021 13.20
11/02/2021 13:15:10;11/02/2021;13:15:10;2.321814254859611;202.5;1018.0;0.0;0.0;9.3;0.75;1.0;;2.6997840172786174;5.0;;;;;;99.3;303.2;;;;7.4;8.6;;rain;12.7;6.74;11.7;10.97;978.8;;;;;;;;;;;10.02.2021 13.20
11/02/2021 13:17:18;11/02/2021;13:17:18;1.565874730021598;135;1018.0;0.0;0.0;9.4;0.76;1.0;;1.9438444924406046;5.3;;;;;;99.3;303.2;;;;7.8;8.8;;rain;12.8;6.87;11.8;11.58;978.8;;;;;;;;;;;10.02.2021 13.20
11/02/2021 13:19:28;11/02/2021;13:19:28;1.3498920086393087;202.5;1018.0;0.0;0.0;9.4;0.76;1.0;;1.3498920086393087;5.3;;;;;;99.3;303.2;;;;7.9;8.8;;rain;12.8;6.87;11.8;11.58;978.8;;;;;;;;;;;10.02.2021 13.20
11/02/2021 13:21:36;11/02/2021;13:21:36;3.131749460043196;202.5;1018.0;0.0;0.0;9.4;0.76;1.0;;3.131749460043196;5.3;8.8;;;;;99.3;303.2;;;;7.2;8.8;;rain;12.8;6.87;11.8;11.58;978.8;;;;;;;;;;;10.02.2021 13.20
11/02/2021 13:23:48;11/02/2021;13:23:48;2.321814254859611;202.5;1018.0;0.0;0.0;9.5;0.73;1.0;;2.321814254859611;4.8;;;;;;99.3;303.2;;;;7.5;8.7;;rain;12.7;6.64;11.9;11.58;978.8;;;;;;;;;;;10.02.2021 13.20
11/02/2021 13:25:55;11/02/2021;13:25:55;0.2159827213822894;0;1018.0;0.0;0.0;9.6;0.71;1.0;;0.593952483801296;4.5;;;;;;99.3;303.2;;;;8.3;8.7;;rain;12.7;6.5;12.0;11.58;978.8;;;;;;;;;;;10.02.2021 13.20
11/02/2021 13:28:01;11/02/2021;13:28:01;0.0;202.5;1018.0;0.0;0.0;9.7;0.72;1.0;;0.0;4.8;;;;;;99.3;303.2;;;;8.6;8.9;;rain;12.8;6.64;12.0;12.08;978.8;;;;;;;;;;;10.02.2021 13.20
11/02/2021 13:30:10;11/02/2021;13:30:10;1.9438444924406046;202.5;1018.0;0.0;0.0;9.9;0.71;1.0;;2.915766738660907;4.8;;;;;;99.3;303.2;;;;8.1;9.1;;rain;13.0;6.63;12.2;12.08;978.8;;;;;;;;;;;10.02.2021 13.20
11/02/2021 13:32:20;11/02/2021;13:32:20;1.83585313174946;202.5;1018.0;0.0;0.0;10.1;0.72;1.0;;2.321814254859611;5.2;;;;;;99.3;303.2;;;;8.4;9.5;;rain;13.2;6.81;12.4;12.08;978.9;;;;;;;;;;;10.02.2021 13.20
11/02/2021 13:34:46;11/02/2021;13:34:46;1.3498920086393087;202.5;1018.0;0.0;0.0;10.2;0.68;1.0;;1.3498920086393087;4.5;;;;;;99.3;303.2;;;;8.5;9.3;;rain;13.0;6.47;12.4;12.08;978.9;;;;;;;;;;;10.02.2021 13.20
11/02/2021 13:36:56;11/02/2021;13:36:56;4.265658747300216;202.5;1018.0;0.0;0.0;10.3;0.69;1.0;;7.019438444924406;4.8;;;;;;99.3;303.2;;;;7.6;9.5;;rain;13.2;6.61;12.5;12.62;978.9;;;;;;;;;;;10.02.2021 13.20
11/02/2021 13:39:03;11/02/2021;13:39:03;1.9978401727861772;157.5;1018.0;0.0;0.0;10.3;0.7;1.0;;4.265658747300216;5.0;;;;;;99.3;303.2;;;;8.5;9.6;;rain;13.2;6.7;12.5;12.62;978.9;;;;;;;;;;;10.02.2021 13.20
11/02/2021 13:41:12;11/02/2021;13:41:12;2.483801295896328;202.5;1018.0;0.0;0.0;10.3;0.68;1.0;;4.481641468682506;4.6;;;;;;99.3;303.2;;;;8.2;9.5;;rain;13.1;6.51;12.5;12.62;978.9;;;;;;;;;;;10.02.2021 13.20
11/02/2021 13:43:19;11/02/2021;13:43:19;1.079913606911447;202.5;1018.0;0.0;0.0;10.4;0.69;1.0;;1.7278617710583153;4.9;;;;;;99.3;303.2;;;;8.9;9.7;;rain;13.3;6.65;12.6;12.62;978.9;;;;;;;;;;;10.02.2021 13.20
11/02/2021 13:45:31;11/02/2021;13:45:31;3.9956803455723544;202.5;1018.0;0.0;0.0;10.4;0.68;1.0;;6.42548596112311;4.7;;;;;;99.3;303.2;;;;7.8;9.6;;rain;13.2;6.55;12.6;12.62;978.9;;;;;;;;;;;10.02.2021 13.20
11/02/2021 13:47:42;11/02/2021;13:47:42;1.9438444924406046;202.5;1018.0;0.0;0.0;10.4;0.69;1.0;;2.159827213822894;4.9;;;;;;99.3;303.2;;;;8.6;9.7;;rain;13.3;6.65;12.6;13.29;978.9;;;;;;;;;;;10.02.2021 13.20
11/02/2021 13:50:00;11/02/2021;13:50:00;2.159827213822894;157.5;1018.0;0.0;0.0;10.5;0.68;1.0;;2.537796976241901;4.8;;;;;;99.3;303.2;;;;8.6;9.7;;rain;13.3;6.59;12.7;13.29;978.9;;;;;;;;;;;10.02.2021 13.20
11/02/2021 13:52:07;11/02/2021;13:52:07;1.7278617710583153;157.5;1018.0;0.0;0.0;10.5;0.69;1.0;;1.7278617710583153;5.0;;;;;;99.3;303.2;;;;8.8;9.8;;rain;13.3;6.69;12.7;13.29;978.9;;;;;;;;;;;10.02.2021 13.20
11/02/2021 13:54:14;11/02/2021;13:54:14;3.131749460043196;202.5;1018.0;0.0;0.0;10.5;0.69;1.0;;4.643628509719222;5.0;;;;;;99.3;303.2;;;;8.3;9.8;;rain;13.3;6.69;12.7;13.29;978.9;;;;;;;;;;;10.02.2021 13.20
11/02/2021 13:56:23;11/02/2021;13:56:23;1.9978401727861772;180;1018.0;0.0;0.0;10.4;0.68;0.0;;4.265658747300216;4.7;;;;;;99.3;303.2;;;;8.5;9.6;;rain;13.2;6.55;12.6;13.29;978.9;;;;;;;;;;;10.02.2021 13.20
11/02/2021 13:58:30;11/02/2021;13:58:30;3.67170626349892;202.5;1018.0;0.0;0.0;10.4;0.67;0.0;;4.481641468682506;4.5;;;;;;99.3;303.2;;;;7.9;9.5;;rain;13.2;6.46;12.6;13.91;978.9;;;;;;;;;;;10.02.2021 13.20
11/02/2021 14:00:37;11/02/2021;14:00:37;4.427645788336933;202.5;1018.0;0.0;0.0;10.3;0.67;1.0;;6.587473002159826;4.4;;;;;;99.3;303.2;;;;7.5;9.4;;rain;13.1;6.41;12.5;13.91;978.9;;;;;;;;;;;10.02.2021 13.20
11/02/2021 14:02:49;11/02/2021;14:02:49;0.9719222462203023;157.5;1018.0;0.0;0.0;10.3;0.66;1.0;;0.9719222462203023;4.2;;;;;;99.3;303.2;;;;8.7;9.3;;rain;13.0;6.32;12.5;13.91;978.9;;;;;;;;;;;10.02.2021 13.20
11/02/2021 14:05:00;11/02/2021;14:05:00;1.565874730021598;157.5;1018.0;0.0;0.0;10.4;0.67;0.0;;4.265658747300216;4.5;;;;;;99.3;303.2;;;;8.6;9.5;;rain;13.2;6.46;12.6;13.91;978.9;;;;;;;;;;;10.02.2021 13.20
11/02/2021 14:07:09;11/02/2021;14:07:09;3.509719222462203;202.5;1018.0;0.0;0.0;10.4;0.67;1.0;;5.453563714902807;4.5;;;;;;99.3;303.2;;;;7.9;9.5;;rain;13.2;6.46;12.6;14.76;978.9;;;;;;;;;;;10.02.2021 13.20
11/02/2021 14:09:34;11/02/2021;14:09:34;1.565874730021598;157.5;1018.0;0.0;0.0;10.6;0.65;1.0;;1.565874730021598;4.2;;;;;;99.3;303.2;;;;8.8;9.6;;rain;13.2;6.34;12.8;14.76;978.9;;;;;;;;;;;10.02.2021 13.20
11/02/2021 14:11:42;11/02/2021;14:11:42;2.321814254859611;202.5;1018.0;0.0;0.0;10.7;0.65;1.0;;2.6997840172786174;4.3;;;;;;99.3;303.2;;;;8.6;9.8;;rain;13.3;6.38;12.9;14.76;978.9;;;;;;;;;;;10.02.2021 13.20
11/02/2021 14:13:50;11/02/2021;14:13:50;2.321814254859611;202.5;1018.0;0.0;0.0;10.7;0.65;0.0;;2.915766738660907;4.3;;;;;;99.3;303.2;;;;8.6;9.8;;rain;13.3;6.38;12.9;14.76;978.9;;;;;;;;;;;10.02.2021 13.20
11/02/2021 14:15:57;11/02/2021;14:15:57;2.159827213822894;157.5;1018.0;0.0;0.0;10.6;0.65;0.0;;4.265658747300216;4.2;;;;;;99.3;303.2;;;;8.6;9.6;;rain;13.2;6.34;12.8;14.76;978.9;;;;;;;;;;;10.02.2021 13.20
11/02/2021 14:18:03;11/02/2021;14:18:03;2.375809935205184;202.5;1018.0;0.0;0.0;10.6;0.66;0.0;;4.265658747300216;4.4;;;;;;99.3;303.2;;;;8.5;9.7;;rain;13.3;6.44;12.8;15.44;978.9;;;;;;;;;;;10.02.2021 13.20
11/02/2021 14:20:11;11/02/2021;14:20:11;1.079913606911447;202.5;1018.0;0.0;0.0;10.5;0.66;0.5;;1.9438444924406046;4.4;;;;;;99.3;303.2;;;;8.9;9.6;;rain;13.2;6.4;12.7;15.44;978.9;;;;;;;;;;;10.02.2021 13.20
11/02/2021 14:22:18;11/02/2021;14:22:18;3.0237580993520514;202.5;1018.0;0.0;0.0;10.5;0.65;0.0;;4.481641468682506;4.1;;;;;;99.3;303.2;;;;8.1;9.5;;rain;13.1;6.3;12.7;15.44;978.9;;;;;;;;;;;10.02.2021 13.20
11/02/2021 14:24:31;11/02/2021;14:24:31;1.3498920086393087;157.5;1018.0;0.0;0.0;10.5;0.65;0.0;;1.7278617710583153;4.1;;;;;;99.3;303.2;;;;8.7;9.5;;rain;13.1;6.3;12.7;15.44;978.9;;;;;;;;;;;10.02.2021 13.20
11/02/2021 14:26:44;11/02/2021;14:26:44;4.103671706263499;112.5;1018.0;0.0;0.0;10.5;0.65;0.0;;6.42548596112311;4.1;;;;;;99.3;303.2;;;;7.7;9.5;;rain;13.1;6.3;12.7;15.44;978.9;;;;;;;;;;;10.02.2021 13.20
11/02/2021 14:28:52;11/02/2021;14:28:52;2.2138228941684663;157.5;1018.0;0.0;0.0;10.4;0.65;0.0;;2.915766738660907;4.0;;;;;;99.3;303.2;;;;8.3;9.4;;rain;13.1;6.26;12.6;16.3;978.9;;;;;;;;;;;10.02.2021 13.20
11/02/2021 14:30:59;11/02/2021;14:30:59;1.3498920086393087;202.5;1018.0;0.0;0.0;10.3;0.65;1.0;;2.6997840172786174;3.9;;;;;;99.3;303.2;;;;8.5;9.2;;rain;13.0;6.22;12.5;16.3;978.9;;;;;;;;;;;10.02.2021 13.20
11/02/2021 14:33:07;11/02/2021;14:33:07;1.9438444924406046;180;1018.0;0.0;0.0;10.2;0.63;0.0;;1.9438444924406046;3.4;;;;;;99.3;303.2;;;;8.1;9.0;;rain;12.8;5.99;12.4;16.3;978.9;;;;;;;;;;;10.02.2021 13.20
11/02/2021 14:35:15;11/02/2021;14:35:15;3.131749460043196;202.5;1018.0;0.0;0.0;10.1;0.65;0.0;;4.481641468682506;3.8;;;;;;99.3;303.2;;;;7.6;9.0;;rain;12.8;6.14;12.4;16.3;978.9;;;;;;;;;;;10.02.2021 13.20
11/02/2021 14:37:27;11/02/2021;14:37:27;3.9416846652267816;157.5;1018.0;0.0;0.0;10.0;0.66;0.0;;6.42548596112311;3.9;9.2;;;;;99.3;303.2;;;;7.3;8.9;;rain;12.8;6.2;12.3;16.3;978.9;;;;;;;;;;;10.02.2021 13.20
11/02/2021 14:39:34;11/02/2021;14:39:34;5.453563714902807;135;1018.0;0.0;0.0;9.8;0.68;0.0;;8.369330453563714;4.1;8.4;;;;;99.3;303.2;;;;6.6;8.8;;rain;12.7;6.31;12.1;17.53;978.8;;;;;;;;;;;10.02.2021 13.20
11/02/2021 14:41:45;11/02/2021;14:41:45;1.83585313174946;135;1018.0;0.0;0.0;9.5;0.67;0.0;;2.537796976241901;3.6;;;;;;99.3;303.2;;;;7.5;8.3;;rain;12.4;6.1;11.9;17.53;978.8;;;;;;;;;;;10.02.2021 13.20
11/02/2021 14:43:51;11/02/2021;14:43:51;1.9438444924406046;202.5;1018.0;0.0;0.0;9.4;0.67;0.0;;2.321814254859611;3.5;;;;;;99.3;303.2;;;;7.3;8.2;;rain;12.4;6.06;11.8;17.53;978.8;;;;;;;;;;;10.02.2021 13.20
11/02/2021 14:45:57;11/02/2021;14:45:57;2.537796976241901;135;1018.0;0.0;0.0;9.2;0.66;0.0;;4.859611231101511;3.1;;;;;;99.3;303.2;;;;6.8;7.9;;rain;12.2;5.89;11.6;17.53;978.7;;;;;;;;;;;10.02.2021 13.20
11/02/2021 14:48:06;11/02/2021;14:48:06;1.7278617710583153;157.5;1018.0;0.0;0.0;9.1;0.66;0.0;;2.159827213822894;3.0;;;;;;99.3;303.2;;;;7.0;7.8;;rain;12.1;5.85;11.6;18.74;978.7;;;;;;;;;;;10.02.2021 13.20
11/02/2021 14:50:42;11/02/2021;14:50:42;1.9438444924406046;202.5;1018.0;0.0;0.0;9.2;0.68;0.0;;2.6997840172786174;3.5;;;;;;99.3;303.2;;;;7.1;8.0;;rain;12.3;6.07;11.6;18.74;978.7;;;;;;;;;;;10.02.2021 13.20
11/02/2021 14:52:56;11/02/2021;14:52:56;4.859611231101511;157.5;1018.0;0.0;0.0;9.3;0.67;0.0;;6.42548596112311;3.4;8.0;;;;;99.3;303.2;;;;6.1;8.1;;rain;12.3;6.02;11.7;18.74;978.8;;;;;;;;;;;10.02.2021 13.20
11/02/2021 14:55:02;11/02/2021;14:55:02;0.0;202.5;1018.0;0.0;0.0;9.4;0.66;0.0;;0.0;3.3;;;;;;99.3;303.2;;;;8.0;8.1;;rain;12.3;5.97;11.8;18.74;978.8;;;;;;;;;;;10.02.2021 13.20
11/02/2021 14:57:11;11/02/2021;14:57:11;4.157667386609071;157.5;1018.0;0.0;0.0;9.6;0.65;0.0;;4.859611231101511;3.3;8.6;;;;;99.3;303.2;;;;6.7;8.3;;rain;12.4;5.95;12.0;18.74;978.8;;;;;;;;;;;10.02.2021 13.20
11/02/2021 14:59:18;11/02/2021;14:59:18;2.6997840172786174;112.5;1018.0;0.0;0.0;9.7;0.65;0.0;;4.481641468682506;3.4;9.4;;;;;99.3;303.2;;;;7.3;8.5;;rain;12.5;5.99;12.0;19.54;978.8;;;;;;;;;;;10.02.2021 13.20
11/02/2021 15:01:24;11/02/2021;15:01:24;1.8898488120950323;135;1018.0;0.0;0.0;9.7;0.65;0.0;;4.265658747300216;3.4;;;;;;99.3;303.2;;;;7.6;8.5;;rain;12.5;5.99;12.0;19.54;978.8;;;;;;;;;;;10.02.2021 13.20
11/02/2021 15:03:31;11/02/2021;15:03:31;4.859611231101511;135;1018.0;0.0;0.0;9.8;0.65;0.0;;9.341252699784016;3.5;8.6;;;;;99.3;303.2;;;;6.6;8.6;;rain;12.6;6.03;12.1;19.54;978.8;;;;;;;;;;;10.02.2021 13.20
11/02/2021 15:05:37;11/02/2021;15:05:37;4.643628509719222;202.5;1018.0;0.0;0.0;9.7;0.64;0.0;;6.42548596112311;3.1;8.5;;;;;99.3;303.2;;;;6.6;8.4;;rain;12.5;5.9;12.0;19.54;978.8;;;;;;;;;;;10.02.2021 13.20
11/02/2021 15:08:05;11/02/2021;15:08:05;4.481641468682506;202.5;1018.0;0.0;0.0;9.7;0.65;0.0;;5.453563714902807;3.4;8.6;;;;;99.3;303.2;;;;6.7;8.5;;rain;12.5;5.99;12.0;19.54;978.8;;;;;;;;;;;10.02.2021 13.20
11/02/2021 15:10:14;11/02/2021;15:10:14;4.265658747300216;157.5;1018.0;0.0;0.0;9.8;0.64;0.0;;6.42548596112311;3.2;8.8;;;;;99.3;303.2;;;;6.8;8.5;;rain;12.5;5.94;12.1;20.64;978.8;;;;;;;;;;;10.02.2021 13.20
11/02/2021 15:12:33;11/02/2021;15:12:33;2.6997840172786174;202.5;1018.0;0.0;0.0;9.7;0.64;0.0;;4.481641468682506;3.1;9.4;;;;;99.3;303.2;;;;7.3;8.4;;rain;12.5;5.9;12.0;20.64;978.8;;;;;;;;;;;10.02.2021 13.20
11/02/2021 15:14:43;11/02/2021;15:14:43;3.4017278617710582;135;1018.0;0.0;0.0;9.8;0.64;0.0;;5.615550755939525;3.2;9.2;;;;;99.3;303.2;;;;7.1;8.5;;rain;12.5;5.94;12.1;20.64;978.8;;;;;;;;;;;10.02.2021 13.20
11/02/2021 15:16:54;11/02/2021;15:16:54;2.537796976241901;135;1018.0;0.0;0.0;9.8;0.63;0.0;;3.509719222462203;3.0;;;;;;99.3;303.2;;;;7.4;8.5;;rain;12.5;5.84;12.1;20.64;978.8;;;;;;;;;;;10.02.2021 13.20
11/02/2021 15:19:06;11/02/2021;15:19:06;3.0237580993520514;135;1018.0;0.0;0.0;9.8;0.62;0.0;;6.42548596112311;2.8;9.4;;;;;99.3;303.2;;;;7.2;8.4;;rain;12.4;5.75;12.1;21.72;978.8;;;;;;;;;;;10.02.2021 13.20
11/02/2021 15:21:14;11/02/2021;15:21:14;3.0237580993520514;157.5;1018.0;0.0;0.0;9.9;0.63;0.0;;5.615550755939525;3.1;9.5;;;;;99.3;303.2;;;;7.3;8.6;;rain;12.6;5.88;12.2;21.72;978.8;;;;;;;;;;;10.02.2021 13.20
11/02/2021 15:23:20;11/02/2021;15:23:20;2.537796976241901;202.5;1018.0;0.0;0.0;9.8;0.65;0.0;;2.6997840172786174;3.5;;;;;;99.3;303.2;;;;7.5;8.6;;rain;12.6;6.03;12.1;21.72;978.8;;;;;;;;;;;10.02.2021 13.20
11/02/2021 15:25:27;11/02/2021;15:25:27;1.673866090712743;90;1018.0;0.0;0.0;9.9;0.62;0.0;;2.915766738660907;2.9;;;;;;99.3;303.2;;;;7.8;8.5;;rain;12.5;5.79;12.2;21.72;978.8;;;;;;;;;;;10.02.2021 13.20
11/02/2021 15:27:37;11/02/2021;15:27:37;2.2678185745140387;202.5;1018.0;0.0;0.0;10.0;0.63;0.0;;4.643628509719222;3.2;;;;;;99.3;303.2;;;;7.7;8.7;;rain;12.6;5.92;12.3;21.72;978.9;;;;;;;;;;;10.02.2021 13.20
11/02/2021 15:29:43;11/02/2021;15:29:43;2.321814254859611;202.5;1018.0;0.0;0.0;10.0;0.63;0.0;;4.265658747300216;3.2;;;;;;99.3;303.2;;;;7.7;8.7;;rain;12.6;5.92;12.3;22.34;978.9;;;;;;;;;;;10.02.2021 13.20
11/02/2021 15:31:50;11/02/2021;15:31:50;1.565874730021598;157.5;1018.0;0.0;0.0;9.9;0.65;0.0;;1.7278617710583153;3.6;;;;;;99.3;303.2;;;;7.9;8.7;;rain;12.7;6.07;12.2;22.34;978.8;;;;;;;;;;;10.02.2021 13.20
11/02/2021 15:33:59;11/02/2021;15:33:59;1.7278617710583153;180;1018.0;0.0;0.0;9.9;0.64;0.0;;1.7278617710583153;3.3;;;;;;99.3;303.2;;;;7.8;8.6;;rain;12.6;5.97;12.2;22.34;978.8;;;;;;;;;;;10.02.2021 13.20
11/02/2021 15:36:11;11/02/2021;15:36:11;4.643628509719222;157.5;1019.0;0.0;0.0;9.9;0.64;0.0;;4.859611231101511;3.3;8.8;;;;;99.3;303.2;;;;6.8;8.6;;rain;12.6;5.97;12.2;22.34;979.8;;;;;;;;;;;10.02.2021 13.20
11/02/2021 15:38:18;11/02/2021;15:38:18;6.42548596112311;180;1019.0;0.0;0.0;9.8;0.62;0.0;;6.42548596112311;2.8;8.1;;;;;99.3;303.2;;;;6.0;8.4;;rain;12.4;5.75;12.1;22.34;979.8;;;;;;;;;;;10.02.2021 13.20
11/02/2021 15:40:24;11/02/2021;15:40:24;0.0;67.5;1019.0;0.0;0.0;9.8;0.64;0.0;;0.0;3.2;;;;;;99.3;303.2;;;;8.4;8.5;;rain;12.5;5.94;12.1;23.04;979.8;;;;;;;;;;;10.02.2021 13.20
11/02/2021 15:42:31;11/02/2021;15:42:31;0.0;180;1019.0;0.0;0.0;9.8;0.63;0.0;;0.0;3.0;;;;;;99.3;303.2;;;;8.3;8.5;;rain;12.5;5.84;12.1;23.04;979.8;;;;;;;;;;;10.02.2021 13.20
11/02/2021 15:44:40;11/02/2021;15:44:40;2.6997840172786174;135;1019.0;0.0;0.0;10.0;0.63;0.0;;2.915766738660907;3.2;9.8;;;;;99.3;303.2;;;;7.6;8.7;;rain;12.6;5.92;12.3;23.04;979.8;;;;;;;;;;;10.02.2021 13.20
11/02/2021 15:46:47;11/02/2021;15:46:47;4.481641468682506;202.5;1019.0;0.0;0.0;10.0;0.63;0.0;;4.481641468682506;3.2;8.9;;;;;99.3;303.2;;;;6.9;8.7;;rain;12.6;5.92;12.3;23.04;979.8;;;;;;;;;;;10.02.2021 13.20
11/02/2021 15:48:54;11/02/2021;15:48:54;0.2159827213822894;202.5;1019.0;0.0;0.0;10.1;0.64;0.0;;0.2159827213822894;3.5;;;;;;99.3;303.2;;;;8.6;8.9;;rain;12.8;6.05;12.4;23.04;979.8;;;;;;;;;;;10.02.2021 13.20
11/02/2021 16:03:03;11/02/2021;16:03:03;3.347732181425486;157.5;1019.0;0.0;0.0;9.3;0.67;0.0;;6.42548596112311;3.4;8.6;;;;;99.3;303.2;;;;6.7;8.1;;rain;12.3;6.02;11.7;24.76;979.7;;;;;;;;;;;10.02.2021 13.20
11/02/2021 16:05:15;11/02/2021;16:05:15;4.265658747300216;135;1019.0;0.0;0.0;9.3;0.68;0.0;;4.265658747300216;3.6;8.2;;;;;99.3;303.2;;;;6.4;8.1;;rain;12.3;6.11;11.7;24.76;979.7;;;;;;;;;;;10.02.2021 13.20
11/02/2021 16:07:25;11/02/2021;16:07:25;2.321814254859611;135;1019.0;0.0;0.0;9.2;0.67;0.0;;3.131749460043196;3.3;;;;;;99.3;303.2;;;;6.9;7.9;;rain;12.2;5.98;11.6;24.76;979.7;;;;;;;;;;;10.02.2021 13.20
11/02/2021 16:10:10;11/02/2021;16:10:10;3.293736501079913;157.5;1019.0;0.0;0.0;9.2;0.68;0.0;;4.265658747300216;3.5;8.5;;;;;99.3;303.2;;;;6.6;8.0;;rain;12.3;6.07;11.6;24.76;979.7;;;;;;;;;;;10.02.2021 13.20
11/02/2021 16:12:22;11/02/2021;16:12:22;4.859611231101511;112.5;1019.0;0.0;0.0;9.2;0.67;0.0;;4.859611231101511;3.3;7.9;;;;;99.3;303.2;;;;6.0;7.9;;rain;12.2;5.98;11.6;24.76;979.7;;;;;;;;;;;10.02.2021 13.20
11/02/2021 16:14:33;11/02/2021;16:14:33;1.9978401727861772;157.5;1019.0;0.0;0.0;9.2;0.67;0.0;;4.643628509719222;3.3;;;;;;99.3;303.2;;;;7.0;7.9;;rain;12.2;5.98;11.6;25.69;979.7;;;;;;;;;;;10.02.2021 13.20
11/02/2021 16:16:41;11/02/2021;16:16:41;0.9719222462203023;180;1019.0;0.0;0.0;9.3;0.67;0.0;;0.9719222462203023;3.4;;;;;;99.3;303.2;;;;7.5;8.1;;rain;12.3;6.02;11.7;25.69;979.7;;;;;;;;;;;10.02.2021 13.20
11/02/2021 16:18:52;11/02/2021;16:18:52;2.159827213822894;157.5;1019.0;0.0;0.0;9.3;0.66;0.0;;2.159827213822894;3.2;;;;;;99.3;303.2;;;;7.1;8.0;;rain;12.2;5.93;11.7;25.69;979.7;;;;;;;;;;;10.02.2021 13.20
11/02/2021 16:21:02;11/02/2021;16:21:02;2.915766738660907;135;1020.0;0.0;0.0;9.3;0.67;0.0;;4.265658747300216;3.4;8.8;;;;;99.3;303.2;;;;6.8;8.1;;rain;12.3;6.02;11.7;25.69;980.7;;;;;;;;;;;10.02.2021 13.20
11/02/2021 16:23:20;11/02/2021;16:23:20;2.375809935205184;202.5;1020.0;0.0;0.0;9.2;0.68;0.0;;5.075593952483802;3.5;;;;;;99.3;303.2;;;;7.0;8.0;;rain;12.3;6.07;11.6;25.69;980.7;;;;;;;;;;;10.02.2021 13.20
11/02/2021 16:25:26;11/02/2021;16:25:26;2.159827213822894;135;1020.0;0.0;0.0;9.1;0.68;0.0;;2.6997840172786174;3.4;;;;;;99.3;303.2;;;;6.9;7.9;;rain;12.2;6.03;11.6;26.36;980.7;;;;;;;;;;;10.02.2021 13.20
11/02/2021 16:27:38;11/02/2021;16:27:38;1.6198704103671706;112.5;1020.0;0.0;0.0;8.9;0.68;0.0;;1.7278617710583153;3.3;;;;;;99.3;303.2;;;;6.9;7.6;;rain;12.0;5.96;11.4;26.36;980.6;;;;;;;;;;;10.02.2021 13.20
11/02/2021 16:29:48;11/02/2021;16:29:48;1.8898488120950323;157.5;1020.0;0.0;0.0;8.8;0.68;0.0;;4.265658747300216;3.2;;;;;;99.3;303.2;;;;6.7;7.5;;rain;12.0;5.92;11.3;26.36;980.6;;;;;;;;;;;10.02.2021 13.20
11/02/2021 16:32:01;11/02/2021;16:32:01;3.509719222462203;157.5;1020.0;0.0;0.0;8.8;0.67;0.0;;4.859611231101511;2.9;8.0;;;;;99.3;303.2;;;;6.0;7.4;;rain;11.9;5.83;11.3;26.36;980.6;;;;;;;;;;;10.02.2021 13.20
11/02/2021 16:34:10;11/02/2021;16:34:10;0.593952483801296;157.5;1020.0;0.0;0.0;8.8;0.67;0.0;;0.593952483801296;2.9;;;;;;99.3;303.2;;;;7.1;7.4;;rain;11.9;5.83;11.3;26.36;980.6;;;;;;;;;;;10.02.2021 13.20
11/02/2021 16:36:20;11/02/2021;16:36:20;1.7278617710583153;202.5;1020.0;0.0;0.0;8.8;0.66;0.0;;1.9438444924406046;2.7;;;;;;99.3;303.2;;;;6.6;7.4;;rain;11.9;5.74;11.3;27.22;980.6;;;;;;;;;;;10.02.2021 13.20
11/02/2021 16:38:33;11/02/2021;16:38:33;1.9438444924406046;202.5;1020.0;0.0;0.0;9.0;0.66;0.0;;1.9438444924406046;2.9;;;;;;99.3;303.2;;;;6.8;7.6;;rain;12.0;5.82;11.5;27.22;980.6;;;;;;;;;;;10.02.2021 13.20
