timestamp_string;timestamp_string_date;timestamp_string_time;wind_speed_knots;wind_direction_deg;barometric_pressure_ssl_hPa;rain_today_mm;rain_rate_mmh;temperature_cels;rel_humidity;uv_index;heat_index_cels;wind_gust_knots;dew_point_cels;wind_chill_cels;ground_temperature_cels;solar_irradiance_wpsm;rel_leaf_wetness;soil_moisture_cb;rain_this_month_mm;rain_this_year_mm;evapotranspiration_today_mm;evapotranspiration_this_month_mm;evapotranspiration_this_year_mm;perceived_temperature_cels;humidex_cels;wind_temperature_cels;current_weather;wet_bulb_temperature_cels;absolute_humidity_gm3;saturated_vapor_pressure_hPa;windrun_km;barometric_pressure_wsl_hPa;average_wind_speed_knots;storm_rain_mmm, rain_in_last_storm_event_mm;cloud_height_m
03/12/2020 18:20:00;03/12/2020;18:20:00;0.0;337.5;1004.0;8.4;0.0;1.2;0.98;;1.2;3.4557235421166306;0.9;1.2;5.6;;1.0;39.0;17.0;1174.0;;;;1.2;;;;;;;;;0.0;;17.0;
03/12/2020 18:30:00;03/12/2020;18:30:00;0.0;337.5;1004.1;8.4;0.0;1.2;0.98;;1.2;3.4557235421166306;0.9;1.2;5.6;;1.0;38.0;17.0;1174.0;;;;1.2;;;;;;;;;0.0;;17.0;
03/12/2020 18:30:00;03/12/2020;18:30:00;0.0;337.5;1004.1;8.4;0.0;1.2;0.98;;1.2;3.4557235421166306;0.9;1.2;5.6;;1.0;38.0;17.0;1174.0;;;;1.2;;;;;;;;;0.0;;17.0;
03/12/2020 18:51:00;03/12/2020;18:51:00;0.8639308855291576;337.5;1003.9;8.4;0.0;1.1;0.98;;1.1;3.4557235421166306;0.8;1.1;5.6;;1.0;38.0;17.0;1174.0;;;;1.1;;;;;;;;;0.0;;17.0;
03/12/2020 19:01:00;03/12/2020;19:01:00;0.0;337.5;1003.9;8.4;0.0;1.1;0.98;;1.1;3.4557235421166306;0.8;1.1;5.6;;1.0;38.0;17.0;1174.0;;;;1.1;;;;;;;;;0.0;;17.0;
03/12/2020 19:10:00;03/12/2020;19:10:00;0.0;337.5;1004.1;8.4;0.0;1.2;0.98;;1.2;3.4557235421166306;0.9;1.2;5.6;;1.0;38.0;17.0;1174.0;;;;1.2;;;;;;;;;0.0;;17.0;
03/12/2020 19:21:00;03/12/2020;19:21:00;0.0;337.5;1004.1;8.4;0.0;1.4;0.98;;1.4;3.4557235421166306;1.1;1.4;5.6;;1.0;38.0;17.0;1174.0;;;;1.4;;;;;;;;;0.0;;17.0;
03/12/2020 19:31:00;03/12/2020;19:31:00;0.0;135;1004.1;8.4;0.0;1.3;0.98;;1.3;3.4557235421166306;1.0;1.3;5.6;;1.0;38.0;17.0;1174.0;;;;1.3;;;;;;;;;0.0;;17.0;
03/12/2020 19:40:00;03/12/2020;19:40:00;0.0;135;1004.1;8.4;0.0;1.1;0.98;;1.1;3.4557235421166306;0.8;1.1;5.6;;1.0;38.0;17.0;1174.0;;;;1.1;;;;;;;;;0.0;;17.0;
03/12/2020 19:51:00;03/12/2020;19:51:00;0.0;67.5;1004.1;8.6;0.0;1.1;0.98;;1.1;3.4557235421166306;0.8;1.1;5.6;;1.0;38.0;17.2;1174.2;;;;1.1;;;;;;;;;0.0;;17.2;
03/12/2020 20:00:00;03/12/2020;20:00:00;0.0;67.5;1003.9;8.6;0.0;1.1;0.98;;1.1;3.4557235421166306;0.8;1.1;5.6;;1.0;38.0;17.2;1174.2;;;;1.1;;;;;;;;;0.0;;17.2;
03/12/2020 20:10:00;03/12/2020;20:10:00;0.0;67.5;1003.7;8.6;0.0;1.2;0.98;;1.2;3.4557235421166306;0.9;1.2;5.6;;1.0;38.0;17.2;1174.2;;;;1.2;;;;;;;;;0.0;;17.2;
03/12/2020 20:21:00;03/12/2020;20:21:00;0.0;67.5;1003.6;8.6;0.0;1.2;0.98;;1.2;3.4557235421166306;0.9;1.2;5.6;;1.0;38.0;17.2;1174.2;;;;1.2;;;;;;;;;0.0;;17.2;
03/12/2020 20:31:00;03/12/2020;20:31:00;0.0;67.5;1003.6;8.6;0.0;1.3;0.98;;1.3;3.4557235421166306;1.0;1.3;5.6;;1.0;38.0;17.2;1174.2;;;;1.3;;;;;;;;;0.0;;17.2;
03/12/2020 20:40:00;03/12/2020;20:40:00;0.0;67.5;1003.6;8.6;0.0;1.3;0.98;;1.3;3.4557235421166306;1.1;1.3;5.6;;1.0;38.0;17.2;1174.2;;;;1.3;;;;;;;;;0.0;;17.2;
03/12/2020 20:50:00;03/12/2020;20:50:00;0.0;67.5;1003.5;8.6;0.0;1.3;0.98;;1.3;3.4557235421166306;1.0;1.3;5.6;;1.0;38.0;17.2;1174.2;;;;1.3;;;;;;;;;0.0;;17.2;
03/12/2020 21:01:00;03/12/2020;21:01:00;0.0;67.5;1003.5;8.6;0.0;1.3;0.98;;1.3;3.4557235421166306;1.0;1.3;5.6;;1.0;38.0;17.2;1174.2;;;;1.3;;;;;;;;;0.0;;17.2;
03/12/2020 21:10:00;03/12/2020;21:10:00;0.0;67.5;1003.4;8.6;0.0;1.2;0.98;;1.2;3.4557235421166306;0.9;1.2;5.6;;1.0;38.0;17.2;1174.2;;;;1.2;;;;;;;;;0.0;;17.2;
03/12/2020 21:20:00;03/12/2020;21:20:00;0.0;67.5;1003.4;8.6;0.0;1.2;0.98;;1.2;3.4557235421166306;0.9;1.2;5.6;;1.0;38.0;17.2;1174.2;;;;1.2;;;;;;;;;0.0;;17.2;
03/12/2020 21:31:00;03/12/2020;21:31:00;0.0;67.5;1003.4;8.8;0.0;1.2;0.98;;1.2;3.4557235421166306;0.9;1.2;5.6;;1.0;38.0;17.4;1174.4;;;;1.2;;;;;;;;;0.0;;17.4;
03/12/2020 21:40:00;03/12/2020;21:40:00;0.0;67.5;1003.3;8.8;0.0;1.1;0.98;;1.1;3.4557235421166306;0.8;1.1;5.6;;1.0;38.0;17.4;1174.4;;;;1.1;;;;;;;;;0.0;;17.4;
03/12/2020 21:50:00;03/12/2020;21:50:00;0.0;67.5;1003.2;8.8;0.0;1.1;0.98;;1.1;3.4557235421166306;0.8;1.1;5.6;;1.0;38.0;17.4;1174.4;;;;1.1;;;;;;;;;0.0;;17.4;
03/12/2020 22:01:00;03/12/2020;22:01:00;0.0;67.5;1003.1;8.8;0.0;1.2;0.98;;1.2;3.4557235421166306;0.9;1.2;5.6;;1.0;38.0;17.4;1174.4;;;;1.2;;;;;;;;;0.0;;17.4;
03/12/2020 22:10:00;03/12/2020;22:10:00;0.0;67.5;1003.0;8.8;0.0;1.2;0.98;;1.2;3.4557235421166306;0.9;1.2;5.6;;1.0;38.0;17.4;1174.4;;;;1.2;;;;;;;;;0.0;;17.4;
03/12/2020 22:21:00;03/12/2020;22:21:00;0.0;67.5;1003.0;8.8;0.0;1.2;0.98;;1.2;3.4557235421166306;0.9;1.2;5.6;;1.0;38.0;17.4;1174.4;;;;1.2;;;;;;;;;0.0;;17.4;
03/12/2020 22:31:00;03/12/2020;22:31:00;0.0;67.5;1003.0;8.8;0.0;1.1;0.98;;1.1;3.4557235421166306;0.8;1.1;5.6;;1.0;38.0;17.4;1174.4;;;;1.1;;;;;;;;;0.0;;17.4;
03/12/2020 22:50:00;03/12/2020;22:50:00;0.0;67.5;1002.9;8.8;0.0;1.1;0.98;;1.1;3.4557235421166306;0.8;1.1;5.6;;1.0;38.0;17.4;1174.4;;;;1.1;;;;;;;;;0.0;;17.4;
03/12/2020 23:00:00;03/12/2020;23:00:00;0.0;67.5;1002.8;8.8;0.0;1.1;0.98;;1.1;3.4557235421166306;0.8;1.1;5.6;;1.0;38.0;17.4;1174.4;;;;1.1;;;;;;;;;0.0;;17.4;
03/12/2020 23:10:00;03/12/2020;23:10:00;0.0;67.5;1002.7;8.8;0.0;1.0;0.98;;1.0;3.4557235421166306;0.7;1.0;5.6;;1.0;38.0;17.4;1174.4;;;;1.0;;;;;;;;;0.0;;17.4;
03/12/2020 23:21:00;03/12/2020;23:21:00;0.0;67.5;1002.8;8.8;0.0;0.9;0.98;;0.9;3.4557235421166306;0.7;0.9;5.6;;1.0;38.0;17.4;1174.4;;;;0.9;;;;;;;;;0.0;;17.4;
03/12/2020 23:30:00;03/12/2020;23:30:00;0.0;67.5;1002.8;8.8;0.0;0.9;0.98;;0.9;3.4557235421166306;0.6;0.9;5.6;;1.0;38.0;17.4;1174.4;;;;0.9;;;;;;;;;0.0;;17.4;
03/12/2020 23:40:00;03/12/2020;23:40:00;0.0;67.5;1002.7;8.8;0.0;0.8;0.98;;0.8;3.4557235421166306;0.6;0.8;5.6;;1.0;38.0;17.4;1174.4;;;;0.8;;;;;;;;;0.0;;17.4;
03/12/2020 23:50:00;03/12/2020;23:50:00;0.0;67.5;1002.6;8.8;0.0;0.8;0.98;;0.8;3.4557235421166306;0.5;0.8;5.6;;1.0;38.0;17.4;1174.4;;;;0.8;;;;;;;;;0.0;;17.4;
04/12/2020 00:00:00;04/12/2020;00:00:00;0.0;67.5;1002.6;0.0;0.0;0.8;0.98;;0.8;0.0;0.6;0.8;5.6;;1.0;38.0;17.4;1174.4;;;;0.8;;;;;;;;;0.0;;17.4;
04/12/2020 00:10:00;04/12/2020;00:10:00;0.0;67.5;1002.6;0.0;0.0;0.8;0.98;;0.8;0.0;0.6;0.8;5.6;;1.0;38.0;17.4;1174.4;;;;0.8;;;;;;;;;0.0;;17.4;
04/12/2020 00:21:00;04/12/2020;00:21:00;0.0;67.5;1002.5;0.0;0.0;0.8;0.98;;0.8;0.0;0.5;0.8;5.6;;1.0;38.0;17.4;1174.4;;;;0.8;;;;;;;;;0.0;;17.4;
04/12/2020 00:31:00;04/12/2020;00:31:00;0.0;67.5;1002.3;0.0;0.0;0.9;0.98;;0.9;0.0;0.6;0.9;5.6;;1.0;38.0;17.4;1174.4;;;;0.9;;;;;;;;;0.0;;17.4;
04/12/2020 00:40:00;04/12/2020;00:40:00;0.0;67.5;1002.2;0.0;0.0;1.1;0.98;;1.1;0.0;0.8;1.1;5.6;;1.0;38.0;17.4;1174.4;;;;1.1;;;;;;;;;0.0;;17.4;
04/12/2020 00:50:00;04/12/2020;00:50:00;0.0;67.5;1002.1;0.0;0.0;1.2;0.99;;1.2;0.0;1.1;1.2;5.6;;1.0;38.0;17.4;1174.4;;;;1.2;;;;;;;;;0.0;;17.4;
04/12/2020 01:01:00;04/12/2020;01:01:00;0.0;67.5;1002.2;0.0;0.0;1.1;0.99;;1.1;0.0;1.0;1.1;5.6;;1.0;38.0;17.4;1174.4;;;;1.1;;;;;;;;;0.0;;17.4;
04/12/2020 01:10:00;04/12/2020;01:10:00;0.0;67.5;1002.2;0.0;0.0;1.0;0.98;;1.0;0.0;0.7;1.0;5.6;;1.0;38.0;17.4;1174.4;;;;1.0;;;;;;;;;0.0;;17.4;
04/12/2020 01:20:00;04/12/2020;01:20:00;0.0;67.5;1002.2;0.0;0.0;0.9;0.98;;0.9;0.0;0.7;0.9;5.6;;1.0;38.0;17.4;1174.4;;;;0.9;;;;;;;;;0.0;;17.4;
04/12/2020 01:31:00;04/12/2020;01:31:00;0.0;67.5;1002.0;0.0;0.0;0.9;0.98;;0.9;0.0;0.7;0.9;5.6;;1.0;38.0;17.4;1174.4;;;;0.9;;;;;;;;;0.0;;17.4;
04/12/2020 01:40:00;04/12/2020;01:40:00;0.0;67.5;1002.0;0.2;0.0;0.9;0.98;;0.9;0.0;0.7;0.9;5.6;;1.0;38.0;17.6;1174.6;;;;0.9;;;;;;;;;0.0;;17.6;
04/12/2020 01:50:00;04/12/2020;01:50:00;0.0;67.5;1002.0;0.2;0.0;1.0;0.98;;1.0;0.0;0.7;1.0;5.6;;1.0;38.0;17.6;1174.6;;;;1.0;;;;;;;;;0.0;;17.6;
04/12/2020 02:01:00;04/12/2020;02:01:00;0.0;67.5;1002.0;0.2;0.0;1.2;0.99;;1.2;0.0;1.1;1.2;5.6;;1.0;38.0;17.6;1174.6;;;;1.2;;;;;;;;;0.0;;17.6;
04/12/2020 02:11:00;04/12/2020;02:11:00;0.0;67.5;1002.0;0.2;0.0;1.0;0.98;;1.0;0.0;0.7;1.0;5.6;;1.0;38.0;17.6;1174.6;;;;1.0;;;;;;;;;0.0;;17.6;
04/12/2020 02:20:00;04/12/2020;02:20:00;0.0;67.5;1002.0;0.2;0.0;0.9;0.98;;0.9;0.0;0.7;0.9;5.6;;1.0;38.0;17.6;1174.6;;;;0.9;;;;;;;;;0.0;;17.6;
04/12/2020 02:30:00;04/12/2020;02:30:00;0.0;67.5;1002.0;0.2;0.0;0.9;0.98;;0.9;0.0;0.7;0.9;5.6;;1.0;38.0;17.6;1174.6;;;;0.9;;;;;;;;;0.0;;17.6;
04/12/2020 02:40:00;04/12/2020;02:40:00;0.0;67.5;1001.9;0.2;0.0;1.0;0.98;;1.0;0.0;0.7;1.0;5.6;;1.0;38.0;17.6;1174.6;;;;1.0;;;;;;;;;0.0;;17.6;
04/12/2020 02:50:00;04/12/2020;02:50:00;0.0;67.5;1001.8;0.2;0.0;1.0;0.98;;1.0;0.0;0.7;1.0;5.6;;1.0;38.0;17.6;1174.6;;;;1.0;;;;;;;;;0.0;;17.6;
04/12/2020 03:01:00;04/12/2020;03:01:00;0.0;67.5;1001.8;0.2;0.0;0.9;0.98;;0.9;0.0;0.7;0.9;5.6;;1.0;38.0;17.6;1174.6;;;;0.9;;;;;;;;;0.0;;17.6;
04/12/2020 03:10:00;04/12/2020;03:10:00;0.0;67.5;1001.9;0.2;0.0;1.1;0.98;;1.1;0.0;0.8;1.1;5.6;;1.0;38.0;17.6;1174.6;;;;1.1;;;;;;;;;0.0;;17.6;
04/12/2020 03:20:00;04/12/2020;03:20:00;0.0;67.5;1001.7;0.2;0.0;1.1;0.98;;1.1;0.0;0.8;1.1;5.6;;1.0;38.0;17.6;1174.6;;;;1.1;;;;;;;;;0.0;;17.6;
04/12/2020 03:30:00;04/12/2020;03:30:00;0.0;67.5;1001.3;0.2;0.0;1.2;0.99;;1.2;0.0;1.0;1.2;5.6;;1.0;38.0;17.6;1174.6;;;;1.2;;;;;;;;;0.0;;17.6;
04/12/2020 03:51:00;04/12/2020;03:51:00;0.0;67.5;1001.1;0.2;0.0;1.2;0.99;;1.2;0.0;1.1;1.2;5.6;;1.0;38.0;17.6;1174.6;;;;1.2;;;;;;;;;0.0;;17.6;
04/12/2020 04:00:00;04/12/2020;04:00:00;0.0;67.5;1001.0;0.4;0.0;1.1;0.98;;1.1;0.0;0.8;1.1;5.6;;1.0;38.0;17.8;1174.8;;;;1.1;;;;;;;;;0.0;;17.8;
04/12/2020 04:10:00;04/12/2020;04:10:00;0.0;67.5;1000.9;0.4;0.0;1.0;0.98;;1.0;0.0;0.7;1.0;5.6;;1.0;38.0;17.8;1174.8;;;;1.0;;;;;;;;;0.0;;17.8;
04/12/2020 04:21:00;04/12/2020;04:21:00;0.0;67.5;1000.8;0.4;0.0;1.0;0.98;;1.0;0.0;0.7;1.0;5.6;;1.0;38.0;17.8;1174.8;;;;1.0;;;;;;;;;0.0;;17.8;
04/12/2020 04:30:00;04/12/2020;04:30:00;0.0;112.5;1001.0;0.4;0.0;1.1;0.98;;1.1;0.0;0.8;1.1;5.6;;1.0;38.0;17.8;1174.8;;;;1.1;;;;;;;;;0.0;;17.8;
04/12/2020 04:50:00;04/12/2020;04:50:00;0.0;112.5;1000.7;0.4;0.0;1.2;0.99;;1.2;0.0;1.0;1.2;5.6;;1.0;38.0;17.8;1174.8;;;;1.2;;;;;;;;;0.0;;17.8;
04/12/2020 05:00:00;04/12/2020;05:00:00;0.0;112.5;1000.7;0.4;0.0;1.2;0.99;;1.2;0.0;1.0;1.2;5.6;;1.0;38.0;17.8;1174.8;;;;1.2;;;;;;;;;0.0;;17.8;
04/12/2020 05:11:00;04/12/2020;05:11:00;0.0;112.5;1000.6;0.4;0.0;1.1;0.98;;1.1;0.0;0.8;1.1;5.6;;1.0;38.0;17.8;1174.8;;;;1.1;;;;;;;;;0.0;;17.8;
04/12/2020 05:20:00;04/12/2020;05:20:00;0.0;112.5;1000.7;0.4;0.0;1.1;0.98;;1.1;0.0;0.8;1.1;5.6;;1.0;38.0;17.8;1174.8;;;;1.1;;;;;;;;;0.0;;17.8;
04/12/2020 05:30:00;04/12/2020;05:30:00;0.0;45;1000.7;0.4;0.0;1.1;0.98;;1.1;0.0;0.8;1.1;5.6;;1.0;38.0;17.8;1174.8;;;;1.1;;;;;;;;;0.0;;17.8;
04/12/2020 05:40:00;04/12/2020;05:40:00;0.0;45;1000.7;0.4;0.0;1.1;0.98;;1.1;0.0;0.8;1.1;5.6;;1.0;38.0;17.8;1174.8;;;;1.1;;;;;;;;;0.0;;17.8;
04/12/2020 05:51:00;04/12/2020;05:51:00;0.0;45;1000.6;0.4;0.0;1.2;0.99;;1.2;0.0;1.0;1.2;5.6;;1.0;38.0;17.8;1174.8;;;;1.2;;;;;;;;;0.0;;17.8;
04/12/2020 06:00:00;04/12/2020;06:00:00;0.0;45;1000.7;0.4;0.0;1.3;0.99;;1.3;0.0;1.1;1.3;5.6;;1.0;38.0;17.8;1174.8;;;;1.3;;;;;;;;;0.0;;17.8;
04/12/2020 06:10:00;04/12/2020;06:10:00;0.0;45;1000.5;0.4;0.0;1.4;0.98;;1.4;0.0;1.1;1.4;5.6;;1.0;38.0;17.8;1174.8;;;;1.4;;;;;;;;;0.0;;17.8;
04/12/2020 06:20:00;04/12/2020;06:20:00;0.0;45;1000.6;0.6;0.0;1.4;0.98;;1.4;0.0;1.2;1.4;5.6;;1.0;38.0;18.0;1175.0;;;;1.4;;;;;;;;;0.0;;18.0;
04/12/2020 06:30:00;04/12/2020;06:30:00;0.0;45;1000.5;0.6;0.0;1.3;0.98;;1.3;0.0;1.1;1.3;5.6;;1.0;38.0;18.0;1175.0;;;;1.3;;;;;;;;;0.0;;18.0;
04/12/2020 06:40:00;04/12/2020;06:40:00;0.0;45;1000.7;0.6;0.0;1.2;0.98;;1.2;0.0;0.9;1.2;5.6;;1.0;38.0;18.0;1175.0;;;;1.2;;;;;;;;;0.0;;18.0;
04/12/2020 06:50:00;04/12/2020;06:50:00;0.0;45;1000.9;0.6;0.0;1.0;0.99;;1.0;0.0;0.9;1.0;5.6;;1.0;38.0;18.0;1175.0;;;;1.0;;;;;;;;;0.0;;18.0;
04/12/2020 07:00:00;04/12/2020;07:00:00;0.0;45;1000.8;0.6;0.0;1.0;0.99;;1.0;0.0;0.9;1.0;5.6;;1.0;38.0;18.0;1175.0;;;;1.0;;;;;;;;;0.0;;18.0;
04/12/2020 07:10:00;04/12/2020;07:10:00;0.0;45;1000.7;0.6;0.0;1.0;0.99;;1.0;0.0;0.9;1.0;5.6;;1.0;38.0;18.0;1175.0;;;;1.0;;;;;;;;;0.0;;18.0;
04/12/2020 07:20:00;04/12/2020;07:20:00;0.0;45;1000.7;0.6;0.0;1.1;0.99;;1.1;0.0;0.9;1.1;5.6;;1.0;38.0;18.0;1175.0;;;;1.1;;;;;;;;;0.0;;18.0;
04/12/2020 07:30:00;04/12/2020;07:30:00;0.0;45;1000.7;0.6;0.0;1.1;0.99;;1.1;0.0;0.9;1.1;5.6;;1.0;38.0;18.0;1175.0;;;;1.1;;;;;;;;;0.0;;18.0;
04/12/2020 07:50:00;04/12/2020;07:50:00;0.0;45;1001.0;0.8;0.0;1.1;0.99;;1.1;0.0;0.9;1.1;5.6;;1.0;38.0;18.2;1175.2;;;;1.1;;;;;;;;;0.0;;18.2;
04/12/2020 08:00:00;04/12/2020;08:00:00;0.0;45;1000.9;0.8;0.0;1.0;0.99;;1.0;0.0;0.9;1.0;5.6;;1.0;38.0;18.2;1175.2;;;;1.0;;;;;;;;;0.0;;18.2;
04/12/2020 08:10:00;04/12/2020;08:10:00;0.0;45;1000.9;0.8;0.0;1.0;0.99;;1.0;0.0;0.9;1.0;5.6;;1.0;38.0;18.2;1175.2;;;;1.0;;;;;;;;;0.0;;18.2;
04/12/2020 08:20:00;04/12/2020;08:20:00;0.0;45;1001.0;0.8;0.0;1.1;0.99;;1.1;0.0;0.9;1.1;5.6;;1.0;38.0;18.2;1175.2;;;;1.1;;;;;;;;;0.0;;18.2;
04/12/2020 08:30:00;04/12/2020;08:30:00;0.0;45;1001.0;0.8;0.0;1.2;0.98;;1.2;0.0;0.9;1.2;5.6;;1.0;38.0;18.2;1175.2;;;;1.2;;;;;;;;;0.0;;18.2;
04/12/2020 08:40:00;04/12/2020;08:40:00;0.0;45;1001.0;0.8;0.0;1.5;0.99;;1.6;0.0;1.4;1.5;5.6;;1.0;38.0;18.2;1175.2;;;;1.5;;;;;;;;;0.0;;18.2;
04/12/2020 08:50:00;04/12/2020;08:50:00;0.0;90;1001.1;0.8;0.0;1.7;0.99;;1.7;0.0;1.5;1.7;5.6;;1.0;38.0;18.2;1175.2;;;;1.7;;;;;;;;;0.0;;18.2;
04/12/2020 09:01:00;04/12/2020;09:01:00;0.0;90;1001.1;0.8;0.0;1.5;0.99;;1.6;0.0;1.4;1.5;5.6;;1.0;38.0;18.2;1175.2;;;;1.5;;;;;;;;;0.0;;18.2;
04/12/2020 09:10:00;04/12/2020;09:10:00;0.0;90;1001.2;0.8;0.0;1.6;0.99;;1.6;0.0;1.4;1.6;5.6;;1.0;38.0;18.2;1175.2;;;;1.6;;;;;;;;;0.0;;18.2;
04/12/2020 09:20:00;04/12/2020;09:20:00;0.0;90;1001.1;1.0;0.0;1.6;0.99;;1.7;0.0;1.5;1.6;5.6;;1.0;38.0;18.4;1175.4;;;;1.6;;;;;;;;;0.0;;18.4;
04/12/2020 09:30:00;04/12/2020;09:30:00;0.0;90;1001.3;1.0;0.0;1.7;0.99;;1.7;0.0;1.5;1.7;5.6;;1.0;38.0;18.4;1175.4;;;;1.7;;;;;;;;;0.0;;18.4;
04/12/2020 09:50:00;04/12/2020;09:50:00;0.0;135;1001.3;1.2;0.0;1.7;0.99;;1.7;3.4557235421166306;1.5;1.7;5.6;;1.0;38.0;18.6;1175.6;;;;1.7;;;;;;;;;0.0;;18.6;
04/12/2020 10:00:00;04/12/2020;10:00:00;0.0;135;1001.3;1.2;0.0;1.7;0.99;;1.7;3.4557235421166306;1.5;1.7;5.6;;1.0;38.0;18.6;1175.6;;;;1.7;;;;;;;;;0.0;;18.6;
04/12/2020 10:10:00;04/12/2020;10:10:00;0.0;135;1001.2;1.2;0.0;1.7;0.99;;1.8;3.4557235421166306;1.6;1.7;5.6;;1.0;38.0;18.6;1175.6;;;;1.7;;;;;;;;;0.0;;18.6;
04/12/2020 10:20:00;04/12/2020;10:20:00;0.0;135;1001.4;1.2;0.0;1.8;0.99;;1.9;3.4557235421166306;1.7;1.8;5.6;;1.0;38.0;18.6;1175.6;;;;1.8;;;;;;;;;0.0;;18.6;
