timestamp_string;timestamp_string_date;timestamp_string_time;wind_speed_knots;wind_direction_deg;barometric_pressure_ssl_hPa;rain_today_mm;rain_rate_mmh;temperature_cels;rel_humidity;uv_index;heat_index_cels;wind_gust_knots;dew_point_cels;wind_chill_cels;ground_temperature_cels;solar_irradiance_wpsm;rel_leaf_wetness;soil_moisture_cb;rain_this_month_mm;rain_this_year_mm;evapotranspiration_today_mm;evapotranspiration_this_month_mm;evapotranspiration_this_year_mm;perceived_temperature_cels;humidex_cels;wind_temperature_cels;current_weather;wet_bulb_temperature_cels;absolute_humidity_gm3;saturated_vapor_pressure_hPa;windrun_km;barometric_pressure_wsl_hPa;average_wind_speed_knots;storm_rain_mmm, rain_in_last_storm_event_mm;cloud_height_m;air_density_kgm3;rel_equilibrium_moisture_content;wind_force_beaufort_desc;moon_phase_desc;sunrise_timestamp;sunset_timestamp
03/02/2021 10:00:58;03/02/2021;10:00:58;0.0;270;1014.6;0.0;0.0;2.9;0.94;0.0;;0.0;2.0;;;37.0;;;;;;;;1.2;1.3;;cloudy;8.4;5.55;7.5;0.48;976.2;;;;;;;;;;
03/02/2021 10:02:55;03/02/2021;10:02:55;0.0;270;1014.6;0.0;0.0;2.9;0.94;0.0;;0.0;2.0;;;33.0;;;;;;;;1.2;1.3;;cloudy;8.4;5.55;7.5;0.48;976.2;;;;;;;;;;
03/02/2021 10:04:59;03/02/2021;10:04:59;0.0;270;1014.6;0.0;0.0;2.9;0.94;0.0;;0.0;2.0;;;33.0;;;;;;;;1.2;1.3;;cloudy;8.4;5.55;7.5;0.48;976.2;;;;;;;;;;
03/02/2021 10:06:57;03/02/2021;10:06:57;0.0;270;1014.6;0.0;0.0;2.9;0.94;0.0;;0.0;2.0;;;33.0;;;;;;;;1.2;1.3;;cloudy;8.4;5.55;7.5;0.48;976.2;;;;;;;;;;
03/02/2021 10:08:57;03/02/2021;10:08:57;0.0;270;1014.6;0.0;0.0;2.9;0.95;0.0;;0.0;2.2;;;33.0;;;;;;;;1.3;1.3;;cloudy;8.4;5.61;7.5;0.48;976.2;;;;;;;;;;
03/02/2021 10:10:07;03/02/2021;10:10:07;0.0;270;1014.6;0.0;0.0;2.9;0.95;0.0;;0.0;2.2;;;33.0;;;;;;;;1.3;1.3;;cloudy;8.4;5.61;7.5;0.48;976.2;;;;;;;;;;
03/02/2021 10:12:09;03/02/2021;10:12:09;0.0;270;1014.6;0.0;0.0;2.9;0.95;0.0;;0.0;2.2;;;33.0;;;;;;;;1.3;1.3;;cloudy;8.4;5.61;7.5;0.48;976.2;;;;;;;;;;
03/02/2021 10:15:10;03/02/2021;10:15:10;0.0;270;1014.7;0.0;0.0;2.9;0.95;0.0;;0.7559395248380129;2.2;;;38.0;;;;;;;;1.3;1.3;;cloudy;8.4;5.61;7.5;0.48;976.3;;;;;;;;;;
03/02/2021 10:17:07;03/02/2021;10:17:07;0.0;270;1014.7;0.0;0.0;2.9;0.95;0.0;;0.7559395248380129;2.2;;;38.0;;;;;;;;1.3;1.3;;cloudy;8.4;5.61;7.5;0.48;976.3;;;;;;;;;;
03/02/2021 10:19:03;03/02/2021;10:19:03;0.0;225;1014.8;0.0;0.0;3.0;0.95;0.0;;0.7559395248380129;2.3;;;40.0;;;;;;;;1.4;1.5;;cloudy;8.5;5.65;7.6;0.48;976.4;;;;;;;;;;
03/02/2021 10:20:58;03/02/2021;10:20:58;0.0;225;1014.8;0.0;0.0;3.0;0.95;0.0;;0.7559395248380129;2.3;;;40.0;;;;;;;;1.4;1.5;;cloudy;8.5;5.65;7.6;0.48;976.4;;;;;;;;;;
03/02/2021 10:23:05;03/02/2021;10:23:05;0.0;225;1014.8;0.0;0.0;3.0;0.95;0.0;;0.7559395248380129;2.3;;;40.0;;;;;;;;1.4;1.5;;cloudy;8.5;5.65;7.6;0.48;976.4;;;;;;;;;;
03/02/2021 10:25:04;03/02/2021;10:25:04;0.0;225;1015.1;0.0;0.0;3.0;0.94;0.0;;0.7559395248380129;2.1;;;37.0;;;;;;;;1.3;1.4;;cloudy;8.4;5.59;7.6;0.48;976.7;;;;;;;;;;
03/02/2021 11:18:54;03/02/2021;11:18:54;0.0;225;1014.9;0.0;0.0;3.4;0.94;0.0;;0.0;2.5;;;68.0;;;;;;;;1.8;1.9;;cloudy;8.7;5.74;7.8;0.49;976.5;;;;;;;;;;
03/02/2021 11:20:49;03/02/2021;11:20:49;0.0;225;1014.9;0.0;0.0;3.4;0.94;0.0;;0.0;2.5;;;81.0;;;;;;;;1.8;1.9;;cloudy;8.7;5.74;7.8;0.49;976.5;;;;;;;;;;
03/02/2021 11:22:47;03/02/2021;11:22:47;0.0;225;1014.9;0.0;0.0;3.4;0.94;0.0;;0.0;2.5;;;81.0;;;;;;;;1.8;1.9;;cloudy;8.7;5.74;7.8;0.49;976.5;;;;;;;;;;
03/02/2021 11:24:43;03/02/2021;11:24:43;0.0;225;1014.9;0.0;0.0;3.4;0.94;0.0;;0.0;2.5;;;81.0;;;;;;;;1.8;1.9;;cloudy;8.7;5.74;7.8;0.49;976.5;;;;;;;;;;
03/02/2021 11:26:38;03/02/2021;11:26:38;0.0;225;1014.8;0.0;0.0;3.5;0.94;0.0;;0.0;2.6;;;69.0;;;;;;;;1.9;2.0;;cloudy;8.8;5.78;7.9;0.49;976.4;;;;;;;;;;
03/02/2021 15:17:20;03/02/2021;15:17:20;0.0;202.5;1012.2;0.0;0.0;4.6;0.91;0.0;;0.7559395248380129;3.2;;;48.0;;;;;;;;3.1;3.3;;cloudy;9.6;6.02;8.5;1.06;974.1;;;;;;;;;;
03/02/2021 15:19:20;03/02/2021;15:19:20;0.0;202.5;1012.2;0.0;0.0;4.4;0.92;0.0;;0.7559395248380129;3.2;;;50.0;;;;;;;;2.9;3.1;;cloudy;9.5;6.01;8.4;1.06;974.1;;;;;;;;;;
03/02/2021 15:21:22;03/02/2021;15:21:22;0.0;202.5;1012.2;0.0;0.0;4.4;0.92;0.0;;0.7559395248380129;3.2;;;50.0;;;;;;;;2.9;3.1;;cloudy;9.5;6.01;8.4;1.06;974.1;;;;;;;;;;
03/02/2021 15:23:28;03/02/2021;15:23:28;0.0;202.5;1012.2;0.0;0.0;4.4;0.92;0.0;;0.7559395248380129;3.2;;;50.0;;;;;;;;2.9;3.1;;cloudy;9.5;6.01;8.4;1.06;974.1;;;;;;;;;;
03/02/2021 15:25:30;03/02/2021;15:25:30;0.0;202.5;1012.1;0.0;0.0;4.4;0.92;0.0;;0.0;3.2;;;40.0;;;;;;;;2.9;3.1;;cloudy;9.5;6.01;8.4;1.05;974.0;;;;;;;;;;
03/02/2021 15:27:29;03/02/2021;15:27:29;0.0;202.5;1012.1;0.0;0.0;4.4;0.92;0.0;;0.0;3.2;;;40.0;;;;;;;;2.9;3.1;;cloudy;9.5;6.01;8.4;1.05;974.0;;;;;;;;;;
03/02/2021 15:29:28;03/02/2021;15:29:28;0.0;202.5;1012.1;0.0;0.0;4.4;0.92;0.0;;0.8639308855291576;3.2;;;41.0;;;;;;;;2.9;3.1;;cloudy;9.5;6.01;8.4;1.05;974.0;;;;;;;;;;
03/02/2021 15:31:27;03/02/2021;15:31:27;0.0;202.5;1012.1;0.0;0.0;4.4;0.92;0.0;;0.8639308855291576;3.2;;;41.0;;;;;;;;2.9;3.1;;cloudy;9.5;6.01;8.4;1.05;974.0;;;;;;;;;;
03/02/2021 15:49:35;03/02/2021;15:49:35;0.0;202.5;1012.1;0.0;0.0;4.2;0.93;0.0;;0.0;3.2;;;33.0;;;;;;;;2.7;2.9;;cloudy;9.3;5.99;8.3;1.05;973.9;;;;;;;;;;
03/02/2021 15:51:32;03/02/2021;15:51:32;0.0;202.5;1012.0;0.0;0.0;4.3;0.93;0.0;;0.0;3.3;;;28.0;;;;;;;;2.8;3.0;;cloudy;9.4;6.03;8.3;1.05;973.9;;;;;;;;;;
03/02/2021 15:53:30;03/02/2021;15:53:30;0.0;202.5;1012.0;0.0;0.0;4.3;0.93;0.0;;0.0;3.3;;;28.0;;;;;;;;2.8;3.0;;cloudy;9.4;6.03;8.3;1.05;973.9;;;;;;;;;;
03/02/2021 15:56:52;03/02/2021;15:56:52;0.0;202.5;1011.9;0.0;0.0;4.3;0.93;0.0;;0.0;3.3;;;28.0;;;;;;;;2.8;3.0;;cloudy;9.4;6.03;8.3;1.05;973.8;;;;;;;;;;
03/02/2021 15:58:50;03/02/2021;15:58:50;0.0;202.5;1011.9;0.0;0.0;4.3;0.93;0.0;;0.0;3.3;;;28.0;;;;;;;;2.8;3.0;;cloudy;9.4;6.03;8.3;1.05;973.8;;;;;;;;;;
03/02/2021 16:00:49;03/02/2021;16:00:49;0.0;202.5;1011.9;0.0;0.0;4.3;0.93;0.0;;0.0;3.3;;;27.0;;;;;;;;2.8;3.0;;cloudy;9.4;6.03;8.3;1.05;973.8;;;;;;;;;;
03/02/2021 16:04:46;03/02/2021;16:04:46;0.0;202.5;1011.9;0.0;0.0;4.3;0.93;0.0;;0.0;3.3;;;27.0;;;;;;;;2.8;3.0;;cloudy;9.4;6.03;8.3;1.05;973.8;;;;;;;;;;
03/02/2021 16:06:46;03/02/2021;16:06:46;0.0;202.5;1011.9;0.0;0.0;4.3;0.93;0.0;;0.0;3.3;;;24.0;;;;;;;;2.8;3.0;;cloudy;9.4;6.03;8.3;1.05;973.8;;;;;;;;;;
03/02/2021 16:08:43;03/02/2021;16:08:43;0.0;202.5;1011.9;0.0;0.0;4.3;0.93;0.0;;0.0;3.3;;;24.0;;;;;;;;2.8;3.0;;cloudy;9.4;6.03;8.3;1.05;973.8;;;;;;;;;;
03/02/2021 16:10:42;03/02/2021;16:10:42;0.0;202.5;1011.9;0.0;0.0;4.3;0.93;0.0;;0.0;3.3;;;24.0;;;;;;;;2.8;3.0;;cloudy;9.4;6.03;8.3;1.05;973.8;;;;;;;;;;
03/02/2021 16:15:41;03/02/2021;16:15:41;0.0;202.5;1011.8;0.0;0.0;4.4;0.93;0.0;;0.0;3.4;;;23.0;;;;;;;;3.0;3.2;;cloudy;9.5;6.07;8.4;1.05;973.7;;;;;;;;;;
03/02/2021 16:18:20;03/02/2021;16:18:20;0.0;202.5;1011.8;0.0;0.0;4.3;0.93;0.0;;0.0;3.3;;;20.0;;;;;;;;2.8;3.0;;cloudy;9.4;6.03;8.3;1.06;973.7;;;;;;;;;;
03/02/2021 16:22:05;03/02/2021;16:22:05;0.0;202.5;1011.8;0.0;0.0;4.3;0.93;0.0;;0.0;3.3;;;20.0;;;;;;;;2.8;3.0;;cloudy;9.4;6.03;8.3;1.06;973.7;;;;;;;;;;
03/02/2021 16:24:06;03/02/2021;16:24:06;0.0;202.5;1011.8;0.0;0.0;4.3;0.93;0.0;;0.0;3.3;;;21.0;;;;;;;;2.8;3.0;;rain;9.4;6.03;8.3;1.06;973.7;;;;;;;;;;
03/02/2021 16:26:05;03/02/2021;16:26:05;0.0;202.5;1011.8;0.0;0.0;4.3;0.93;0.0;;0.0;3.3;;;21.0;;;;;;;;2.8;3.0;;rain;9.4;6.03;8.3;1.06;973.7;;;;;;;;;;
03/02/2021 16:28:03;03/02/2021;16:28:03;0.0;202.5;1011.8;0.0;0.0;4.3;0.93;0.0;;0.0;3.3;;;21.0;;;;;;;;2.8;3.0;;rain;9.4;6.03;8.3;1.06;973.7;;;;;;;;;;
03/02/2021 16:30:02;03/02/2021;16:30:02;0.0;202.5;1011.8;0.0;0.0;4.3;0.93;0.0;;0.0;3.3;;;21.0;;;;;;;;2.8;3.0;;rain;9.4;6.03;8.3;1.06;973.7;;;;;;;;;;
03/02/2021 16:33:41;03/02/2021;16:33:41;0.0;202.5;1011.9;0.0;0.0;4.3;0.93;0.0;;0.0;3.3;;;16.0;;;;;;;;2.8;3.0;;rain;9.4;6.03;8.3;1.06;973.8;;;;;;;;;;
03/02/2021 16:35:41;03/02/2021;16:35:41;0.0;202.5;1011.9;0.0;0.0;4.3;0.93;0.0;;0.0;3.3;;;16.0;;;;;;;;2.8;3.0;;rain;9.4;6.03;8.3;1.06;973.8;;;;;;;;;;
03/02/2021 16:37:43;03/02/2021;16:37:43;0.0;202.5;1011.9;0.0;0.0;4.3;0.93;0.0;;0.0;3.3;;;12.0;;;;;;;;2.8;3.0;;rain;9.4;6.03;8.3;1.06;973.8;;;;;;;;;;
03/02/2021 16:39:43;03/02/2021;16:39:43;0.0;202.5;1011.9;0.0;0.0;4.3;0.93;0.0;;0.0;3.3;;;12.0;;;;;;;;2.8;3.0;;rain;9.4;6.03;8.3;1.06;973.8;;;;;;;;;;
03/02/2021 16:41:43;03/02/2021;16:41:43;0.0;202.5;1011.9;0.0;0.0;4.3;0.93;0.0;;0.0;3.3;;;12.0;;;;;;;;2.8;3.0;;rain;9.4;6.03;8.3;1.06;973.8;;;;;;;;;;
03/02/2021 16:43:43;03/02/2021;16:43:43;0.0;202.5;1011.9;0.0;0.0;4.3;0.94;0.0;;0.0;3.4;;;11.0;;;;;;;;2.9;3.1;;rain;9.4;6.1;8.3;1.06;973.8;;;;;;;;;;
03/02/2021 16:45:42;03/02/2021;16:45:42;0.0;202.5;1011.9;0.0;0.0;4.3;0.94;0.0;;0.0;3.4;;;11.0;;;;;;;;2.9;3.1;;rain;9.4;6.1;8.3;1.06;973.8;;;;;;;;;;
03/02/2021 16:47:42;03/02/2021;16:47:42;0.0;202.5;1011.9;0.0;0.0;4.3;0.94;0.0;;0.0;3.4;;;11.0;;;;;;;;2.9;3.1;;rain;9.4;6.1;8.3;1.06;973.8;;;;;;;;;;
03/02/2021 16:49:51;03/02/2021;16:49:51;0.0;202.5;1011.8;0.0;0.0;4.3;0.94;0.0;;0.0;3.4;;;10.0;;;;;;;;2.9;3.1;;rain;9.4;6.1;8.3;1.05;973.7;;;;;;;;;;
03/02/2021 16:51:48;03/02/2021;16:51:48;0.0;202.5;1011.8;0.0;0.0;4.3;0.94;0.0;;0.0;3.4;;;10.0;;;;;;;;2.9;3.1;;rain;9.4;6.1;8.3;1.05;973.7;;;;;;;;;;
03/02/2021 16:53:52;03/02/2021;16:53:52;0.0;202.5;1011.6;0.0;0.0;4.3;0.94;0.0;;0.0;3.4;;;9.0;;;;;;;;2.9;3.1;;rain;9.4;6.1;8.3;1.05;973.5;;;;;;;;;;
03/02/2021 16:56:03;03/02/2021;16:56:03;0.0;202.5;1011.6;0.0;0.0;4.3;0.94;0.0;;0.0;3.4;;;9.0;;;;;;;;2.9;3.1;;cloudy;9.4;6.1;8.3;1.05;973.5;;;;;;;;;;
03/02/2021 16:57:59;03/02/2021;16:57:59;0.0;202.5;1011.6;0.0;0.0;4.3;0.94;0.0;;0.0;3.4;;;9.0;;;;;;;;2.9;3.1;;cloudy;9.4;6.1;8.3;1.05;973.5;;;;;;;;;;
03/02/2021 16:59:59;03/02/2021;16:59:59;0.0;202.5;1011.6;0.0;0.0;4.2;0.94;0.0;;0.7559395248380129;3.3;;;6.0;;;;;;;;2.8;2.9;;cloudy;9.4;6.06;8.3;1.05;973.5;;;;;;;;;;
03/02/2021 17:01:58;03/02/2021;17:01:58;0.0;202.5;1011.6;0.0;0.0;4.2;0.94;0.0;;0.7559395248380129;3.3;;;6.0;;;;;;;;2.8;2.9;;cloudy;9.4;6.06;8.3;1.05;973.5;;;;;;;;;;
03/02/2021 17:03:54;03/02/2021;17:03:54;0.0;202.5;1011.8;0.0;0.0;4.2;0.95;0.0;;0.0;3.5;;;0.0;;;;;;;;2.8;3.0;;cloudy;9.4;6.12;8.3;1.05;973.7;;;;;;;;;;
03/02/2021 17:05:51;03/02/2021;17:05:51;0.0;202.5;1011.8;0.0;0.0;4.2;0.95;0.0;;0.0;3.5;;;0.0;;;;;;;;2.8;3.0;;cloudy;9.4;6.12;8.3;1.05;973.7;;;;;;;;;;
03/02/2021 17:08:16;03/02/2021;17:08:16;0.0;202.5;1011.8;0.0;0.0;4.2;0.95;0.0;;0.0;3.5;;;0.0;;;;;;;;2.8;3.0;;cloudy;9.4;6.12;8.3;1.05;973.7;;;;;;;;;;
03/02/2021 17:10:13;03/02/2021;17:10:13;0.0;202.5;1011.8;0.0;0.0;4.2;0.95;0.0;;0.0;3.5;;;0.0;;;;;;;;2.8;3.0;;cloudy;9.4;6.12;8.3;1.06;973.7;;;;;;;;;;
03/02/2021 17:12:11;03/02/2021;17:12:11;0.0;202.5;1011.8;0.0;0.0;4.2;0.95;0.0;;0.0;3.5;;;0.0;;;;;;;;2.8;3.0;;cloudy;9.4;6.12;8.3;1.06;973.7;;;;;;;;;;
03/02/2021 17:14:09;03/02/2021;17:14:09;0.0;202.5;1011.8;0.0;0.0;4.2;0.95;0.0;;0.0;3.5;;;0.0;;;;;;;;2.8;3.0;;cloudy;9.4;6.12;8.3;1.06;973.7;;;;;;;;;;
03/02/2021 17:16:07;03/02/2021;17:16:07;0.0;202.5;1011.7;0.0;0.0;4.1;0.95;0.0;;0.0;3.4;;;0.0;;;;;;;;2.7;2.9;;cloudy;9.3;6.08;8.2;1.06;973.5;;;;;;;;;;
03/02/2021 17:18:04;03/02/2021;17:18:04;0.0;202.5;1011.7;0.0;0.0;4.1;0.95;0.0;;0.0;3.4;;;0.0;;;;;;;;2.7;2.9;;cloudy;9.3;6.08;8.2;1.06;973.5;;;;;;;;;;
03/02/2021 17:20:02;03/02/2021;17:20:02;0.0;202.5;1011.6;0.0;0.0;4.1;0.95;0.0;;0.0;3.4;;;0.0;;;;;;;;2.7;2.9;;cloudy;9.3;6.08;8.2;1.06;973.4;;;;;;;;;;
03/02/2021 17:21:58;03/02/2021;17:21:58;0.0;202.5;1011.6;0.0;0.0;4.1;0.95;0.0;;0.0;3.4;;;0.0;;;;;;;;2.7;2.9;;cloudy;9.3;6.08;8.2;1.06;973.4;;;;;;;;;;
03/02/2021 17:24:47;03/02/2021;17:24:47;0.0;202.5;1011.6;0.0;0.0;4.1;0.95;0.0;;0.0;3.4;;;0.0;;;;;;;;2.7;2.9;;cloudy;9.3;6.08;8.2;1.06;973.4;;;;;;;;;;
03/02/2021 17:26:50;03/02/2021;17:26:50;0.0;202.5;1011.6;0.0;0.0;4.1;0.96;0.0;;0.8639308855291576;3.5;;;0.0;;;;;;;;2.7;2.9;;cloudy;9.4;6.15;8.2;1.06;973.4;;;;;;;;;;
03/02/2021 17:28:59;03/02/2021;17:28:59;0.0;202.5;1011.6;0.0;0.0;4.1;0.96;0.0;;0.8639308855291576;3.5;;;0.0;;;;;;;;2.7;2.9;;cloudy;9.4;6.15;8.2;1.06;973.4;;;;;;;;;;
03/02/2021 17:31:04;03/02/2021;17:31:04;0.0;202.5;1011.6;0.0;0.0;4.1;0.96;0.0;;0.0;3.5;;;0.0;;;;;;;;2.7;2.9;;cloudy;9.4;6.15;8.2;1.06;973.4;;;;;;;;;;
03/02/2021 17:33:00;03/02/2021;17:33:00;0.0;202.5;1011.6;0.0;0.0;4.1;0.96;0.0;;0.0;3.5;;;0.0;;;;;;;;2.7;2.9;;cloudy;9.4;6.15;8.2;1.06;973.4;;;;;;;;;;
03/02/2021 17:34:56;03/02/2021;17:34:56;0.0;202.5;1011.7;0.0;0.0;4.1;0.96;0.0;;0.8639308855291576;3.5;;;0.0;;;;;;;;2.7;2.9;;cloudy;9.4;6.15;8.2;1.06;973.5;;;;;;;;;;
03/02/2021 17:36:55;03/02/2021;17:36:55;0.0;202.5;1011.7;0.0;0.0;4.1;0.96;0.0;;0.8639308855291576;3.5;;;0.0;;;;;;;;2.7;2.9;;cloudy;9.4;6.15;8.2;1.06;973.5;;;;;;;;;;
03/02/2021 17:38:52;03/02/2021;17:38:52;0.0;202.5;1011.7;0.0;0.0;4.1;0.96;0.0;;0.8639308855291576;3.5;;;0.0;;;;;;;;2.7;2.9;;cloudy;9.4;6.15;8.2;1.06;973.5;;;;;;;;;;
03/02/2021 17:40:53;03/02/2021;17:40:53;0.0;202.5;1011.7;0.0;0.0;4.0;0.95;0.0;;0.0;3.3;;;0.0;;;;;;;;2.5;2.7;;cloudy;9.2;6.04;8.1;1.06;973.5;;;;;;;;;;
03/02/2021 17:42:55;03/02/2021;17:42:55;0.0;202.5;1011.7;0.0;0.0;4.0;0.95;0.0;;0.0;3.3;;;0.0;;;;;;;;2.5;2.7;;cloudy;9.2;6.04;8.1;1.06;973.5;;;;;;;;;;
03/02/2021 17:44:52;03/02/2021;17:44:52;0.0;202.5;1011.7;0.0;0.0;4.0;0.95;0.0;;0.0;3.3;;;0.0;;;;;;;;2.5;2.7;;cloudy;9.2;6.04;8.1;1.06;973.5;;;;;;;;;;
03/02/2021 17:46:47;03/02/2021;17:46:47;0.0;202.5;1011.8;0.0;0.0;4.0;0.96;0.0;;0.0;3.4;;;0.0;;;;;;;;2.6;2.8;;cloudy;9.3;6.11;8.1;1.06;973.6;;;;;;;;;;
03/02/2021 17:48:46;03/02/2021;17:48:46;0.0;202.5;1011.8;0.0;0.0;4.0;0.96;0.0;;0.0;3.4;;;0.0;;;;;;;;2.6;2.8;;cloudy;9.3;6.11;8.1;1.06;973.6;;;;;;;;;;
03/02/2021 17:50:44;03/02/2021;17:50:44;0.0;202.5;1011.8;0.0;0.0;4.0;0.96;0.0;;0.0;3.4;;;0.0;;;;;;;;2.6;2.8;;cloudy;9.3;6.11;8.1;1.06;973.6;;;;;;;;;;
03/02/2021 17:52:42;03/02/2021;17:52:42;0.0;202.5;1011.8;0.0;0.0;3.9;0.96;0.0;;0.0;3.3;;;0.0;;;;;;;;2.5;2.6;;cloudy;9.2;6.06;8.1;1.06;973.6;;;;;;;;;;
03/02/2021 17:54:49;03/02/2021;17:54:49;0.0;202.5;1011.8;0.0;0.0;3.9;0.96;0.0;;0.0;3.3;;;0.0;;;;;;;;2.5;2.6;;cloudy;9.2;6.06;8.1;1.06;973.6;;;;;;;;;;
03/02/2021 17:56:44;03/02/2021;17:56:44;0.0;202.5;1011.8;0.0;0.0;3.9;0.96;0.0;;0.0;3.3;;;0.0;;;;;;;;2.5;2.6;;cloudy;9.2;6.06;8.1;1.06;973.6;;;;;;;;;;
03/02/2021 17:58:38;03/02/2021;17:58:38;0.0;202.5;1011.8;0.0;0.0;3.9;0.96;0.0;;0.0;3.3;;;0.0;;;;;;;;2.5;2.6;;cloudy;9.2;6.06;8.1;1.06;973.6;;;;;;;;;;
03/02/2021 18:00:33;03/02/2021;18:00:33;0.0;202.5;1011.8;0.0;0.0;3.9;0.96;0.0;;0.0;3.3;;;0.0;;;;;;;;2.5;2.6;;cloudy;9.2;6.06;8.1;1.06;973.6;;;;;;;;;;
03/02/2021 18:02:31;03/02/2021;18:02:31;0.0;202.5;1011.8;0.2;0.0;3.9;0.96;0.0;;0.0;3.3;;;0.0;;;;;;;;2.5;2.6;;cloudy;9.2;6.06;8.1;1.06;973.6;;;;;;;;;;
03/02/2021 18:05:06;03/02/2021;18:05:06;0.0;202.5;1011.8;0.2;0.0;3.9;0.96;0.0;;0.0;3.3;;;0.0;;;;;;;;2.5;2.6;;cloudy;9.2;6.06;8.1;1.06;973.6;;;;;;;;;;
03/02/2021 18:07:05;03/02/2021;18:07:05;0.0;202.5;1011.8;0.2;0.0;3.8;0.96;0.0;;0.0;3.2;;;0.0;;;;;;;;2.3;2.5;;cloudy;9.1;6.02;8.0;1.06;973.6;;;;;;;;;;
03/02/2021 18:09:00;03/02/2021;18:09:00;0.0;202.5;1011.8;0.2;0.0;3.8;0.96;0.0;;0.0;3.2;;;0.0;;;;;;;;2.3;2.5;;cloudy;9.1;6.02;8.0;1.06;973.6;;;;;;;;;;
03/02/2021 18:11:24;03/02/2021;18:11:24;0.0;202.5;1011.8;0.2;0.0;3.8;0.96;0.0;;0.0;3.2;;;0.0;;;;;;;;2.3;2.5;;cloudy;9.1;6.02;8.0;1.06;973.6;;;;;;;;;;
03/02/2021 18:13:19;03/02/2021;18:13:19;0.0;202.5;1011.9;0.2;0.0;3.8;0.96;0.0;;0.0;3.2;;;0.0;;;;;;;;2.3;2.5;;cloudy;9.1;6.02;8.0;1.06;973.7;;;;;;;;;;
03/02/2021 18:15:13;03/02/2021;18:15:13;0.0;202.5;1011.9;0.2;0.0;3.8;0.96;0.0;;0.0;3.2;;;0.0;;;;;;;;2.3;2.5;;cloudy;9.1;6.02;8.0;1.06;973.7;;;;;;;;;;
03/02/2021 18:17:09;03/02/2021;18:17:09;0.0;202.5;1011.9;0.2;0.0;3.8;0.96;0.0;;0.0;3.2;;;0.0;;;;;;;;2.3;2.5;;cloudy;9.1;6.02;8.0;1.06;973.7;;;;;;;;;;
03/02/2021 18:19:05;03/02/2021;18:19:05;0.0;202.5;1011.8;0.2;0.0;3.8;0.97;0.0;;0.0;3.4;;;0.0;;;;;;;;2.4;2.6;;cloudy;9.1;6.09;8.0;1.06;973.6;;;;;;;;;;
03/02/2021 18:21:07;03/02/2021;18:21:07;0.0;202.5;1011.8;0.2;0.0;3.8;0.97;0.0;;0.0;3.4;;;0.0;;;;;;;;2.4;2.6;;cloudy;9.1;6.09;8.0;1.06;973.6;;;;;;;;;;
03/02/2021 18:23:02;03/02/2021;18:23:02;0.0;202.5;1011.9;0.2;0.0;3.8;0.97;0.0;;0.0;3.4;;;0.0;;;;;;;;2.4;2.6;;cloudy;9.1;6.09;8.0;1.06;973.7;;;;;;;;;;
03/02/2021 18:24:56;03/02/2021;18:24:56;0.0;202.5;1011.9;0.2;0.0;3.8;0.97;0.0;;0.0;3.4;;;0.0;;;;;;;;2.4;2.6;;cloudy;9.1;6.09;8.0;1.06;973.7;;;;;;;;;;
03/02/2021 18:26:50;03/02/2021;18:26:50;0.0;202.5;1011.9;0.2;0.0;3.8;0.97;0.0;;0.0;3.4;;;0.0;;;;;;;;2.4;2.6;;cloudy;9.1;6.09;8.0;1.06;973.7;;;;;;;;;;
03/02/2021 18:28:51;03/02/2021;18:28:51;0.0;202.5;1011.9;0.2;0.0;3.8;0.97;0.0;;0.0;3.4;;;0.0;;;;;;;;2.4;2.6;;cloudy;9.1;6.09;8.0;1.06;973.7;;;;;;;;;;
03/02/2021 18:30:47;03/02/2021;18:30:47;0.0;202.5;1011.9;0.2;0.0;3.8;0.97;0.0;;0.0;3.4;;;0.0;;;;;;;;2.4;2.6;;cloudy;9.1;6.09;8.0;1.06;973.7;;;;;;;;;;
03/02/2021 18:32:42;03/02/2021;18:32:42;0.0;202.5;1011.9;0.2;0.0;3.8;0.97;0.0;;0.0;3.4;;;0.0;;;;;;;;2.4;2.6;;cloudy;9.1;6.09;8.0;1.06;973.7;;;;;;;;;;
03/02/2021 18:34:39;03/02/2021;18:34:39;0.0;202.5;1011.9;0.2;0.0;3.7;0.97;0.0;;0.0;3.3;;;0.0;;;;;;;;2.2;2.4;;cloudy;9.1;6.05;8.0;1.06;973.7;;;;;;;;;;
03/02/2021 18:36:45;03/02/2021;18:36:45;0.0;202.5;1011.9;0.2;0.0;3.7;0.97;0.0;;0.0;3.3;;;0.0;;;;;;;;2.2;2.4;;cloudy;9.1;6.05;8.0;1.06;973.7;;;;;;;;;;
03/02/2021 18:38:46;03/02/2021;18:38:46;0.0;202.5;1011.8;0.2;0.0;3.6;0.96;0.0;;0.0;3.0;;;0.0;;;;;;;;2.1;2.3;;cloudy;9.0;5.94;7.9;1.06;973.6;;;;;;;;;;
03/02/2021 18:40:43;03/02/2021;18:40:43;0.0;202.5;1011.8;0.2;0.0;3.6;0.96;0.0;;0.0;3.0;;;0.0;;;;;;;;2.1;2.3;;cloudy;9.0;5.94;7.9;1.06;973.6;;;;;;;;;;
03/02/2021 18:42:39;03/02/2021;18:42:39;0.0;202.5;1011.8;0.2;0.0;3.6;0.96;0.0;;0.0;3.0;;;0.0;;;;;;;;2.1;2.3;;cloudy;9.0;5.94;7.9;1.06;973.6;;;;;;;;;;
03/02/2021 18:44:40;03/02/2021;18:44:40;0.0;202.5;1012.0;0.2;0.0;3.5;0.96;0.0;;0.0;2.9;;;0.0;;;;;;;;2.0;2.1;;cloudy;8.9;5.9;7.9;1.06;973.8;;;;;;;;;;
03/02/2021 18:46:37;03/02/2021;18:46:37;0.0;202.5;1012.0;0.2;0.0;3.5;0.96;0.0;;0.0;2.9;;;0.0;;;;;;;;2.0;2.1;;cloudy;8.9;5.9;7.9;1.06;973.8;;;;;;;;;;
03/02/2021 18:48:35;03/02/2021;18:48:35;0.0;202.5;1011.9;0.4;0.0;3.4;0.96;0.0;;0.7559395248380129;2.8;;;0.0;;;;;;;;1.9;2.0;;cloudy;8.8;5.87;7.8;1.06;973.6;;;;;;;;;;
03/02/2021 18:50:33;03/02/2021;18:50:33;0.0;202.5;1011.9;0.4;0.0;3.4;0.96;0.0;;0.7559395248380129;2.8;;;0.0;;;;;;;;1.9;2.0;;cloudy;8.8;5.87;7.8;1.06;973.6;;;;;;;;;;
03/02/2021 18:52:31;03/02/2021;18:52:31;0.0;202.5;1011.9;0.4;0.0;3.4;0.96;0.0;;0.7559395248380129;2.8;;;0.0;;;;;;;;1.9;2.0;;cloudy;8.8;5.87;7.8;1.06;973.6;;;;;;;;;;
03/02/2021 18:54:34;03/02/2021;18:54:34;0.0;202.5;1011.9;0.4;0.0;3.3;0.97;0.0;;0.7559395248380129;2.9;;;0.0;;;;;;;;1.8;1.9;;cloudy;8.8;5.89;7.7;1.06;973.6;;;;;;;;;;
03/02/2021 18:56:47;03/02/2021;18:56:47;0.0;202.5;1011.9;0.4;0.0;3.3;0.97;0.0;;0.7559395248380129;2.9;;;0.0;;;;;;;;1.8;1.9;;cloudy;8.8;5.89;7.7;1.06;973.6;;;;;;;;;;
03/02/2021 18:58:54;03/02/2021;18:58:54;0.0;202.5;1011.8;0.4;0.0;3.3;0.97;0.0;;0.7559395248380129;2.9;;;0.0;;;;;;;;1.8;1.9;;cloudy;8.8;5.89;7.7;1.06;973.5;;;;;;;;;;
03/02/2021 19:00:55;03/02/2021;19:00:55;0.0;202.5;1011.8;0.4;0.0;3.3;0.97;0.0;;0.7559395248380129;2.9;;;0.0;;;;;;;;1.8;1.9;;cloudy;8.8;5.89;7.7;1.06;973.5;;;;;;;;;;
03/02/2021 19:03:44;03/02/2021;19:03:44;0.0;202.5;1011.8;0.4;0.0;3.3;0.97;0.0;;0.7559395248380129;2.9;;;0.0;;;;;;;;1.8;1.9;;cloudy;8.8;5.89;7.7;1.06;973.5;;;;;;;;;;
03/02/2021 19:05:40;03/02/2021;19:05:40;0.0;202.5;1011.9;0.4;0.0;3.3;0.97;0.0;;0.0;2.9;;;0.0;;;;;;;;1.8;1.9;;cloudy;8.8;5.89;7.7;1.06;973.6;;;;;;;;;;
03/02/2021 19:08:11;03/02/2021;19:08:11;0.0;202.5;1011.9;0.4;0.0;3.3;0.97;0.0;;0.0;2.9;;;0.0;;;;;;;;1.8;1.9;;cloudy;8.8;5.89;7.7;1.06;973.6;;;;;;;;;;
03/02/2021 19:10:12;03/02/2021;19:10:12;0.0;202.5;1011.9;0.4;0.0;3.3;0.97;0.0;;0.0;2.9;;;0.0;;;;;;;;1.8;1.9;;cloudy;8.8;5.89;7.7;1.06;973.6;;;;;;;;;;
03/02/2021 19:12:09;03/02/2021;19:12:09;0.0;202.5;1011.9;0.4;0.0;3.3;0.97;0.0;;0.0;2.9;;;0.0;;;;;;;;1.8;1.9;;cloudy;8.8;5.89;7.7;1.06;973.6;;;;;;;;;;
03/02/2021 19:14:06;03/02/2021;19:14:06;0.0;202.5;1011.9;0.4;0.0;3.3;0.97;0.0;;0.0;2.9;;;0.0;;;;;;;;1.8;1.9;;cloudy;8.8;5.89;7.7;1.06;973.6;;;;;;;;;;
03/02/2021 19:16:02;03/02/2021;19:16:02;0.0;202.5;1011.9;0.4;0.0;3.3;0.97;0.0;;0.0;2.9;;;0.0;;;;;;;;1.8;1.9;;cloudy;8.8;5.89;7.7;1.06;973.6;;;;;;;;;;
03/02/2021 19:17:58;03/02/2021;19:17:58;0.0;202.5;1011.9;0.4;0.0;3.3;0.97;0.0;;0.0;2.9;;;0.0;;;;;;;;1.8;1.9;;cloudy;8.8;5.89;7.7;1.06;973.6;;;;;;;;;;
03/02/2021 19:19:53;03/02/2021;19:19:53;0.0;202.5;1011.8;0.4;0.0;3.2;0.97;0.0;;0.0;2.8;;;0.0;;;;;;;;1.7;1.8;;cloudy;8.7;5.85;7.7;1.06;973.5;;;;;;;;;;
03/02/2021 19:21:52;03/02/2021;19:21:52;0.0;202.5;1011.8;0.4;0.0;3.2;0.97;0.0;;0.0;2.8;;;0.0;;;;;;;;1.7;1.8;;partly-cloudy-night;8.7;5.85;7.7;1.06;973.5;;;;;;;;;;
03/02/2021 19:23:48;03/02/2021;19:23:48;0.0;202.5;1011.8;0.4;0.0;3.2;0.97;0.0;;0.0;2.8;;;0.0;;;;;;;;1.7;1.8;;partly-cloudy-night;8.7;5.85;7.7;1.06;973.5;;;;;;;;;;
03/02/2021 19:25:46;03/02/2021;19:25:46;0.0;202.5;1011.9;0.4;0.0;3.3;0.97;0.0;;0.0;2.9;;;0.0;;;;;;;;1.8;1.9;;partly-cloudy-night;8.8;5.89;7.7;1.06;973.6;;;;;;;;;;
03/02/2021 19:27:41;03/02/2021;19:27:41;0.0;202.5;1011.9;0.4;0.0;3.3;0.97;0.0;;0.0;2.9;;;0.0;;;;;;;;1.8;1.9;;partly-cloudy-night;8.8;5.89;7.7;1.06;973.6;;;;;;;;;;
03/02/2021 19:29:37;03/02/2021;19:29:37;0.0;202.5;1011.9;0.4;0.0;3.3;0.97;0.0;;0.0;2.9;;;0.0;;;;;;;;1.8;1.9;;partly-cloudy-night;8.8;5.89;7.7;1.06;973.6;;;;;;;;;;
03/02/2021 19:31:31;03/02/2021;19:31:31;0.0;202.5;1011.9;0.4;0.0;3.3;0.97;0.0;;0.0;2.9;;;0.0;;;;;;;;1.8;1.9;;partly-cloudy-night;8.8;5.89;7.7;1.06;973.6;;;;;;;;;;
03/02/2021 19:33:29;03/02/2021;19:33:29;0.0;202.5;1011.9;0.4;0.0;3.3;0.97;0.0;;0.0;2.9;;;0.0;;;;;;;;1.8;1.9;;partly-cloudy-night;8.8;5.89;7.7;1.06;973.6;;;;;;;;;;
03/02/2021 19:35:24;03/02/2021;19:35:24;0.0;202.5;1011.9;0.4;0.0;3.2;0.97;0.0;;0.0;2.8;;;0.0;;;;;;;;1.7;1.8;;partly-cloudy-night;8.7;5.85;7.7;1.06;973.6;;;;;;;;;;
03/02/2021 19:37:33;03/02/2021;19:37:33;0.0;202.5;1011.9;0.4;0.0;3.2;0.97;0.0;;0.0;2.8;;;0.0;;;;;;;;1.7;1.8;;partly-cloudy-night;8.7;5.85;7.7;1.06;973.6;;;;;;;;;;
03/02/2021 19:39:28;03/02/2021;19:39:28;0.0;202.5;1011.9;0.4;0.0;3.2;0.97;0.0;;0.0;2.8;;;0.0;;;;;;;;1.7;1.8;;partly-cloudy-night;8.7;5.85;7.7;1.06;973.6;;;;;;;;;;
03/02/2021 19:41:22;03/02/2021;19:41:22;0.0;202.5;1011.9;0.4;0.0;3.2;0.97;0.0;;0.0;2.8;;;0.0;;;;;;;;1.7;1.8;;partly-cloudy-night;8.7;5.85;7.7;1.06;973.6;;;;;;;;;;
03/02/2021 19:43:21;03/02/2021;19:43:21;0.0;202.5;1011.9;0.4;0.0;3.2;0.97;0.0;;0.0;2.8;;;0.0;;;;;;;;1.7;1.8;;partly-cloudy-night;8.7;5.85;7.7;1.06;973.6;;;;;;;;;;
03/02/2021 19:45:15;03/02/2021;19:45:15;0.0;202.5;1011.9;0.4;0.0;3.2;0.97;0.0;;0.0;2.8;;;0.0;;;;;;;;1.7;1.8;;partly-cloudy-night;8.7;5.85;7.7;1.06;973.6;;;;;;;;;;
03/02/2021 19:47:10;03/02/2021;19:47:10;0.0;202.5;1011.9;0.4;0.0;3.2;0.97;0.0;;0.0;2.8;;;0.0;;;;;;;;1.7;1.8;;partly-cloudy-night;8.7;5.85;7.7;1.06;973.6;;;;;;;;;;
03/02/2021 19:49:04;03/02/2021;19:49:04;0.0;202.5;1011.9;0.4;0.0;3.2;0.97;0.0;;0.0;2.8;;;0.0;;;;;;;;1.7;1.8;;partly-cloudy-night;8.7;5.85;7.7;1.06;973.6;;;;;;;;;;
03/02/2021 19:51:01;03/02/2021;19:51:01;0.0;202.5;1012.0;0.4;0.0;3.2;0.98;0.0;;0.0;2.9;;;0.0;;;;;;;;1.7;1.8;;partly-cloudy-night;8.7;5.91;7.7;1.06;973.7;;;;;;;;;;
03/02/2021 19:52:59;03/02/2021;19:52:59;0.0;202.5;1012.0;0.4;0.0;3.2;0.98;0.0;;0.0;2.9;;;0.0;;;;;;;;1.7;1.8;;partly-cloudy-night;8.7;5.91;7.7;1.06;973.7;;;;;;;;;;
03/02/2021 19:54:54;03/02/2021;19:54:54;0.0;202.5;1012.0;0.4;0.0;3.2;0.98;0.0;;0.0;2.9;;;0.0;;;;;;;;1.7;1.8;;partly-cloudy-night;8.7;5.91;7.7;1.06;973.7;;;;;;;;;;
03/02/2021 21:57:00;03/02/2021;21:57:00;0.0;202.5;1012.1;0.4;0.0;3.3;0.98;0.0;;0.0;3.0;;;0.0;;;;;;;;1.8;2.0;;partly-cloudy-night;8.8;5.95;7.7;1.06;973.8;;;;;;;;;;
03/02/2021 21:59:05;03/02/2021;21:59:05;0.0;202.5;1012.1;0.4;0.0;3.3;0.98;0.0;;0.0;3.0;;;0.0;;;;;;;;1.8;2.0;;partly-cloudy-night;8.8;5.95;7.7;1.06;973.8;;;;;;;;;;
03/02/2021 22:01:53;03/02/2021;22:01:53;0.0;202.5;1012.1;0.4;0.0;3.3;0.98;0.0;;0.0;3.0;;;0.0;;;;;;;;1.8;2.0;;partly-cloudy-night;8.8;5.95;7.7;1.06;973.8;;;;;;;;;;
04/02/2021 00:03:55;04/02/2021;00:03:55;0.0;202.5;1012.2;0.4;0.0;2.9;0.98;0.0;;0.0;2.6;;;0.0;;;;;;;;1.3;1.4;;partly-cloudy-night;8.5;5.79;7.5;1.06;973.9;;;;;;;;;;
04/02/2021 00:06:00;04/02/2021;00:06:00;0.0;202.5;1012.2;0.4;0.0;2.9;0.98;0.0;;0.0;2.6;;;0.0;;;;;;;;1.3;1.4;;partly-cloudy-night;8.5;5.79;7.5;1.06;973.9;;;;;;;;;;
04/02/2021 00:07:56;04/02/2021;00:07:56;0.0;202.5;1012.1;0.4;0.0;2.9;0.98;0.0;;0.0;2.6;;;0.0;;;;;;;;1.3;1.4;;partly-cloudy-night;8.5;5.79;7.5;0.0;973.8;;;;;;;;;;
04/02/2021 00:09:52;04/02/2021;00:09:52;0.0;202.5;1012.1;0.4;0.0;2.9;0.98;0.0;;0.0;2.6;;;0.0;;;;;;;;1.3;1.4;;partly-cloudy-night;8.5;5.79;7.5;0.0;973.8;;;;;;;;;;
04/02/2021 00:11:48;04/02/2021;00:11:48;0.0;202.5;1012.1;0.4;0.0;2.9;0.98;0.0;;0.0;2.6;;;0.0;;;;;;;;1.3;1.4;;partly-cloudy-night;8.5;5.79;7.5;0.0;973.8;;;;;;;;;;
04/02/2021 00:13:44;04/02/2021;00:13:44;0.0;202.5;1012.1;0.0;0.0;2.9;0.98;0.0;;0.0;2.6;;;0.0;;;;;;;;1.3;1.4;;partly-cloudy-night;8.5;5.79;7.5;0.0;973.8;;;;;;;;;;
04/02/2021 00:15:38;04/02/2021;00:15:38;0.0;202.5;1012.1;0.0;0.0;2.9;0.98;0.0;;0.0;2.6;;;0.0;;;;;;;;1.3;1.4;;partly-cloudy-night;8.5;5.79;7.5;0.0;973.8;;;;;;;;;;
04/02/2021 00:17:31;04/02/2021;00:17:31;0.0;202.5;1012.2;0.0;0.0;2.9;0.98;0.0;;0.0;2.6;;;0.0;;;;;;;;1.3;1.4;;partly-cloudy-night;8.5;5.79;7.5;0.0;973.9;;;;;;;;;;
04/02/2021 00:19:27;04/02/2021;00:19:27;0.0;202.5;1012.2;0.0;0.0;2.9;0.98;0.0;;0.0;2.6;;;0.0;;;;;;;;1.3;1.4;;partly-cloudy-night;8.5;5.79;7.5;0.0;973.9;;;;;;;;;;
04/02/2021 00:21:22;04/02/2021;00:21:22;0.0;202.5;1012.2;0.0;0.0;2.9;0.98;0.0;;0.0;2.6;;;0.0;;;;;;;;1.3;1.4;;partly-cloudy-night;8.5;5.79;7.5;0.0;973.9;;;;;;;;;;
04/02/2021 00:23:16;04/02/2021;00:23:16;0.0;202.5;1012.3;0.0;0.0;2.8;0.98;0.0;;0.0;2.5;;;0.0;;;;;;;;1.2;1.3;;partly-cloudy-night;8.4;5.75;7.5;0.0;973.9;;;;;;;;;;
04/02/2021 00:25:11;04/02/2021;00:25:11;0.0;202.5;1012.3;0.0;0.0;2.8;0.98;0.0;;0.0;2.5;;;0.0;;;;;;;;1.2;1.3;;partly-cloudy-night;8.4;5.75;7.5;0.0;973.9;;;;;;;;;;
04/02/2021 00:27:05;04/02/2021;00:27:05;0.0;202.5;1012.3;0.0;0.0;2.8;0.98;0.0;;0.0;2.5;;;0.0;;;;;;;;1.2;1.3;;partly-cloudy-night;8.4;5.75;7.5;0.0;973.9;;;;;;;;;;
04/02/2021 00:29:00;04/02/2021;00:29:00;0.0;202.5;1012.2;0.0;0.0;2.8;0.98;0.0;;0.0;2.5;;;0.0;;;;;;;;1.2;1.3;;partly-cloudy-night;8.4;5.75;7.5;0.0;973.8;;;;;;;;;;
04/02/2021 00:30:54;04/02/2021;00:30:54;0.0;202.5;1012.2;0.0;0.0;2.8;0.98;0.0;;0.0;2.5;;;0.0;;;;;;;;1.2;1.3;;partly-cloudy-night;8.4;5.75;7.5;0.0;973.8;;;;;;;;;;
04/02/2021 00:32:48;04/02/2021;00:32:48;0.0;202.5;1012.2;0.0;0.0;2.8;0.98;0.0;;0.0;2.5;;;0.0;;;;;;;;1.2;1.3;;partly-cloudy-night;8.4;5.75;7.5;0.0;973.8;;;;;;;;;;
04/02/2021 00:34:43;04/02/2021;00:34:43;0.0;202.5;1012.2;0.0;0.0;2.8;0.98;0.0;;0.0;2.5;;;0.0;;;;;;;;1.2;1.3;;partly-cloudy-night;8.4;5.75;7.5;0.0;973.8;;;;;;;;;;
04/02/2021 00:36:37;04/02/2021;00:36:37;0.0;202.5;1012.2;0.0;0.0;2.8;0.98;0.0;;0.0;2.5;;;0.0;;;;;;;;1.2;1.3;;partly-cloudy-night;8.4;5.75;7.5;0.0;973.8;;;;;;;;;;
04/02/2021 00:38:33;04/02/2021;00:38:33;0.0;202.5;1012.2;0.0;0.0;2.8;0.98;0.0;;0.8639308855291576;2.5;;;0.0;;;;;;;;1.2;1.3;;partly-cloudy-night;8.4;5.75;7.5;0.0;973.8;;;;;;;;;;
04/02/2021 00:40:28;04/02/2021;00:40:28;0.0;202.5;1012.2;0.0;0.0;2.8;0.98;0.0;;0.8639308855291576;2.5;;;0.0;;;;;;;;1.2;1.3;;partly-cloudy-night;8.4;5.75;7.5;0.0;973.8;;;;;;;;;;
04/02/2021 00:42:23;04/02/2021;00:42:23;0.0;202.5;1012.2;0.0;0.0;2.8;0.98;0.0;;0.8639308855291576;2.5;;;0.0;;;;;;;;1.2;1.3;;partly-cloudy-night;8.4;5.75;7.5;0.0;973.8;;;;;;;;;;
04/02/2021 00:44:19;04/02/2021;00:44:19;0.0;202.5;1012.2;0.0;0.0;2.8;0.98;0.0;;0.7559395248380129;2.5;;;0.0;;;;;;;;1.2;1.3;;partly-cloudy-night;8.4;5.75;7.5;0.0;973.8;;;;;;;;;;
04/02/2021 00:46:16;04/02/2021;00:46:16;0.0;202.5;1012.2;0.0;0.0;2.8;0.98;0.0;;0.7559395248380129;2.5;;;0.0;;;;;;;;1.2;1.3;;partly-cloudy-night;8.4;5.75;7.5;0.0;973.8;;;;;;;;;;
04/02/2021 00:48:09;04/02/2021;00:48:09;0.0;202.5;1012.2;0.0;0.0;2.8;0.98;0.0;;0.7559395248380129;2.5;;;0.0;;;;;;;;1.2;1.3;;partly-cloudy-night;8.4;5.75;7.5;0.0;973.8;;;;;;;;;;
04/02/2021 00:50:03;04/02/2021;00:50:03;0.0;202.5;1012.1;0.0;0.0;2.8;0.98;0.0;;0.0;2.5;;;0.0;;;;;;;;1.2;1.3;;partly-cloudy-night;8.4;5.75;7.5;0.0;973.8;;;;;;;;;;
04/02/2021 00:51:58;04/02/2021;00:51:58;0.0;202.5;1012.1;0.0;0.0;2.8;0.98;0.0;;0.0;2.5;;;0.0;;;;;;;;1.2;1.3;;partly-cloudy-night;8.4;5.75;7.5;0.0;973.8;;;;;;;;;;
04/02/2021 00:53:54;04/02/2021;00:53:54;0.0;202.5;1012.2;0.0;0.0;2.8;0.99;0.0;;0.0;2.7;;;0.0;;;;;;;;1.2;1.4;;partly-cloudy-night;8.4;5.81;7.5;0.0;973.8;;;;;;;;;;
04/02/2021 00:55:55;04/02/2021;00:55:55;0.0;202.5;1012.2;0.0;0.0;2.8;0.99;0.0;;0.0;2.7;;;0.0;;;;;;;;1.2;1.4;;partly-cloudy-night;8.4;5.81;7.5;0.0;973.8;;;;;;;;;;
04/02/2021 00:57:49;04/02/2021;00:57:49;0.0;202.5;1012.2;0.0;0.0;2.8;0.99;0.0;;0.0;2.7;;;0.0;;;;;;;;1.2;1.4;;partly-cloudy-night;8.4;5.81;7.5;0.0;973.8;;;;;;;;;;
04/02/2021 00:59:47;04/02/2021;00:59:47;0.0;202.5;1012.2;0.0;0.0;2.8;0.98;0.0;;0.0;2.5;;;0.0;;;;;;;;1.2;1.3;;partly-cloudy-night;8.4;5.75;7.5;0.0;973.8;;;;;;;;;;
04/02/2021 01:01:43;04/02/2021;01:01:43;0.0;202.5;1012.2;0.0;0.0;2.8;0.98;0.0;;0.0;2.5;;;0.0;;;;;;;;1.2;1.3;;partly-cloudy-night;8.4;5.75;7.5;0.0;973.8;;;;;;;;;;
04/02/2021 01:03:37;04/02/2021;01:03:37;0.0;202.5;1012.2;0.0;0.0;2.8;0.98;0.0;;0.0;2.5;;;0.0;;;;;;;;1.2;1.3;;partly-cloudy-night;8.4;5.75;7.5;0.0;973.8;;;;;;;;;;
04/02/2021 01:05:32;04/02/2021;01:05:32;0.0;202.5;1012.2;0.0;0.0;2.8;0.98;0.0;;0.0;2.5;;;0.0;;;;;;;;1.2;1.3;;partly-cloudy-night;8.4;5.75;7.5;0.0;973.8;;;;;;;;;;
04/02/2021 01:07:42;04/02/2021;01:07:42;0.0;202.5;1012.2;0.0;0.0;2.8;0.98;0.0;;0.0;2.5;;;0.0;;;;;;;;1.2;1.3;;partly-cloudy-night;8.4;5.75;7.5;0.0;973.8;;;;;;;;;;
04/02/2021 01:09:39;04/02/2021;01:09:39;0.0;202.5;1012.2;0.0;0.0;2.8;0.98;0.0;;0.0;2.5;;;0.0;;;;;;;;1.2;1.3;;partly-cloudy-night;8.4;5.75;7.5;0.0;973.8;;;;;;;;;;
04/02/2021 01:11:33;04/02/2021;01:11:33;0.0;202.5;1012.2;0.0;0.0;2.8;0.98;0.0;;0.0;2.5;;;0.0;;;;;;;;1.2;1.3;;partly-cloudy-night;8.4;5.75;7.5;0.0;973.8;;;;;;;;;;
04/02/2021 01:13:31;04/02/2021;01:13:31;0.0;202.5;1012.2;0.0;0.0;2.8;0.98;0.0;;0.0;2.5;;;0.0;;;;;;;;1.2;1.3;;partly-cloudy-night;8.4;5.75;7.5;0.0;973.8;;;;;;;;;;
04/02/2021 01:15:31;04/02/2021;01:15:31;0.0;202.5;1012.3;0.0;0.0;2.7;0.98;0.0;;0.0;2.4;;;0.0;;;;;;;;1.1;1.2;;partly-cloudy-night;8.3;5.71;7.4;0.0;973.9;;;;;;;;;;
04/02/2021 01:17:26;04/02/2021;01:17:26;0.0;202.5;1012.3;0.0;0.0;2.7;0.98;0.0;;0.0;2.4;;;0.0;;;;;;;;1.1;1.2;;partly-cloudy-night;8.3;5.71;7.4;0.0;973.9;;;;;;;;;;
04/02/2021 01:19:23;04/02/2021;01:19:23;0.0;202.5;1012.3;0.0;0.0;2.7;0.98;0.0;;0.0;2.4;;;0.0;;;;;;;;1.1;1.2;;partly-cloudy-night;8.3;5.71;7.4;0.0;973.9;;;;;;;;;;
04/02/2021 01:21:17;04/02/2021;01:21:17;0.0;202.5;1012.3;0.0;0.0;2.7;0.98;0.0;;0.0;2.4;;;0.0;;;;;;;;1.1;1.2;;partly-cloudy-night;8.3;5.71;7.4;0.0;973.9;;;;;;;;;;
04/02/2021 01:23:13;04/02/2021;01:23:13;0.0;202.5;1012.3;0.0;0.0;2.7;0.98;0.0;;0.0;2.4;;;0.0;;;;;;;;1.1;1.2;;partly-cloudy-night;8.3;5.71;7.4;0.0;973.9;;;;;;;;;;
04/02/2021 01:25:07;04/02/2021;01:25:07;0.0;202.5;1012.4;0.0;0.0;2.7;0.98;0.0;;0.0;2.4;;;0.0;;;;;;;;1.1;1.2;;partly-cloudy-night;8.3;5.71;7.4;0.0;974.0;;;;;;;;;;
04/02/2021 01:27:03;04/02/2021;01:27:03;0.0;202.5;1012.4;0.0;0.0;2.7;0.98;0.0;;0.0;2.4;;;0.0;;;;;;;;1.1;1.2;;partly-cloudy-night;8.3;5.71;7.4;0.0;974.0;;;;;;;;;;
04/02/2021 01:28:58;04/02/2021;01:28:58;0.0;202.5;1012.4;0.0;0.0;2.7;0.98;0.0;;0.0;2.4;;;0.0;;;;;;;;1.1;1.2;;partly-cloudy-night;8.3;5.71;7.4;0.0;974.0;;;;;;;;;;
04/02/2021 01:30:51;04/02/2021;01:30:51;0.0;202.5;1012.4;0.0;0.0;2.7;0.98;0.0;;0.0;2.4;;;0.0;;;;;;;;1.1;1.2;;partly-cloudy-night;8.3;5.71;7.4;0.0;974.0;;;;;;;;;;
04/02/2021 01:32:45;04/02/2021;01:32:45;0.0;202.5;1012.4;0.0;0.0;2.7;0.98;0.0;;0.0;2.4;;;0.0;;;;;;;;1.1;1.2;;partly-cloudy-night;8.3;5.71;7.4;0.0;974.0;;;;;;;;;;
04/02/2021 01:34:39;04/02/2021;01:34:39;0.0;202.5;1012.4;0.0;0.0;2.6;0.98;0.0;;0.0;2.3;;;0.0;;;;;;;;1.0;1.1;;partly-cloudy-night;8.2;5.67;7.4;0.0;974.0;;;;;;;;;;
04/02/2021 01:36:33;04/02/2021;01:36:33;0.0;202.5;1012.4;0.0;0.0;2.6;0.98;0.0;;0.0;2.3;;;0.0;;;;;;;;1.0;1.1;;partly-cloudy-night;8.2;5.67;7.4;0.0;974.0;;;;;;;;;;
04/02/2021 01:38:29;04/02/2021;01:38:29;0.0;202.5;1012.4;0.0;0.0;2.6;0.98;0.0;;0.0;2.3;;;0.0;;;;;;;;1.0;1.1;;partly-cloudy-night;8.2;5.67;7.4;0.0;974.0;;;;;;;;;;
04/02/2021 01:40:27;04/02/2021;01:40:27;0.0;202.5;1012.4;0.0;0.0;2.6;0.98;0.0;;0.0;2.3;;;0.0;;;;;;;;1.0;1.1;;partly-cloudy-night;8.2;5.67;7.4;0.0;974.0;;;;;;;;;;
04/02/2021 01:42:21;04/02/2021;01:42:21;0.0;202.5;1012.4;0.0;0.0;2.6;0.98;0.0;;0.0;2.3;;;0.0;;;;;;;;1.0;1.1;;partly-cloudy-night;8.2;5.67;7.4;0.0;974.0;;;;;;;;;;
04/02/2021 01:44:18;04/02/2021;01:44:18;0.0;202.5;1012.4;0.0;0.0;2.6;0.98;0.0;;0.0;2.3;;;0.0;;;;;;;;1.0;1.1;;partly-cloudy-night;8.2;5.67;7.4;0.0;974.0;;;;;;;;;;
04/02/2021 01:46:13;04/02/2021;01:46:13;0.0;202.5;1012.4;0.0;0.0;2.6;0.98;0.0;;0.0;2.3;;;0.0;;;;;;;;1.0;1.1;;partly-cloudy-night;8.2;5.67;7.4;0.0;974.0;;;;;;;;;;
04/02/2021 01:48:06;04/02/2021;01:48:06;0.0;202.5;1012.4;0.0;0.0;2.6;0.98;0.0;;0.0;2.3;;;0.0;;;;;;;;1.0;1.1;;partly-cloudy-night;8.2;5.67;7.4;0.0;974.0;;;;;;;;;;
04/02/2021 01:50:01;04/02/2021;01:50:01;0.0;202.5;1012.4;0.0;0.0;2.5;0.98;0.0;;0.0;2.2;;;0.0;;;;;;;;0.9;0.9;;partly-cloudy-night;8.2;5.64;7.3;0.0;974.0;;;;;;;;;;
04/02/2021 01:51:55;04/02/2021;01:51:55;0.0;202.5;1012.4;0.0;0.0;2.5;0.98;0.0;;0.0;2.2;;;0.0;;;;;;;;0.9;0.9;;partly-cloudy-night;8.2;5.64;7.3;0.0;974.0;;;;;;;;;;
04/02/2021 01:53:49;04/02/2021;01:53:49;0.0;202.5;1012.4;0.0;0.0;2.5;0.98;0.0;;0.0;2.2;;;0.0;;;;;;;;0.9;0.9;;partly-cloudy-night;8.2;5.64;7.3;0.0;974.0;;;;;;;;;;
04/02/2021 01:55:44;04/02/2021;01:55:44;0.0;202.5;1012.4;0.0;0.0;2.5;0.98;0.0;;0.0;2.2;;;0.0;;;;;;;;0.9;0.9;;partly-cloudy-night;8.2;5.64;7.3;0.0;974.0;;;;;;;;;;
04/02/2021 01:57:39;04/02/2021;01:57:39;0.0;202.5;1012.4;0.0;0.0;2.5;0.98;0.0;;0.0;2.2;;;0.0;;;;;;;;0.9;0.9;;partly-cloudy-night;8.2;5.64;7.3;0.0;974.0;;;;;;;;;;
04/02/2021 01:59:33;04/02/2021;01:59:33;0.0;202.5;1012.4;0.0;0.0;2.5;0.98;0.0;;0.0;2.2;;;0.0;;;;;;;;0.9;0.9;;partly-cloudy-night;8.2;5.64;7.3;0.0;974.0;;;;;;;;;;
04/02/2021 02:01:28;04/02/2021;02:01:28;0.0;202.5;1012.4;0.0;0.0;2.5;0.98;0.0;;0.0;2.2;;;0.0;;;;;;;;0.9;0.9;;partly-cloudy-night;8.2;5.64;7.3;0.0;974.0;;;;;;;;;;
04/02/2021 02:03:25;04/02/2021;02:03:25;0.0;202.5;1012.4;0.0;0.0;2.5;0.98;0.0;;0.0;2.2;;;0.0;;;;;;;;0.9;0.9;;partly-cloudy-night;8.2;5.64;7.3;0.0;974.0;;;;;;;;;;
04/02/2021 02:05:19;04/02/2021;02:05:19;0.0;202.5;1012.4;0.0;0.0;2.4;0.98;0.0;;0.0;2.1;;;0.0;;;;;;;;0.7;0.8;;partly-cloudy-night;8.1;5.6;7.3;0.0;974.0;;;;;;;;;;
04/02/2021 02:07:13;04/02/2021;02:07:13;0.0;202.5;1012.4;0.0;0.0;2.4;0.98;0.0;;0.0;2.1;;;0.0;;;;;;;;0.7;0.8;;partly-cloudy-night;8.1;5.6;7.3;0.0;974.0;;;;;;;;;;
04/02/2021 02:09:08;04/02/2021;02:09:08;0.0;202.5;1012.4;0.0;0.0;2.4;0.98;0.0;;0.0;2.1;;;0.0;;;;;;;;0.7;0.8;;partly-cloudy-night;8.1;5.6;7.3;0.0;974.0;;;;;;;;;;
04/02/2021 02:11:03;04/02/2021;02:11:03;0.0;202.5;1012.5;0.0;0.0;2.4;0.98;0.0;;0.0;2.1;;;0.0;;;;;;;;0.7;0.8;;partly-cloudy-night;8.1;5.6;7.3;0.0;974.1;;;;;;;;;;
04/02/2021 02:12:59;04/02/2021;02:12:59;0.0;202.5;1012.5;0.0;0.0;2.4;0.98;0.0;;0.0;2.1;;;0.0;;;;;;;;0.7;0.8;;partly-cloudy-night;8.1;5.6;7.3;0.0;974.1;;;;;;;;;;
04/02/2021 02:14:55;04/02/2021;02:14:55;0.0;202.5;1012.5;0.0;0.0;2.4;0.98;0.0;;0.0;2.1;;;0.0;;;;;;;;0.7;0.8;;partly-cloudy-night;8.1;5.6;7.3;0.0;974.1;;;;;;;;;;
04/02/2021 02:16:50;04/02/2021;02:16:50;0.0;202.5;1012.6;0.0;0.0;2.4;0.98;0.0;;0.0;2.1;;;0.0;;;;;;;;0.7;0.8;;partly-cloudy-night;8.1;5.6;7.3;0.0;974.2;;;;;;;;;;
04/02/2021 02:18:45;04/02/2021;02:18:45;0.0;202.5;1012.6;0.0;0.0;2.4;0.98;0.0;;0.0;2.1;;;0.0;;;;;;;;0.7;0.8;;partly-cloudy-night;8.1;5.6;7.3;0.0;974.2;;;;;;;;;;
04/02/2021 02:20:39;04/02/2021;02:20:39;0.0;202.5;1012.6;0.0;0.0;2.4;0.98;0.0;;0.0;2.1;;;0.0;;;;;;;;0.7;0.8;;partly-cloudy-night;8.1;5.6;7.3;0.0;974.2;;;;;;;;;;
04/02/2021 02:22:33;04/02/2021;02:22:33;0.0;202.5;1012.6;0.0;0.0;2.4;0.98;0.0;;0.0;2.1;;;0.0;;;;;;;;0.7;0.8;;partly-cloudy-night;8.1;5.6;7.3;0.0;974.2;;;;;;;;;;
04/02/2021 02:24:28;04/02/2021;02:24:28;0.0;202.5;1012.6;0.0;0.0;2.4;0.98;0.0;;0.0;2.1;;;0.0;;;;;;;;0.7;0.8;;partly-cloudy-night;8.1;5.6;7.3;0.0;974.2;;;;;;;;;;
04/02/2021 02:26:22;04/02/2021;02:26:22;0.0;202.5;1012.6;0.0;0.0;2.4;0.99;0.0;;0.0;2.3;;;0.0;;;;;;;;0.8;0.9;;partly-cloudy-night;8.1;5.66;7.3;0.0;974.2;;;;;;;;;;
04/02/2021 02:28:16;04/02/2021;02:28:16;0.0;202.5;1012.6;0.0;0.0;2.4;0.99;0.0;;0.0;2.3;;;0.0;;;;;;;;0.8;0.9;;partly-cloudy-night;8.1;5.66;7.3;0.0;974.2;;;;;;;;;;
04/02/2021 02:30:11;04/02/2021;02:30:11;0.0;202.5;1012.6;0.0;0.0;2.4;0.99;0.0;;0.0;2.3;;;0.0;;;;;;;;0.8;0.9;;partly-cloudy-night;8.1;5.66;7.3;0.0;974.2;;;;;;;;;;
04/02/2021 02:32:06;04/02/2021;02:32:06;0.0;202.5;1012.6;0.0;0.0;2.5;0.99;0.0;;0.0;2.4;;;0.0;;;;;;;;0.9;1.0;;partly-cloudy-night;8.2;5.69;7.3;0.0;974.2;;;;;;;;;;
04/02/2021 02:34:00;04/02/2021;02:34:00;0.0;202.5;1012.6;0.0;0.0;2.5;0.99;0.0;;0.0;2.4;;;0.0;;;;;;;;0.9;1.0;;partly-cloudy-night;8.2;5.69;7.3;0.0;974.2;;;;;;;;;;
04/02/2021 02:35:54;04/02/2021;02:35:54;0.0;202.5;1012.6;0.0;0.0;2.5;0.99;0.0;;0.0;2.4;;;0.0;;;;;;;;0.9;1.0;;partly-cloudy-night;8.2;5.69;7.3;0.0;974.2;;;;;;;;;;
04/02/2021 02:37:48;04/02/2021;02:37:48;0.0;202.5;1012.5;0.0;0.0;2.4;0.99;0.0;;0.0;2.3;;;0.0;;;;;;;;0.8;0.9;;partly-cloudy-night;8.1;5.66;7.3;0.0;974.1;;;;;;;;;;
04/02/2021 02:39:43;04/02/2021;02:39:43;0.0;202.5;1012.5;0.0;0.0;2.4;0.99;0.0;;0.0;2.3;;;0.0;;;;;;;;0.8;0.9;;partly-cloudy-night;8.1;5.66;7.3;0.0;974.1;;;;;;;;;;
04/02/2021 02:41:38;04/02/2021;02:41:38;0.0;202.5;1012.5;0.0;0.0;2.4;0.99;0.0;;0.0;2.3;;;0.0;;;;;;;;0.8;0.9;;partly-cloudy-night;8.1;5.66;7.3;0.0;974.1;;;;;;;;;;
04/02/2021 02:43:38;04/02/2021;02:43:38;0.0;202.5;1012.5;0.0;0.0;2.4;0.98;0.0;;0.0;2.1;;;0.0;;;;;;;;0.7;0.8;;partly-cloudy-night;8.1;5.6;7.3;0.0;974.1;;;;;;;;;;
04/02/2021 02:45:34;04/02/2021;02:45:34;0.0;202.5;1012.5;0.0;0.0;2.4;0.98;0.0;;0.0;2.1;;;0.0;;;;;;;;0.7;0.8;;partly-cloudy-night;8.1;5.6;7.3;0.0;974.1;;;;;;;;;;
04/02/2021 02:47:30;04/02/2021;02:47:30;0.0;202.5;1012.6;0.0;0.0;2.3;0.98;0.0;;0.0;2.0;;;0.0;;;;;;;;0.6;0.7;;partly-cloudy-night;8.0;5.56;7.2;0.0;974.2;;;;;;;;;;
04/02/2021 02:49:25;04/02/2021;02:49:25;0.0;202.5;1012.6;0.0;0.0;2.3;0.98;0.0;;0.0;2.0;;;0.0;;;;;;;;0.6;0.7;;partly-cloudy-night;8.0;5.56;7.2;0.0;974.2;;;;;;;;;;
04/02/2021 02:51:23;04/02/2021;02:51:23;0.0;202.5;1012.6;0.0;0.0;2.3;0.98;0.0;;0.0;2.0;;;0.0;;;;;;;;0.6;0.7;;partly-cloudy-night;8.0;5.56;7.2;0.0;974.2;;;;;;;;;;
04/02/2021 02:53:18;04/02/2021;02:53:18;0.0;202.5;1012.6;0.0;0.0;2.3;0.98;0.0;;0.0;2.0;;;0.0;;;;;;;;0.6;0.7;;partly-cloudy-night;8.0;5.56;7.2;0.0;974.2;;;;;;;;;;
04/02/2021 02:55:15;04/02/2021;02:55:15;0.0;202.5;1012.6;0.0;0.0;2.3;0.98;0.0;;0.0;2.0;;;0.0;;;;;;;;0.6;0.7;;partly-cloudy-night;8.0;5.56;7.2;0.0;974.2;;;;;;;;;;
04/02/2021 02:57:08;04/02/2021;02:57:08;0.0;202.5;1012.6;0.0;0.0;2.3;0.98;0.0;;0.0;2.0;;;0.0;;;;;;;;0.6;0.7;;partly-cloudy-night;8.0;5.56;7.2;0.0;974.2;;;;;;;;;;
04/02/2021 02:59:03;04/02/2021;02:59:03;0.0;202.5;1012.6;0.0;0.0;2.3;0.99;0.0;;0.0;2.2;;;0.0;;;;;;;;0.7;0.7;;partly-cloudy-night;8.0;5.62;7.2;0.0;974.2;;;;;;;;;;
04/02/2021 03:01:00;04/02/2021;03:01:00;0.0;202.5;1012.6;0.0;0.0;2.3;0.99;0.0;;0.0;2.2;;;0.0;;;;;;;;0.7;0.7;;partly-cloudy-night;8.0;5.62;7.2;0.0;974.2;;;;;;;;;;
04/02/2021 03:02:55;04/02/2021;03:02:55;0.0;202.5;1012.7;0.0;0.0;2.3;0.98;0.0;;0.0;2.0;;;0.0;;;;;;;;0.6;0.7;;partly-cloudy-night;8.0;5.56;7.2;0.0;974.3;;;;;;;;;;
04/02/2021 03:04:50;04/02/2021;03:04:50;0.0;202.5;1012.7;0.0;0.0;2.3;0.98;0.0;;0.0;2.0;;;0.0;;;;;;;;0.6;0.7;;partly-cloudy-night;8.0;5.56;7.2;0.0;974.3;;;;;;;;;;
04/02/2021 03:06:46;04/02/2021;03:06:46;0.0;202.5;1012.7;0.0;0.0;2.3;0.98;0.0;;0.0;2.0;;;0.0;;;;;;;;0.6;0.7;;partly-cloudy-night;8.0;5.56;7.2;0.0;974.3;;;;;;;;;;
04/02/2021 03:08:42;04/02/2021;03:08:42;0.0;202.5;1012.6;0.0;0.0;2.4;0.99;0.0;;0.0;2.3;;;0.0;;;;;;;;0.8;0.9;;partly-cloudy-night;8.1;5.66;7.3;0.0;974.2;;;;;;;;;;
04/02/2021 03:10:36;04/02/2021;03:10:36;0.0;202.5;1012.6;0.0;0.0;2.4;0.99;0.0;;0.0;2.3;;;0.0;;;;;;;;0.8;0.9;;partly-cloudy-night;8.1;5.66;7.3;0.0;974.2;;;;;;;;;;
04/02/2021 03:12:32;04/02/2021;03:12:32;0.0;202.5;1012.6;0.0;0.0;2.4;0.99;0.0;;0.0;2.3;;;0.0;;;;;;;;0.8;0.9;;partly-cloudy-night;8.1;5.66;7.3;0.0;974.2;;;;;;;;;;
04/02/2021 03:14:27;04/02/2021;03:14:27;0.0;202.5;1012.6;0.0;0.0;2.4;0.99;0.0;;0.0;2.3;;;0.0;;;;;;;;0.8;0.9;;partly-cloudy-night;8.1;5.66;7.3;0.0;974.2;;;;;;;;;;
04/02/2021 03:16:23;04/02/2021;03:16:23;0.0;202.5;1012.6;0.0;0.0;2.4;0.99;0.0;;0.0;2.3;;;0.0;;;;;;;;0.8;0.9;;partly-cloudy-night;8.1;5.66;7.3;0.0;974.2;;;;;;;;;;
04/02/2021 03:18:19;04/02/2021;03:18:19;0.0;202.5;1012.6;0.0;0.0;2.4;0.99;0.0;;0.0;2.3;;;0.0;;;;;;;;0.8;0.9;;partly-cloudy-night;8.1;5.66;7.3;0.0;974.2;;;;;;;;;;
04/02/2021 03:20:14;04/02/2021;03:20:14;0.0;202.5;1012.6;0.0;0.0;2.4;0.99;0.0;;0.0;2.3;;;0.0;;;;;;;;0.8;0.9;;partly-cloudy-night;8.1;5.66;7.3;0.0;974.2;;;;;;;;;;
04/02/2021 03:22:58;04/02/2021;03:22:58;0.0;202.5;1012.6;0.0;0.0;2.4;0.99;0.0;;0.0;2.3;;;0.0;;;;;;;;0.8;0.9;;partly-cloudy-night;8.1;5.66;7.3;0.0;974.2;;;;;;;;;;
04/02/2021 03:24:52;04/02/2021;03:24:52;0.0;202.5;1012.6;0.0;0.0;2.4;0.99;0.0;;0.0;2.3;;;0.0;;;;;;;;0.8;0.9;;partly-cloudy-night;8.1;5.66;7.3;0.0;974.2;;;;;;;;;;
04/02/2021 03:26:46;04/02/2021;03:26:46;0.0;202.5;1012.6;0.0;0.0;2.4;0.99;0.0;;0.0;2.3;;;0.0;;;;;;;;0.8;0.9;;partly-cloudy-night;8.1;5.66;7.3;0.0;974.2;;;;;;;;;;
04/02/2021 03:28:42;04/02/2021;03:28:42;0.0;202.5;1012.7;0.0;0.0;2.3;0.98;0.0;;0.0;2.0;;;0.0;;;;;;;;0.6;0.7;;partly-cloudy-night;8.0;5.56;7.2;0.0;974.3;;;;;;;;;;
04/02/2021 03:30:36;04/02/2021;03:30:36;0.0;202.5;1012.7;0.0;0.0;2.3;0.98;0.0;;0.0;2.0;;;0.0;;;;;;;;0.6;0.7;;partly-cloudy-night;8.0;5.56;7.2;0.0;974.3;;;;;;;;;;
04/02/2021 03:33:15;04/02/2021;03:33:15;0.0;202.5;1012.7;0.0;0.0;2.3;0.98;0.0;;0.0;2.0;;;0.0;;;;;;;;0.6;0.7;;partly-cloudy-night;8.0;5.56;7.2;0.0;974.3;;;;;;;;;;
04/02/2021 03:35:32;04/02/2021;03:35:32;0.0;202.5;1012.6;0.0;0.0;2.3;0.98;0.0;;0.0;2.0;;;0.0;;;;;;;;0.6;0.7;;partly-cloudy-night;8.0;5.56;7.2;0.0;974.2;;;;;;;;;;
04/02/2021 03:38:41;04/02/2021;03:38:41;0.0;202.5;1012.6;0.0;0.0;2.3;0.98;0.0;;0.0;2.0;;;0.0;;;;;;;;0.6;0.7;;partly-cloudy-night;8.0;5.56;7.2;0.0;974.2;;;;;;;;;;
04/02/2021 03:41:05;04/02/2021;03:41:05;0.0;202.5;1012.7;0.0;0.0;2.3;0.98;0.0;;0.0;2.0;;;0.0;;;;;;;;0.6;0.7;;partly-cloudy-night;8.0;5.56;7.2;0.0;974.3;;;;;;;;;;
04/02/2021 03:43:32;04/02/2021;03:43:32;0.0;202.5;1012.7;0.0;0.0;2.3;0.98;0.0;;0.0;2.0;;;0.0;;;;;;;;0.6;0.7;;partly-cloudy-night;8.0;5.56;7.2;0.0;974.3;;;;;;;;;;
04/02/2021 03:46:04;04/02/2021;03:46:04;0.0;202.5;1012.6;0.0;0.0;2.4;0.99;0.0;;0.0;2.3;;;0.0;;;;;;;;0.8;0.9;;partly-cloudy-night;8.1;5.66;7.3;0.0;974.2;;;;;;;;;;
04/02/2021 03:48:20;04/02/2021;03:48:20;0.0;202.5;1012.6;0.0;0.0;2.4;0.99;0.0;;0.0;2.3;;;0.0;;;;;;;;0.8;0.9;;partly-cloudy-night;8.1;5.66;7.3;0.0;974.2;;;;;;;;;;
04/02/2021 03:50:37;04/02/2021;03:50:37;0.0;202.5;1012.6;0.0;0.0;2.4;0.99;0.0;;0.0;2.3;;;0.0;;;;;;;;0.8;0.9;;partly-cloudy-night;8.1;5.66;7.3;0.0;974.2;;;;;;;;;;
04/02/2021 03:52:59;04/02/2021;03:52:59;0.0;202.5;1012.6;0.0;0.0;2.4;0.99;0.0;;0.0;2.3;;;0.0;;;;;;;;0.8;0.9;;partly-cloudy-night;8.1;5.66;7.3;0.0;974.2;;;;;;;;;;
04/02/2021 03:55:31;04/02/2021;03:55:31;0.0;202.5;1012.7;0.0;0.0;2.4;0.99;0.0;;0.0;2.3;;;0.0;;;;;;;;0.8;0.9;;partly-cloudy-night;8.1;5.66;7.3;0.0;974.3;;;;;;;;;;
04/02/2021 03:57:50;04/02/2021;03:57:50;0.0;202.5;1012.7;0.0;0.0;2.4;0.99;0.0;;0.0;2.3;;;0.0;;;;;;;;0.8;0.9;;partly-cloudy-night;8.1;5.66;7.3;0.0;974.3;;;;;;;;;;
04/02/2021 04:00:13;04/02/2021;04:00:13;0.0;202.5;1012.7;0.0;0.0;2.4;0.99;0.0;;0.0;2.3;;;0.0;;;;;;;;0.8;0.9;;partly-cloudy-night;8.1;5.66;7.3;0.0;974.3;;;;;;;;;;
04/02/2021 04:02:37;04/02/2021;04:02:37;0.0;202.5;1012.7;0.0;0.0;2.5;0.99;0.0;;0.0;2.4;;;0.0;;;;;;;;0.9;1.0;;partly-cloudy-night;8.2;5.69;7.3;0.0;974.3;;;;;;;;;;
04/02/2021 04:04:47;04/02/2021;04:04:47;0.0;202.5;1012.7;0.0;0.0;2.5;0.99;0.0;;0.0;2.4;;;0.0;;;;;;;;0.9;1.0;;partly-cloudy-night;8.2;5.69;7.3;0.0;974.3;;;;;;;;;;
04/02/2021 04:07:02;04/02/2021;04:07:02;0.0;202.5;1012.6;0.0;0.0;2.5;0.99;0.0;;0.0;2.4;;;0.0;;;;;;;;0.9;1.0;;partly-cloudy-night;8.2;5.69;7.3;0.0;974.2;;;;;;;;;;
04/02/2021 04:09:12;04/02/2021;04:09:12;0.0;202.5;1012.6;0.0;0.0;2.5;0.99;0.0;;0.0;2.4;;;0.0;;;;;;;;0.9;1.0;;partly-cloudy-night;8.2;5.69;7.3;0.0;974.2;;;;;;;;;;
04/02/2021 04:11:25;04/02/2021;04:11:25;0.0;202.5;1012.7;0.0;0.0;2.4;0.99;0.0;;0.0;2.3;;;0.0;;;;;;;;0.8;0.9;;partly-cloudy-night;8.1;5.66;7.3;0.0;974.3;;;;;;;;;;
04/02/2021 04:13:40;04/02/2021;04:13:40;0.0;202.5;1012.7;0.0;0.0;2.4;0.99;0.0;;0.0;2.3;;;0.0;;;;;;;;0.8;0.9;;partly-cloudy-night;8.1;5.66;7.3;0.0;974.3;;;;;;;;;;
04/02/2021 04:16:18;04/02/2021;04:16:18;0.0;202.5;1012.7;0.0;0.0;2.4;0.99;0.0;;0.0;2.3;;;0.0;;;;;;;;0.8;0.9;;partly-cloudy-night;8.1;5.66;7.3;0.0;974.3;;;;;;;;;;
04/02/2021 04:18:31;04/02/2021;04:18:31;0.0;202.5;1012.7;0.0;0.0;2.4;0.98;0.0;;0.8639308855291576;2.1;;;0.0;;;;;;;;0.7;0.8;;partly-cloudy-night;8.1;5.6;7.3;0.0;974.3;;;;;;;;;;
04/02/2021 04:21:01;04/02/2021;04:21:01;0.0;202.5;1012.7;0.0;0.0;2.4;0.98;0.0;;0.8639308855291576;2.1;;;0.0;;;;;;;;0.7;0.8;;partly-cloudy-night;8.1;5.6;7.3;0.0;974.3;;;;;;;;;;
04/02/2021 04:23:15;04/02/2021;04:23:15;0.0;202.5;1012.7;0.0;0.0;2.2;0.98;0.0;;0.7559395248380129;1.9;;;0.0;;;;;;;;0.5;0.5;;partly-cloudy-night;7.9;5.52;7.2;0.0;974.2;;;;;;;;;;
04/02/2021 04:25:25;04/02/2021;04:25:25;0.0;202.5;1012.7;0.0;0.0;2.2;0.98;0.0;;0.7559395248380129;1.9;;;0.0;;;;;;;;0.5;0.5;;partly-cloudy-night;7.9;5.52;7.2;0.0;974.2;;;;;;;;;;
04/02/2021 04:27:38;04/02/2021;04:27:38;0.0;202.5;1012.7;0.0;0.0;2.1;0.98;0.0;;0.7559395248380129;1.8;;;0.0;;;;;;;;0.4;0.4;;partly-cloudy-night;7.9;5.49;7.1;0.0;974.2;;;;;;;;;;
04/02/2021 04:29:45;04/02/2021;04:29:45;0.0;202.5;1012.7;0.0;0.0;2.1;0.98;0.0;;0.7559395248380129;1.8;;;0.0;;;;;;;;0.4;0.4;;partly-cloudy-night;7.9;5.49;7.1;0.0;974.2;;;;;;;;;;
04/02/2021 04:32:05;04/02/2021;04:32:05;0.0;202.5;1012.7;0.0;0.0;2.0;0.98;0.0;;0.0;1.7;;;0.0;;;;;;;;0.3;0.3;;partly-cloudy-night;7.8;5.45;7.1;0.0;974.2;;;;;;;;;;
04/02/2021 04:34:18;04/02/2021;04:34:18;0.0;202.5;1012.7;0.0;0.0;2.0;0.98;0.0;;0.0;1.7;;;0.0;;;;;;;;0.3;0.3;;partly-cloudy-night;7.8;5.45;7.1;0.0;974.2;;;;;;;;;;
04/02/2021 04:36:35;04/02/2021;04:36:35;0.0;202.5;1012.7;0.0;0.0;1.9;0.98;0.0;;0.0;1.6;;;0.0;;;;;;;;0.2;0.2;;partly-cloudy-night;7.7;5.41;7.0;0.0;974.2;;;;;;;;;;
04/02/2021 04:38:50;04/02/2021;04:38:50;0.0;202.5;1012.7;0.0;0.0;1.9;0.98;0.0;;0.0;1.6;;;0.0;;;;;;;;0.2;0.2;;partly-cloudy-night;7.7;5.41;7.0;0.0;974.2;;;;;;;;;;
04/02/2021 04:40:59;04/02/2021;04:40:59;0.0;202.5;1012.7;0.0;0.0;1.9;0.98;0.0;;0.0;1.6;;;0.0;;;;;;;;0.2;0.2;;partly-cloudy-night;7.7;5.41;7.0;0.0;974.2;;;;;;;;;;
04/02/2021 04:43:28;04/02/2021;04:43:28;0.0;202.5;1012.7;0.0;0.0;1.8;0.98;0.0;;0.0;1.5;;;0.0;;;;;;;;0.0;0.0;;partly-cloudy-night;7.6;5.38;7.0;0.0;974.2;;;;;;;;;;
04/02/2021 04:45:37;04/02/2021;04:45:37;0.0;202.5;1012.7;0.0;0.0;1.8;0.98;0.0;;0.0;1.5;;;0.0;;;;;;;;0.0;0.0;;partly-cloudy-night;7.6;5.38;7.0;0.0;974.2;;;;;;;;;;
04/02/2021 04:47:51;04/02/2021;04:47:51;0.0;157.5;1012.8;0.0;0.0;1.7;0.98;0.0;;2.5917926565874727;1.4;;;0.0;;;;;;;;-0.1;-0.1;;partly-cloudy-night;7.6;5.34;6.9;0.0;974.3;;;;;;;;;;
04/02/2021 04:50:01;04/02/2021;04:50:01;0.0;157.5;1012.8;0.0;0.0;1.7;0.98;0.0;;2.5917926565874727;1.4;;;0.0;;;;;;;;-0.1;-0.1;;partly-cloudy-night;7.6;5.34;6.9;0.0;974.3;;;;;;;;;;
04/02/2021 04:52:31;04/02/2021;04:52:31;0.0;157.5;1012.9;0.0;0.0;1.6;0.98;0.0;;0.7559395248380129;1.3;;;0.0;;;;;;;;-0.2;-0.2;;partly-cloudy-night;7.5;5.3;6.9;0.0;974.4;;;;;;;;;;
04/02/2021 04:54:26;04/02/2021;04:54:26;0.0;157.5;1012.9;0.0;0.0;1.6;0.98;0.0;;0.7559395248380129;1.3;;;0.0;;;;;;;;-0.2;-0.2;;partly-cloudy-night;7.5;5.3;6.9;0.0;974.4;;;;;;;;;;
04/02/2021 04:56:21;04/02/2021;04:56:21;0.0;157.5;1012.9;0.0;0.0;1.6;0.98;0.0;;0.7559395248380129;1.3;;;0.0;;;;;;;;-0.2;-0.2;;partly-cloudy-night;7.5;5.3;6.9;0.0;974.4;;;;;;;;;;
04/02/2021 04:58:16;04/02/2021;04:58:16;0.0;157.5;1012.9;0.0;0.0;1.6;0.98;0.0;;0.0;1.3;;;0.0;;;;;;;;-0.2;-0.2;;partly-cloudy-night;7.5;5.3;6.9;0.0;974.4;;;;;;;;;;
04/02/2021 05:00:10;04/02/2021;05:00:10;0.0;157.5;1012.9;0.0;0.0;1.6;0.98;0.0;;0.0;1.3;;;0.0;;;;;;;;-0.2;-0.2;;partly-cloudy-night;7.5;5.3;6.9;0.0;974.4;;;;;;;;;;
04/02/2021 05:02:07;04/02/2021;05:02:07;0.0;157.5;1013.0;0.0;0.0;1.4;0.98;0.0;;0.0;1.1;;;0.0;;;;;;;;-0.4;-0.5;;partly-cloudy-night;7.3;5.23;6.8;0.0;974.4;;;;;;;;;;
04/02/2021 05:04:21;04/02/2021;05:04:21;0.0;157.5;1013.0;0.0;0.0;1.4;0.98;0.0;;0.0;1.1;;;0.0;;;;;;;;-0.4;-0.5;;partly-cloudy-night;7.3;5.23;6.8;0.0;974.4;;;;;;;;;;
04/02/2021 05:06:15;04/02/2021;05:06:15;0.0;157.5;1013.0;0.0;0.0;1.4;0.98;0.0;;0.0;1.1;;;0.0;;;;;;;;-0.4;-0.5;;partly-cloudy-night;7.3;5.23;6.8;0.0;974.4;;;;;;;;;;
04/02/2021 05:08:09;04/02/2021;05:08:09;0.0;157.5;1013.1;0.0;0.0;1.4;0.98;0.0;;0.0;1.1;;;0.0;;;;;;;;-0.4;-0.5;;partly-cloudy-night;7.3;5.23;6.8;0.0;974.5;;;;;;;;;;
04/02/2021 05:10:05;04/02/2021;05:10:05;0.0;157.5;1013.1;0.0;0.0;1.4;0.98;0.0;;0.0;1.1;;;0.0;;;;;;;;-0.4;-0.5;;partly-cloudy-night;7.3;5.23;6.8;0.0;974.5;;;;;;;;;;
04/02/2021 05:12:00;04/02/2021;05:12:00;0.0;157.5;1013.1;0.0;0.0;1.4;0.98;0.0;;0.0;1.1;;;0.0;;;;;;;;-0.4;-0.5;;partly-cloudy-night;7.3;5.23;6.8;0.0;974.5;;;;;;;;;;
04/02/2021 05:13:56;04/02/2021;05:13:56;0.0;157.5;1013.1;0.0;0.0;1.4;0.98;0.0;;0.0;1.1;;;0.0;;;;;;;;-0.4;-0.5;;partly-cloudy-night;7.3;5.23;6.8;0.0;974.5;;;;;;;;;;
04/02/2021 05:15:49;04/02/2021;05:15:49;0.0;157.5;1013.1;0.0;0.0;1.4;0.98;0.0;;0.0;1.1;;;0.0;;;;;;;;-0.4;-0.5;;partly-cloudy-night;7.3;5.23;6.8;0.0;974.5;;;;;;;;;;
04/02/2021 05:17:47;04/02/2021;05:17:47;0.0;157.5;1013.2;0.0;0.0;1.4;0.98;0.0;;0.0;1.1;;;0.0;;;;;;;;-0.4;-0.5;;partly-cloudy-night;7.3;5.23;6.8;0.0;974.6;;;;;;;;;;
04/02/2021 05:19:42;04/02/2021;05:19:42;0.0;157.5;1013.2;0.0;0.0;1.4;0.98;0.0;;0.0;1.1;;;0.0;;;;;;;;-0.4;-0.5;;partly-cloudy-night;7.3;5.23;6.8;0.0;974.6;;;;;;;;;;
04/02/2021 05:21:37;04/02/2021;05:21:37;0.0;157.5;1013.2;0.0;0.0;1.4;0.98;0.0;;0.0;1.1;;;0.0;;;;;;;;-0.4;-0.5;;partly-cloudy-night;7.3;5.23;6.8;0.0;974.6;;;;;;;;;;
04/02/2021 05:23:32;04/02/2021;05:23:32;0.0;157.5;1013.3;0.0;0.0;1.3;0.98;0.0;;0.0;1.0;;;0.0;;;;;;;;-0.5;-0.6;;partly-cloudy-night;7.3;5.2;6.7;0.0;974.7;;;;;;;;;;
04/02/2021 05:25:32;04/02/2021;05:25:32;0.0;157.5;1013.3;0.0;0.0;1.3;0.98;0.0;;0.0;1.0;;;0.0;;;;;;;;-0.5;-0.6;;partly-cloudy-night;7.3;5.2;6.7;0.0;974.7;;;;;;;;;;
04/02/2021 05:27:26;04/02/2021;05:27:26;0.0;157.5;1013.3;0.0;0.0;1.3;0.98;0.0;;0.0;1.0;;;0.0;;;;;;;;-0.5;-0.6;;partly-cloudy-night;7.3;5.2;6.7;0.0;974.7;;;;;;;;;;
04/02/2021 05:29:21;04/02/2021;05:29:21;0.0;157.5;1013.3;0.0;0.0;1.3;0.98;0.0;;0.0;1.0;;;0.0;;;;;;;;-0.5;-0.6;;partly-cloudy-night;7.3;5.2;6.7;0.0;974.7;;;;;;;;;;
04/02/2021 05:31:14;04/02/2021;05:31:14;0.0;157.5;1013.3;0.0;0.0;1.3;0.98;0.0;;0.0;1.0;;;0.0;;;;;;;;-0.5;-0.6;;partly-cloudy-night;7.3;5.2;6.7;0.0;974.7;;;;;;;;;;
04/02/2021 05:33:10;04/02/2021;05:33:10;0.0;157.5;1013.3;0.0;0.0;1.2;0.98;0.0;;0.0;0.9;;;0.0;;;;;;;;-0.6;-0.7;;partly-cloudy-night;7.2;5.16;6.7;0.0;974.7;;;;;;;;;;
04/02/2021 05:35:04;04/02/2021;05:35:04;0.0;157.5;1013.3;0.0;0.0;1.2;0.98;0.0;;0.0;0.9;;;0.0;;;;;;;;-0.6;-0.7;;clear-night;7.2;5.16;6.7;0.0;974.7;;;;;;;;;;
04/02/2021 05:37:02;04/02/2021;05:37:02;0.0;157.5;1013.3;0.0;0.0;1.2;0.98;0.0;;0.0;0.9;;;0.0;;;;;;;;-0.6;-0.7;;clear-night;7.2;5.16;6.7;0.0;974.7;;;;;;;;;;
04/02/2021 05:38:59;04/02/2021;05:38:59;0.0;157.5;1013.3;0.0;0.0;1.2;0.98;0.0;;0.0;0.9;;;0.0;;;;;;;;-0.6;-0.7;;clear-night;7.2;5.16;6.7;0.0;974.7;;;;;;;;;;
04/02/2021 05:40:53;04/02/2021;05:40:53;0.0;157.5;1013.3;0.0;0.0;1.2;0.98;0.0;;0.0;0.9;;;0.0;;;;;;;;-0.6;-0.7;;clear-night;7.2;5.16;6.7;0.0;974.7;;;;;;;;;;
04/02/2021 05:42:48;04/02/2021;05:42:48;0.0;157.5;1013.3;0.0;0.0;1.2;0.98;0.0;;0.0;0.9;;;0.0;;;;;;;;-0.6;-0.7;;clear-night;7.2;5.16;6.7;0.0;974.7;;;;;;;;;;
04/02/2021 05:44:45;04/02/2021;05:44:45;0.0;157.5;1013.4;0.0;0.0;1.2;0.98;0.0;;0.0;0.9;;;0.0;;;;;;;;-0.6;-0.7;;clear-night;7.2;5.16;6.7;0.0;974.8;;;;;;;;;;
04/02/2021 05:46:40;04/02/2021;05:46:40;0.0;157.5;1013.4;0.0;0.0;1.2;0.98;0.0;;0.0;0.9;;;0.0;;;;;;;;-0.6;-0.7;;clear-night;7.2;5.16;6.7;0.0;974.8;;;;;;;;;;
04/02/2021 05:48:35;04/02/2021;05:48:35;0.0;157.5;1013.4;0.0;0.0;1.2;0.99;0.0;;0.0;1.1;;;0.0;;;;;;;;-0.6;-0.7;;clear-night;7.2;5.21;6.7;0.0;974.8;;;;;;;;;;
04/02/2021 05:50:31;04/02/2021;05:50:31;0.0;157.5;1013.4;0.0;0.0;1.2;0.99;0.0;;0.0;1.1;;;0.0;;;;;;;;-0.6;-0.7;;clear-night;7.2;5.21;6.7;0.0;974.8;;;;;;;;;;
04/02/2021 05:52:26;04/02/2021;05:52:26;0.0;157.5;1013.4;0.0;0.0;1.2;0.99;0.0;;0.0;1.1;;;0.0;;;;;;;;-0.6;-0.7;;clear-night;7.2;5.21;6.7;0.0;974.8;;;;;;;;;;
04/02/2021 05:54:19;04/02/2021;05:54:19;0.0;157.5;1013.4;0.0;0.0;1.2;0.99;0.0;;0.0;1.1;;;0.0;;;;;;;;-0.6;-0.7;;clear-night;7.2;5.21;6.7;0.0;974.8;;;;;;;;;;
04/02/2021 05:56:15;04/02/2021;05:56:15;0.0;157.5;1013.4;0.0;0.0;1.2;0.99;0.0;;0.0;1.1;;;0.0;;;;;;;;-0.6;-0.7;;clear-night;7.2;5.21;6.7;0.0;974.8;;;;;;;;;;
04/02/2021 05:58:10;04/02/2021;05:58:10;0.0;157.5;1013.4;0.0;0.0;1.2;0.99;0.0;;0.0;1.1;;;0.0;;;;;;;;-0.6;-0.7;;clear-night;7.2;5.21;6.7;0.0;974.8;;;;;;;;;;
04/02/2021 06:00:05;04/02/2021;06:00:05;0.0;157.5;1013.4;0.0;0.0;1.2;0.99;0.0;;0.0;1.1;;;0.0;;;;;;;;-0.6;-0.7;;clear-night;7.2;5.21;6.7;0.0;974.8;;;;;;;;;;
04/02/2021 06:02:00;04/02/2021;06:02:00;0.0;157.5;1013.4;0.0;0.0;1.2;0.99;0.0;;0.0;1.1;;;0.0;;;;;;;;-0.6;-0.7;;clear-night;7.2;5.21;6.7;0.0;974.8;;;;;;;;;;
04/02/2021 06:03:54;04/02/2021;06:03:54;0.0;157.5;1013.5;0.0;0.0;1.3;0.99;0.0;;0.0;1.2;;;0.0;;;;;;;;-0.5;-0.6;;clear-night;7.3;5.25;6.7;0.0;974.9;;;;;;;;;;
04/02/2021 06:05:50;04/02/2021;06:05:50;0.0;157.5;1013.5;0.0;0.0;1.3;0.99;0.0;;0.0;1.2;;;0.0;;;;;;;;-0.5;-0.6;;partly-cloudy-night;7.3;5.25;6.7;0.0;974.9;;;;;;;;;;
04/02/2021 06:07:44;04/02/2021;06:07:44;0.0;157.5;1013.5;0.0;0.0;1.3;0.99;0.0;;0.0;1.2;;;0.0;;;;;;;;-0.5;-0.6;;partly-cloudy-night;7.3;5.25;6.7;0.0;974.9;;;;;;;;;;
04/02/2021 06:09:40;04/02/2021;06:09:40;0.0;157.5;1013.5;0.0;0.0;1.4;0.99;0.0;;0.0;1.3;;;0.0;;;;;;;;-0.4;-0.4;;partly-cloudy-night;7.4;5.28;6.8;0.0;974.9;;;;;;;;;;
04/02/2021 06:11:35;04/02/2021;06:11:35;0.0;157.5;1013.5;0.0;0.0;1.4;0.99;0.0;;0.0;1.3;;;0.0;;;;;;;;-0.4;-0.4;;partly-cloudy-night;7.4;5.28;6.8;0.0;974.9;;;;;;;;;;
04/02/2021 06:13:30;04/02/2021;06:13:30;0.0;157.5;1013.5;0.0;0.0;1.4;0.99;0.0;;0.0;1.3;;;0.0;;;;;;;;-0.4;-0.4;;partly-cloudy-night;7.4;5.28;6.8;0.0;974.9;;;;;;;;;;
04/02/2021 06:15:31;04/02/2021;06:15:31;0.0;157.5;1013.6;0.0;0.0;1.4;0.99;0.0;;0.0;1.3;;;0.0;;;;;;;;-0.4;-0.4;;partly-cloudy-night;7.4;5.28;6.8;0.0;975.0;;;;;;;;;;
04/02/2021 06:17:26;04/02/2021;06:17:26;0.0;157.5;1013.6;0.0;0.0;1.4;0.99;0.0;;0.0;1.3;;;0.0;;;;;;;;-0.4;-0.4;;partly-cloudy-night;7.4;5.28;6.8;0.0;975.0;;;;;;;;;;
04/02/2021 06:19:21;04/02/2021;06:19:21;0.0;157.5;1013.6;0.0;0.0;1.4;0.99;0.0;;0.0;1.3;;;0.0;;;;;;;;-0.4;-0.4;;partly-cloudy-night;7.4;5.28;6.8;0.0;975.0;;;;;;;;;;
04/02/2021 06:21:21;04/02/2021;06:21:21;0.0;157.5;1013.7;0.0;0.0;1.5;0.99;0.0;;0.0;1.4;;;0.0;;;;;;;;-0.3;-0.3;;clear-night;7.4;5.32;6.8;0.0;975.1;;;;;;;;;;
04/02/2021 06:23:14;04/02/2021;06:23:14;0.0;157.5;1013.7;0.0;0.0;1.5;0.99;0.0;;0.0;1.4;;;0.0;;;;;;;;-0.3;-0.3;;clear-night;7.4;5.32;6.8;0.0;975.1;;;;;;;;;;
04/02/2021 06:25:08;04/02/2021;06:25:08;0.0;157.5;1013.8;0.0;0.0;1.6;0.99;0.0;;0.0;1.5;;;0.0;;;;;;;;-0.2;-0.2;;clear-night;7.5;5.36;6.9;0.0;975.2;;;;;;;;;;
04/02/2021 06:27:02;04/02/2021;06:27:02;0.0;157.5;1013.8;0.0;0.0;1.6;0.99;0.0;;0.0;1.5;;;0.0;;;;;;;;-0.2;-0.2;;clear-night;7.5;5.36;6.9;0.0;975.2;;;;;;;;;;
04/02/2021 06:28:56;04/02/2021;06:28:56;0.0;157.5;1013.8;0.0;0.0;1.6;0.99;0.0;;0.0;1.5;;;0.0;;;;;;;;-0.2;-0.2;;clear-night;7.5;5.36;6.9;0.0;975.2;;;;;;;;;;
04/02/2021 06:30:50;04/02/2021;06:30:50;0.0;157.5;1013.8;0.0;0.0;1.6;0.99;0.0;;0.0;1.5;;;0.0;;;;;;;;-0.2;-0.2;;clear-night;7.5;5.36;6.9;0.0;975.2;;;;;;;;;;
04/02/2021 06:32:46;04/02/2021;06:32:46;0.0;157.5;1013.8;0.0;0.0;1.6;0.99;0.0;;0.0;1.5;;;0.0;;;;;;;;-0.2;-0.2;;clear-night;7.5;5.36;6.9;0.0;975.2;;;;;;;;;;
04/02/2021 06:34:41;04/02/2021;06:34:41;0.0;157.5;1013.9;0.0;0.0;1.7;0.99;0.0;;0.0;1.6;;;0.0;;;;;;;;0.0;0.0;;clear-night;7.6;5.39;6.9;0.0;975.3;;;;;;;;;;
04/02/2021 06:36:38;04/02/2021;06:36:38;0.0;157.5;1013.9;0.0;0.0;1.7;0.99;0.0;;0.0;1.6;;;0.0;;;;;;;;0.0;0.0;;clear-night;7.6;5.39;6.9;0.0;975.3;;;;;;;;;;
04/02/2021 06:38:32;04/02/2021;06:38:32;0.0;157.5;1013.9;0.0;0.0;1.7;0.99;0.0;;0.0;1.6;;;0.0;;;;;;;;0.0;0.0;;clear-night;7.6;5.39;6.9;0.0;975.3;;;;;;;;;;
04/02/2021 06:40:26;04/02/2021;06:40:26;0.0;157.5;1014.0;0.0;0.0;1.7;0.99;0.0;;0.0;1.6;;;0.0;;;;;;;;0.0;0.0;;clear-night;7.6;5.39;6.9;0.0;975.4;;;;;;;;;;
04/02/2021 06:42:21;04/02/2021;06:42:21;0.0;157.5;1014.0;0.0;0.0;1.7;0.99;0.0;;0.0;1.6;;;0.0;;;;;;;;0.0;0.0;;clear-night;7.6;5.39;6.9;0.0;975.4;;;;;;;;;;
04/02/2021 06:44:15;04/02/2021;06:44:15;0.0;157.5;1014.0;0.0;0.0;1.7;0.99;0.0;;0.0;1.6;;;0.0;;;;;;;;0.0;0.0;;clear-night;7.6;5.39;6.9;0.0;975.4;;;;;;;;;;
04/02/2021 06:46:12;04/02/2021;06:46:12;0.0;157.5;1014.1;0.0;0.0;1.7;0.99;0.0;;0.0;1.6;;;0.0;;;;;;;;0.0;0.0;;clear-night;7.6;5.39;6.9;0.0;975.5;;;;;;;;;;
04/02/2021 06:48:07;04/02/2021;06:48:07;0.0;157.5;1014.1;0.0;0.0;1.7;0.99;0.0;;0.0;1.6;;;0.0;;;;;;;;0.0;0.0;;clear-night;7.6;5.39;6.9;0.0;975.5;;;;;;;;;;
04/02/2021 06:50:03;04/02/2021;06:50:03;0.0;157.5;1014.2;0.0;0.0;1.7;0.99;0.0;;0.0;1.6;;;0.0;;;;;;;;0.0;0.0;;clear-night;7.6;5.39;6.9;0.0;975.6;;;;;;;;;;
04/02/2021 06:51:59;04/02/2021;06:51:59;0.0;157.5;1014.2;0.0;0.0;1.7;0.99;0.0;;0.0;1.6;;;0.0;;;;;;;;0.0;0.0;;clear-night;7.6;5.39;6.9;0.0;975.6;;;;;;;;;;
04/02/2021 06:53:54;04/02/2021;06:53:54;0.0;157.5;1014.2;0.0;0.0;1.7;0.99;0.0;;0.0;1.6;;;0.0;;;;;;;;0.0;0.0;;clear-night;7.6;5.39;6.9;0.0;975.6;;;;;;;;;;
04/02/2021 06:55:48;04/02/2021;06:55:48;0.0;157.5;1014.3;0.0;0.0;1.8;0.99;0.0;;0.0;1.7;;;0.0;;;;;;;;0.1;0.1;;clear-night;7.7;5.43;7.0;0.0;975.7;;;;;;;;;;
04/02/2021 06:57:44;04/02/2021;06:57:44;0.0;157.5;1014.3;0.0;0.0;1.8;0.99;0.0;;0.0;1.7;;;0.0;;;;;;;;0.1;0.1;;clear-night;7.7;5.43;7.0;0.0;975.7;;;;;;;;;;
04/02/2021 06:59:39;04/02/2021;06:59:39;0.0;157.5;1014.3;0.0;0.0;1.8;0.99;0.0;;0.0;1.7;;;0.0;;;;;;;;0.1;0.1;;clear-night;7.7;5.43;7.0;0.0;975.7;;;;;;;;;;
04/02/2021 07:01:37;04/02/2021;07:01:37;0.0;157.5;1014.3;0.0;0.0;1.8;0.99;0.0;;0.0;1.7;;;0.0;;;;;;;;0.1;0.1;;clear-night;7.7;5.43;7.0;0.0;975.7;;;;;;;;;;
04/02/2021 07:03:33;04/02/2021;07:03:33;0.0;157.5;1014.3;0.0;0.0;1.8;0.99;0.0;;0.0;1.7;;;0.0;;;;;;;;0.1;0.1;;clear-night;7.7;5.43;7.0;0.0;975.7;;;;;;;;;;
04/02/2021 07:05:28;04/02/2021;07:05:28;0.0;157.5;1014.4;0.0;0.0;1.8;0.99;0.0;;0.8639308855291576;1.7;;;0.0;;;;;;;;0.1;0.1;;clear-night;7.7;5.43;7.0;0.0;975.8;;;;;;;;;;
04/02/2021 07:07:42;04/02/2021;07:07:42;0.0;157.5;1014.4;0.0;0.0;1.8;0.99;0.0;;0.8639308855291576;1.7;;;0.0;;;;;;;;0.1;0.1;;clear-night;7.7;5.43;7.0;0.0;975.8;;;;;;;;;;
04/02/2021 07:09:37;04/02/2021;07:09:37;0.0;157.5;1014.4;0.0;0.0;1.8;0.99;0.0;;0.8639308855291576;1.7;;;0.0;;;;;;;;0.1;0.1;;clear-night;7.7;5.43;7.0;0.0;975.8;;;;;;;;;;
04/02/2021 07:11:33;04/02/2021;07:11:33;0.0;157.5;1014.4;0.0;0.0;1.9;0.99;0.0;;0.7559395248380129;1.8;;;0.0;;;;;;;;0.2;0.2;;clear-night;7.7;5.47;7.0;0.0;975.8;;;;;;;;;;
04/02/2021 07:13:28;04/02/2021;07:13:28;0.0;157.5;1014.4;0.0;0.0;1.9;0.99;0.0;;0.7559395248380129;1.8;;;0.0;;;;;;;;0.2;0.2;;clear-night;7.7;5.47;7.0;0.0;975.8;;;;;;;;;;
04/02/2021 07:15:25;04/02/2021;07:15:25;0.0;157.5;1014.4;0.0;0.0;1.9;0.99;0.0;;0.7559395248380129;1.8;;;0.0;;;;;;;;0.2;0.2;;clear-night;7.7;5.47;7.0;0.0;975.8;;;;;;;;;;
04/02/2021 07:17:20;04/02/2021;07:17:20;0.0;157.5;1014.5;0.0;0.0;2.0;0.99;0.0;;0.7559395248380129;1.9;;;0.0;;;;;;;;0.3;0.3;;clear-night;7.8;5.5;7.1;0.0;976.0;;;;;;;;;;
04/02/2021 07:21:28;04/02/2021;07:21:28;0.0;157.5;1014.5;0.0;0.0;1.9;0.99;0.0;;0.0;1.8;;;0.0;;;;;;;;0.2;0.2;;clear-night;7.7;5.47;7.0;0.0;975.9;;;;;;;;;;
04/02/2021 07:23:26;04/02/2021;07:23:26;0.0;157.5;1014.5;0.0;0.0;1.9;0.99;0.0;;0.0;1.8;;;0.0;;;;;;;;0.2;0.2;;clear-night;7.7;5.47;7.0;0.0;975.9;;;;;;;;;;
04/02/2021 07:25:20;04/02/2021;07:25:20;0.0;157.5;1014.5;0.0;0.0;1.9;0.99;0.0;;0.0;1.8;;;0.0;;;;;;;;0.2;0.2;;clear-night;7.7;5.47;7.0;0.0;975.9;;;;;;;;;;
04/02/2021 07:27:16;04/02/2021;07:27:16;0.0;157.5;1014.6;0.0;0.0;1.9;0.99;0.0;;0.8639308855291576;1.8;;;0.0;;;;;;;;0.2;0.2;;clear-night;7.7;5.47;7.0;0.0;976.0;;;;;;;;;;
04/02/2021 07:29:11;04/02/2021;07:29:11;0.0;157.5;1014.6;0.0;0.0;1.9;0.99;0.0;;0.8639308855291576;1.8;;;0.0;;;;;;;;0.2;0.2;;clear-night;7.7;5.47;7.0;0.0;976.0;;;;;;;;;;
04/02/2021 07:31:06;04/02/2021;07:31:06;0.0;157.5;1014.6;0.0;0.0;1.9;0.99;0.0;;0.8639308855291576;1.8;;;0.0;;;;;;;;0.2;0.2;;clear-night;7.7;5.47;7.0;0.0;976.0;;;;;;;;;;
04/02/2021 07:33:00;04/02/2021;07:33:00;0.0;157.5;1014.6;0.0;0.0;1.8;0.99;0.0;;0.0;1.7;;;0.0;;;;;;;;0.1;0.1;;clear-night;7.7;5.43;7.0;0.0;976.0;;;;;;;;;;
04/02/2021 07:34:56;04/02/2021;07:34:56;0.0;157.5;1014.6;0.0;0.0;1.8;0.99;0.0;;0.0;1.7;;;0.0;;;;;;;;0.1;0.1;;clear-night;7.7;5.43;7.0;0.0;976.0;;;;;;;;;;
04/02/2021 07:36:50;04/02/2021;07:36:50;0.0;157.5;1014.7;0.0;0.0;1.7;0.98;0.0;;0.0;1.4;;;0.0;;;;;;;;-0.1;-0.1;;clear-night;7.6;5.34;6.9;0.0;976.1;;;;;;;;;;
04/02/2021 07:38:47;04/02/2021;07:38:47;0.0;157.5;1014.7;0.0;0.0;1.7;0.98;0.0;;0.0;1.4;;;0.0;;;;;;;;-0.1;-0.1;;clear-night;7.6;5.34;6.9;0.0;976.1;;;;;;;;;;
04/02/2021 07:40:45;04/02/2021;07:40:45;0.0;157.5;1014.7;0.0;0.0;1.7;0.98;0.0;;0.0;1.4;;;0.0;;;;;;;;-0.1;-0.1;;clear-night;7.6;5.34;6.9;0.0;976.1;;;;;;;;;;
04/02/2021 07:42:40;04/02/2021;07:42:40;0.0;157.5;1014.7;0.0;0.0;1.7;0.98;0.0;;0.0;1.4;;;0.0;;;;;;;;-0.1;-0.1;;clear-night;7.6;5.34;6.9;0.0;976.1;;;;;;;;;;
04/02/2021 07:44:35;04/02/2021;07:44:35;0.0;157.5;1014.7;0.0;0.0;1.7;0.98;0.0;;0.0;1.4;;;0.0;;;;;;;;-0.1;-0.1;;clear-night;7.6;5.34;6.9;0.0;976.1;;;;;;;;;;
04/02/2021 07:46:30;04/02/2021;07:46:30;0.0;157.5;1014.7;0.0;0.0;1.7;0.98;0.0;;0.0;1.4;;;0.0;;;;;;;;-0.1;-0.1;;clear-night;7.6;5.34;6.9;0.0;976.1;;;;;;;;;;
04/02/2021 07:48:25;04/02/2021;07:48:25;0.0;157.5;1014.8;0.0;0.0;1.7;0.98;0.0;;0.0;1.4;;;0.0;;;;;;;;-0.1;-0.1;;clear-night;7.6;5.34;6.9;0.0;976.2;;;;;;;;;;
04/02/2021 07:50:19;04/02/2021;07:50:19;0.0;157.5;1014.8;0.0;0.0;1.7;0.98;0.0;;0.0;1.4;;;0.0;;;;;;;;-0.1;-0.1;;clear-night;7.6;5.34;6.9;0.0;976.2;;;;;;;;;;
04/02/2021 07:52:16;04/02/2021;07:52:16;0.0;157.5;1014.8;0.0;0.0;1.7;0.98;0.0;;0.0;1.4;;;0.0;;;;;;;;-0.1;-0.1;;clear-night;7.6;5.34;6.9;0.0;976.2;;;;;;;;;;
04/02/2021 07:54:12;04/02/2021;07:54:12;0.0;157.5;1014.8;0.0;0.0;1.7;0.98;0.0;;0.0;1.4;;;0.0;;;;;;;;-0.1;-0.1;;clear-day;7.6;5.34;6.9;0.0;976.2;;;;;;;;;;
04/02/2021 07:56:05;04/02/2021;07:56:05;0.0;157.5;1014.8;0.0;0.0;1.7;0.98;0.0;;0.0;1.4;;;0.0;;;;;;;;-0.1;-0.1;;clear-day;7.6;5.34;6.9;0.0;976.2;;;;;;;;;;
04/02/2021 07:58:04;04/02/2021;07:58:04;0.0;157.5;1014.9;0.0;0.0;1.7;0.99;0.0;;0.0;1.6;;;4.0;;;;;;;;0.0;0.0;;clear-day;7.6;5.39;6.9;0.0;976.3;;;;;;;;;;
04/02/2021 08:00:00;04/02/2021;08:00:00;0.0;157.5;1014.9;0.0;0.0;1.7;0.99;0.0;;0.0;1.6;;;4.0;;;;;;;;0.0;0.0;;clear-day;7.6;5.39;6.9;0.0;976.3;;;;;;;;;;
04/02/2021 08:01:55;04/02/2021;08:01:55;0.0;157.5;1014.9;0.0;0.0;1.7;0.99;0.0;;0.0;1.6;;;4.0;;;;;;;;0.0;0.0;;clear-day;7.6;5.39;6.9;0.0;976.3;;;;;;;;;;
04/02/2021 08:03:49;04/02/2021;08:03:49;0.0;157.5;1015.0;0.0;0.0;1.7;0.99;0.0;;0.0;1.6;;;7.0;;;;;;;;0.0;0.0;;clear-day;7.6;5.39;6.9;0.0;976.4;;;;;;;;;;
04/02/2021 08:05:44;04/02/2021;08:05:44;0.0;157.5;1015.0;0.0;0.0;1.7;0.99;0.0;;0.0;1.6;;;7.0;;;;;;;;0.0;0.0;;clear-day;7.6;5.39;6.9;0.0;976.4;;;;;;;;;;
04/02/2021 08:07:40;04/02/2021;08:07:40;0.0;157.5;1015.1;0.0;0.0;1.8;0.99;0.0;;0.0;1.7;;;9.0;;;;;;;;0.1;0.1;;clear-day;7.7;5.43;7.0;0.0;976.5;;;;;;;;;;
04/02/2021 08:09:35;04/02/2021;08:09:35;0.0;157.5;1015.1;0.0;0.0;1.8;0.99;0.0;;0.0;1.7;;;9.0;;;;;;;;0.1;0.1;;clear-day;7.7;5.43;7.0;0.0;976.5;;;;;;;;;;
04/02/2021 08:11:33;04/02/2021;08:11:33;0.0;157.5;1015.1;0.0;0.0;1.8;0.99;0.0;;0.0;1.7;;;9.0;;;;;;;;0.1;0.1;;clear-day;7.7;5.43;7.0;0.0;976.5;;;;;;;;;;
04/02/2021 08:13:29;04/02/2021;08:13:29;0.0;157.5;1015.2;0.0;0.0;1.8;0.99;0.0;;0.0;1.7;;;11.0;;;;;;;;0.1;0.1;;clear-day;7.7;5.43;7.0;0.0;976.6;;;;;;;;;;
04/02/2021 08:15:24;04/02/2021;08:15:24;0.0;157.5;1015.2;0.0;0.0;1.8;0.99;0.0;;0.0;1.7;;;11.0;;;;;;;;0.1;0.1;;clear-day;7.7;5.43;7.0;0.0;976.6;;;;;;;;;;
04/02/2021 08:17:18;04/02/2021;08:17:18;0.0;157.5;1015.2;0.0;0.0;1.8;0.99;0.0;;0.0;1.7;;;12.0;;;;;;;;0.1;0.1;;clear-day;7.7;5.43;7.0;0.0;976.6;;;;;;;;;;
04/02/2021 08:19:12;04/02/2021;08:19:12;0.0;157.5;1015.2;0.0;0.0;1.8;0.99;0.0;;0.0;1.7;;;12.0;;;;;;;;0.1;0.1;;clear-day;7.7;5.43;7.0;0.0;976.6;;;;;;;;;;
04/02/2021 08:21:06;04/02/2021;08:21:06;0.0;157.5;1015.2;0.0;0.0;1.8;0.99;0.0;;0.0;1.7;;;12.0;;;;;;;;0.1;0.1;;clear-day;7.7;5.43;7.0;0.0;976.6;;;;;;;;;;
04/02/2021 08:24:33;04/02/2021;08:24:33;0.0;157.5;1015.4;0.0;0.0;1.8;0.99;0.0;;0.0;1.7;;;10.0;;;;;;;;0.1;0.1;;clear-day;7.7;5.43;7.0;0.0;976.8;;;;;;;;;;
04/02/2021 08:26:29;04/02/2021;08:26:29;0.0;157.5;1015.4;0.0;0.0;1.8;0.99;0.0;;0.0;1.7;;;10.0;;;;;;;;0.1;0.1;;clear-day;7.7;5.43;7.0;0.0;976.8;;;;;;;;;;
04/02/2021 08:28:27;04/02/2021;08:28:27;0.0;157.5;1015.5;0.0;0.0;1.8;0.99;0.0;;0.0;1.7;;;12.0;;;;;;;;0.1;0.1;;clear-day;7.7;5.43;7.0;0.0;976.9;;;;;;;;;;
04/02/2021 12:30:43;04/02/2021;12:30:43;0.0;157.5;1017.3;0.0;0.0;5.0;0.96;0.7;;0.7559395248380129;4.4;;;162.0;;;;;;;;3.8;4.1;;clear-day;10.1;6.52;8.7;0.0;979.1;;;;;;;;;;
04/02/2021 12:32:39;04/02/2021;12:32:39;0.0;157.5;1017.3;0.0;0.0;5.0;0.96;0.7;;0.7559395248380129;4.4;;;162.0;;;;;;;;3.8;4.1;;partly-cloudy-day;10.1;6.52;8.7;0.0;979.1;;;;;;;;;;
04/02/2021 12:34:37;04/02/2021;12:34:37;0.0;157.5;1017.3;0.0;0.0;5.1;0.96;0.8;;0.0;4.5;;;167.0;;;;;;;;3.9;4.2;;partly-cloudy-day;10.1;6.57;8.8;0.0;979.1;;;;;;;;;;
04/02/2021 12:36:36;04/02/2021;12:36:36;0.0;157.5;1017.3;0.0;0.0;5.1;0.96;0.8;;0.0;4.5;;;167.0;;;;;;;;3.9;4.2;;partly-cloudy-day;10.1;6.57;8.8;0.0;979.1;;;;;;;;;;
04/02/2021 12:38:32;04/02/2021;12:38:32;0.0;157.5;1017.3;0.0;0.0;5.1;0.96;0.8;;0.0;4.5;;;167.0;;;;;;;;3.9;4.2;;partly-cloudy-day;10.1;6.57;8.8;0.0;979.1;;;;;;;;;;
04/02/2021 12:40:26;04/02/2021;12:40:26;0.0;157.5;1017.3;0.0;0.0;5.3;0.96;0.8;;0.8639308855291576;4.7;;;187.0;;;;;;;;4.1;4.5;;partly-cloudy-day;10.3;6.65;8.9;0.0;979.1;;;;;;;;;;
04/02/2021 12:42:22;04/02/2021;12:42:22;0.0;157.5;1017.3;0.0;0.0;5.3;0.96;0.8;;0.8639308855291576;4.7;;;187.0;;;;;;;;4.1;4.5;;partly-cloudy-day;10.3;6.65;8.9;0.0;979.1;;;;;;;;;;
04/02/2021 12:44:16;04/02/2021;12:44:16;0.0;157.5;1017.3;0.0;0.0;5.3;0.96;0.8;;0.8639308855291576;4.7;;;187.0;;;;;;;;4.1;4.5;;partly-cloudy-day;10.3;6.65;8.9;0.0;979.1;;;;;;;;;;
04/02/2021 12:46:10;04/02/2021;12:46:10;0.0;157.5;1017.3;0.0;0.0;5.5;0.95;0.9;;0.7559395248380129;4.8;;;198.0;;;;;;;;4.3;4.7;;partly-cloudy-day;10.4;6.67;9.0;0.0;979.1;;;;;;;;;;
04/02/2021 12:48:06;04/02/2021;12:48:06;0.0;157.5;1017.3;0.0;0.0;5.5;0.95;0.9;;0.7559395248380129;4.8;;;198.0;;;;;;;;4.3;4.7;;partly-cloudy-day;10.4;6.67;9.0;0.0;979.1;;;;;;;;;;
04/02/2021 12:50:00;04/02/2021;12:50:00;0.0;157.5;1017.3;0.0;0.0;5.6;0.94;0.9;;0.7559395248380129;4.7;;;215.0;;;;;;;;4.4;4.8;;partly-cloudy-day;10.5;6.65;9.1;0.0;979.1;;;;;;;;;;
04/02/2021 12:51:55;04/02/2021;12:51:55;0.0;157.5;1017.3;0.0;0.0;5.6;0.94;0.9;;0.7559395248380129;4.7;;;215.0;;;;;;;;4.4;4.8;;partly-cloudy-day;10.5;6.65;9.1;0.0;979.1;;;;;;;;;;
04/02/2021 12:53:53;04/02/2021;12:53:53;0.0;157.5;1017.3;0.0;0.0;5.6;0.94;0.9;;0.7559395248380129;4.7;;;215.0;;;;;;;;4.4;4.8;;partly-cloudy-day;10.5;6.65;9.1;0.0;979.1;;;;;;;;;;
04/02/2021 12:55:49;04/02/2021;12:55:49;0.0;157.5;1017.4;0.0;0.0;5.6;0.94;1.0;;1.7278617710583153;4.7;;;236.0;;;;;;;;4.4;4.8;;partly-cloudy-day;10.5;6.65;9.1;0.0;979.2;;;;;;;;;;
04/02/2021 12:57:43;04/02/2021;12:57:43;0.0;157.5;1017.4;0.0;0.0;5.6;0.94;1.0;;1.7278617710583153;4.7;;;236.0;;;;;;;;4.4;4.8;;partly-cloudy-day;10.5;6.65;9.1;0.0;979.2;;;;;;;;;;
04/02/2021 12:59:39;04/02/2021;12:59:39;0.0;157.5;1017.4;0.0;0.0;5.6;0.94;1.0;;1.7278617710583153;4.7;;;236.0;;;;;;;;4.4;4.8;;partly-cloudy-day;10.5;6.65;9.1;0.0;979.2;;;;;;;;;;
04/02/2021 13:01:34;04/02/2021;13:01:34;0.0;157.5;1017.4;0.0;0.0;5.7;0.94;0.9;;0.7559395248380129;4.8;;;219.0;;;;;;;;4.5;4.9;;partly-cloudy-day;10.6;6.69;9.2;0.0;979.2;;;;;;;;;;
04/02/2021 13:03:29;04/02/2021;13:03:29;0.0;157.5;1017.4;0.0;0.0;5.7;0.94;0.9;;0.7559395248380129;4.8;;;219.0;;;;;;;;4.5;4.9;;partly-cloudy-day;10.6;6.69;9.2;0.0;979.2;;;;;;;;;;
04/02/2021 13:05:25;04/02/2021;13:05:25;0.0;157.5;1017.4;0.0;0.0;5.8;0.92;0.9;;0.7559395248380129;4.6;;;222.0;;;;;;;;4.6;5.0;;partly-cloudy-day;10.6;6.59;9.2;0.0;979.3;;;;;;;;;;
04/02/2021 13:07:20;04/02/2021;13:07:20;0.0;157.5;1017.4;0.0;0.0;5.8;0.92;0.9;;0.7559395248380129;4.6;;;222.0;;;;;;;;4.6;5.0;;partly-cloudy-day;10.6;6.59;9.2;0.0;979.3;;;;;;;;;;
04/02/2021 13:09:14;04/02/2021;13:09:14;0.0;157.5;1017.4;0.0;0.0;5.8;0.92;0.9;;0.7559395248380129;4.6;;;222.0;;;;;;;;4.6;5.0;;partly-cloudy-day;10.6;6.59;9.2;0.0;979.3;;;;;;;;;;
04/02/2021 13:11:09;04/02/2021;13:11:09;0.0;157.5;1017.3;0.0;0.0;6.0;0.92;1.0;;0.7559395248380129;4.8;;;229.0;;;;;;;;4.8;5.2;;partly-cloudy-day;10.7;6.68;9.4;0.0;979.2;;;;;;;;;;
04/02/2021 13:13:05;04/02/2021;13:13:05;0.0;157.5;1017.3;0.0;0.0;6.0;0.92;1.0;;0.7559395248380129;4.8;;;229.0;;;;;;;;4.8;5.2;;partly-cloudy-day;10.7;6.68;9.4;0.0;979.2;;;;;;;;;;
04/02/2021 13:15:01;04/02/2021;13:15:01;0.0;157.5;1017.3;0.0;0.0;6.0;0.92;1.0;;0.7559395248380129;4.8;;;229.0;;;;;;;;4.8;5.2;;partly-cloudy-day;10.7;6.68;9.4;0.0;979.2;;;;;;;;;;
04/02/2021 13:17:02;04/02/2021;13:17:02;0.0;157.5;1017.3;0.0;0.0;6.2;0.91;1.0;;0.7559395248380129;4.8;;;183.0;;;;;;;;5.0;5.4;;partly-cloudy-day;10.8;6.69;9.5;0.0;979.2;;;;;;;;;;
04/02/2021 13:19:02;04/02/2021;13:19:02;0.0;157.5;1017.3;0.0;0.0;6.2;0.91;1.0;;0.7559395248380129;4.8;;;183.0;;;;;;;;5.0;5.4;;partly-cloudy-day;10.8;6.69;9.5;0.0;979.2;;;;;;;;;;
04/02/2021 13:20:57;04/02/2021;13:20:57;0.0;157.5;1017.3;0.0;0.0;6.2;0.9;1.0;;1.7278617710583153;4.7;;;176.0;;;;;;;;5.0;5.4;;partly-cloudy-day;10.8;6.62;9.5;0.0;979.2;;;;;;;;;;
04/02/2021 15:22:59;04/02/2021;15:22:59;0.48596112311015116;157.5;1016.8;0.0;0.0;6.2;0.88;0.5;;1.7278617710583153;4.3;;;113.0;;;;;;;;4.8;5.3;;partly-cloudy-day;10.7;6.47;9.5;0.05;978.7;;;;;;;;;;
04/02/2021 15:24:58;04/02/2021;15:24:58;0.0;157.5;1016.7;0.0;0.0;6.3;0.88;0.5;;0.7559395248380129;4.4;;;112.0;;;;;;;;5.1;5.4;;cloudy;10.8;6.51;9.6;0.25;978.7;;;;;;;;;;
04/02/2021 15:26:56;04/02/2021;15:26:56;0.0;157.5;1016.7;0.0;0.0;6.3;0.88;0.5;;0.7559395248380129;4.4;;;112.0;;;;;;;;5.1;5.4;;cloudy;10.8;6.51;9.6;0.25;978.7;;;;;;;;;;
04/02/2021 15:28:50;04/02/2021;15:28:50;0.0;157.5;1016.7;0.0;0.0;6.3;0.88;0.5;;0.7559395248380129;4.4;;;112.0;;;;;;;;5.1;5.4;;cloudy;10.8;6.51;9.6;0.25;978.7;;;;;;;;;;
04/02/2021 15:30:49;04/02/2021;15:30:49;0.0;157.5;1016.7;0.0;0.0;6.3;0.88;0.5;;1.7278617710583153;4.4;;;111.0;;;;;;;;5.1;5.4;;cloudy;10.8;6.51;9.6;0.25;978.7;;;;;;;;;;
04/02/2021 15:32:44;04/02/2021;15:32:44;0.0;157.5;1016.7;0.0;0.0;6.3;0.88;0.5;;1.7278617710583153;4.4;;;111.0;;;;;;;;5.1;5.4;;cloudy;10.8;6.51;9.6;0.25;978.7;;;;;;;;;;
04/02/2021 15:34:39;04/02/2021;15:34:39;0.4319654427645788;157.5;1016.8;0.0;0.0;6.3;0.88;0.5;;1.7278617710583153;4.4;;;115.0;;;;;;;;4.9;5.4;;cloudy;10.8;6.51;9.6;0.25;978.7;;;;;;;;;;
04/02/2021 15:36:33;04/02/2021;15:36:33;0.4319654427645788;157.5;1016.8;0.0;0.0;6.3;0.88;0.5;;1.7278617710583153;4.4;;;115.0;;;;;;;;4.9;5.4;;cloudy;10.8;6.51;9.6;0.25;978.7;;;;;;;;;;
04/02/2021 15:39:02;04/02/2021;15:39:02;0.4319654427645788;157.5;1016.8;0.0;0.0;6.3;0.88;0.5;;1.7278617710583153;4.4;;;115.0;;;;;;;;4.9;5.4;;cloudy;10.8;6.51;9.6;0.25;978.7;;;;;;;;;;
04/02/2021 15:41:00;04/02/2021;15:41:00;0.6479481641468682;157.5;1016.8;0.0;0.0;6.3;0.88;0.2;;0.0;4.4;;;111.0;;;;;;;;4.8;5.4;;cloudy;10.8;6.51;9.6;0.25;978.7;;;;;;;;;;
04/02/2021 15:42:56;04/02/2021;15:42:56;0.6479481641468682;157.5;1016.8;0.0;0.0;6.3;0.88;0.2;;0.0;4.4;;;111.0;;;;;;;;4.8;5.4;;cloudy;10.8;6.51;9.6;0.25;978.7;;;;;;;;;;
04/02/2021 15:44:52;04/02/2021;15:44:52;0.0;157.5;1016.8;0.0;0.0;6.4;0.89;0.0;;0.7559395248380129;4.7;;;95.0;;;;;;;;5.2;5.6;;cloudy;10.9;6.63;9.6;0.25;978.8;;;;;;;;;;
04/02/2021 15:46:48;04/02/2021;15:46:48;0.0;157.5;1016.8;0.0;0.0;6.4;0.89;0.0;;0.7559395248380129;4.7;;;95.0;;;;;;;;5.2;5.6;;cloudy;10.9;6.63;9.6;0.42;978.8;;;;;;;;;;
04/02/2021 15:48:43;04/02/2021;15:48:43;0.0;157.5;1016.8;0.0;0.0;6.4;0.89;0.0;;0.7559395248380129;4.7;;;95.0;;;;;;;;5.2;5.6;;cloudy;10.9;6.63;9.6;0.42;978.8;;;;;;;;;;
04/02/2021 15:50:41;04/02/2021;15:50:41;0.0;157.5;1016.8;0.0;0.0;6.4;0.88;0.0;;0.7559395248380129;4.5;;;82.0;;;;;;;;5.2;5.5;;cloudy;10.9;6.56;9.6;0.42;978.8;;;;;;;;;;
04/02/2021 15:52:36;04/02/2021;15:52:36;0.0;157.5;1016.8;0.0;0.0;6.4;0.88;0.0;;0.7559395248380129;4.5;;;82.0;;;;;;;;5.2;5.5;;cloudy;10.9;6.56;9.6;0.42;978.8;;;;;;;;;;
04/02/2021 15:54:30;04/02/2021;15:54:30;0.0;157.5;1016.8;0.0;0.0;6.4;0.88;0.0;;0.7559395248380129;4.5;;;74.0;;;;;;;;5.2;5.5;;cloudy;10.9;6.56;9.6;0.42;978.8;;;;;;;;;;
04/02/2021 15:56:25;04/02/2021;15:56:25;0.0;157.5;1016.8;0.0;0.0;6.4;0.88;0.0;;0.7559395248380129;4.5;;;74.0;;;;;;;;5.2;5.5;;cloudy;10.9;6.56;9.6;0.42;978.8;;;;;;;;;;
04/02/2021 15:58:27;04/02/2021;15:58:27;0.0;157.5;1016.8;0.0;0.0;6.4;0.88;0.0;;0.7559395248380129;4.5;;;74.0;;;;;;;;5.2;5.5;;cloudy;10.9;6.56;9.6;0.42;978.8;;;;;;;;;;
04/02/2021 16:00:25;04/02/2021;16:00:25;0.0;157.5;1016.7;0.0;0.0;6.3;0.89;0.0;;0.7559395248380129;4.6;;;70.0;;;;;;;;5.1;5.5;;cloudy;10.8;6.59;9.6;0.42;978.7;;;;;;;;;;
04/02/2021 16:02:22;04/02/2021;16:02:22;0.0;157.5;1016.7;0.0;0.0;6.3;0.89;0.0;;0.7559395248380129;4.6;;;70.0;;;;;;;;5.1;5.5;;cloudy;10.8;6.59;9.6;0.42;978.7;;;;;;;;;;
04/02/2021 16:04:19;04/02/2021;16:04:19;0.0;157.5;1016.7;0.0;0.0;6.3;0.89;0.0;;0.7559395248380129;4.6;;;70.0;;;;;;;;5.1;5.5;;cloudy;10.8;6.59;9.6;0.42;978.7;;;;;;;;;;
04/02/2021 16:06:15;04/02/2021;16:06:15;0.0;157.5;1016.8;0.0;0.0;6.3;0.89;0.0;;0.0;4.6;;;65.0;;;;;;;;5.1;5.5;;cloudy;10.8;6.59;9.6;0.42;978.7;;;;;;;;;;
04/02/2021 16:08:11;04/02/2021;16:08:11;0.0;157.5;1016.8;0.0;0.0;6.3;0.89;0.0;;0.0;4.6;;;65.0;;;;;;;;5.1;5.5;;cloudy;10.8;6.59;9.6;0.42;978.7;;;;;;;;;;
04/02/2021 16:10:08;04/02/2021;16:10:08;0.0;157.5;1016.8;0.0;0.0;6.2;0.89;0.0;;0.8639308855291576;4.5;;;62.0;;;;;;;;5.0;5.3;;cloudy;10.8;6.54;9.5;0.42;978.7;;;;;;;;;;
04/02/2021 16:12:04;04/02/2021;16:12:04;0.0;157.5;1016.8;0.0;0.0;6.2;0.89;0.0;;0.8639308855291576;4.5;;;62.0;;;;;;;;5.0;5.3;;cloudy;10.8;6.54;9.5;0.42;978.7;;;;;;;;;;
04/02/2021 16:13:59;04/02/2021;16:13:59;0.0;157.5;1016.8;0.0;0.0;6.2;0.89;0.0;;0.8639308855291576;4.5;;;62.0;;;;;;;;5.0;5.3;;cloudy;10.8;6.54;9.5;0.42;978.7;;;;;;;;;;
04/02/2021 16:16:25;04/02/2021;16:16:25;0.0;157.5;1016.8;0.0;0.0;6.2;0.89;0.0;;0.7559395248380129;4.5;;;64.0;;;;;;;;5.0;5.3;;cloudy;10.8;6.54;9.5;0.42;978.7;;;;;;;;;;
04/02/2021 16:18:20;04/02/2021;16:18:20;0.0;157.5;1016.8;0.0;0.0;6.2;0.89;0.0;;0.7559395248380129;4.5;;;64.0;;;;;;;;5.0;5.3;;cloudy;10.8;6.54;9.5;0.42;978.7;;;;;;;;;;
04/02/2021 16:20:16;04/02/2021;16:20:16;0.0;157.5;1016.8;0.0;0.0;6.2;0.89;0.0;;0.0;4.5;;;54.0;;;;;;;;5.0;5.3;;cloudy;10.8;6.54;9.5;0.42;978.7;;;;;;;;;;
04/02/2021 16:22:16;04/02/2021;16:22:16;0.0;157.5;1016.8;0.0;0.0;6.2;0.89;0.0;;0.0;4.5;;;54.0;;;;;;;;5.0;5.3;;cloudy;10.8;6.54;9.5;0.42;978.7;;;;;;;;;;
04/02/2021 16:24:12;04/02/2021;16:24:12;0.0;157.5;1016.8;0.0;0.0;6.2;0.89;0.0;;0.0;4.5;;;54.0;;;;;;;;5.0;5.3;;cloudy;10.8;6.54;9.5;0.42;978.7;;;;;;;;;;
04/02/2021 16:26:10;04/02/2021;16:26:10;0.0;157.5;1016.8;0.0;0.0;6.1;0.89;0.0;;0.8639308855291576;4.4;;;44.0;;;;;;;;4.9;5.2;;cloudy;10.7;6.5;9.4;0.42;978.7;;;;;;;;;;
04/02/2021 16:28:06;04/02/2021;16:28:06;0.0;157.5;1016.8;0.0;0.0;6.1;0.89;0.0;;0.8639308855291576;4.4;;;44.0;;;;;;;;4.9;5.2;;cloudy;10.7;6.5;9.4;0.42;978.7;;;;;;;;;;
04/02/2021 16:30:01;04/02/2021;16:30:01;0.0;157.5;1016.8;0.0;0.0;6.1;0.89;0.0;;0.8639308855291576;4.4;;;44.0;;;;;;;;4.9;5.2;;cloudy;10.7;6.5;9.4;0.42;978.7;;;;;;;;;;
04/02/2021 16:31:58;04/02/2021;16:31:58;0.0;157.5;1016.8;0.0;0.0;6.1;0.89;0.0;;0.0;4.4;;;44.0;;;;;;;;4.9;5.2;;cloudy;10.7;6.5;9.4;0.42;978.7;;;;;;;;;;
04/02/2021 16:33:56;04/02/2021;16:33:56;0.0;157.5;1016.8;0.0;0.0;6.1;0.89;0.0;;0.0;4.4;;;44.0;;;;;;;;4.9;5.2;;cloudy;10.7;6.5;9.4;0.42;978.7;;;;;;;;;;
04/02/2021 16:35:58;04/02/2021;16:35:58;0.0;157.5;1016.9;0.0;0.0;5.9;0.89;0.0;;0.0;4.2;;;42.0;;;;;;;;4.6;4.9;;cloudy;10.5;6.42;9.3;0.42;978.8;;;;;;;;;;
04/02/2021 16:37:58;04/02/2021;16:37:58;0.0;157.5;1016.9;0.0;0.0;5.9;0.89;0.0;;0.0;4.2;;;42.0;;;;;;;;4.6;4.9;;cloudy;10.5;6.42;9.3;0.42;978.8;;;;;;;;;;
04/02/2021 16:39:55;04/02/2021;16:39:55;0.0;157.5;1016.9;0.0;0.0;5.9;0.89;0.0;;0.0;4.2;;;42.0;;;;;;;;4.6;4.9;;cloudy;10.5;6.42;9.3;0.42;978.8;;;;;;;;;;
04/02/2021 16:41:50;04/02/2021;16:41:50;0.0;157.5;1016.9;0.0;0.0;5.8;0.9;0.0;;0.0;4.3;;;39.0;;;;;;;;4.5;4.9;;cloudy;10.5;6.45;9.2;0.42;978.8;;;;;;;;;;
04/02/2021 16:44:40;04/02/2021;16:44:40;0.0;157.5;1016.9;0.0;0.0;5.8;0.9;0.0;;0.0;4.3;;;39.0;;;;;;;;4.5;4.9;;cloudy;10.5;6.45;9.2;0.42;978.8;;;;;;;;;;
04/02/2021 16:46:37;04/02/2021;16:46:37;0.0;157.5;1017.0;0.0;0.0;5.6;0.9;0.0;;0.0;4.1;;;34.0;;;;;;;;4.3;4.6;;cloudy;10.3;6.36;9.1;0.42;978.8;;;;;;;;;;
04/02/2021 16:48:36;04/02/2021;16:48:36;0.0;157.5;1017.0;0.0;0.0;5.6;0.9;0.0;;0.0;4.1;;;34.0;;;;;;;;4.3;4.6;;cloudy;10.3;6.36;9.1;0.42;978.8;;;;;;;;;;
04/02/2021 16:50:35;04/02/2021;16:50:35;0.0;157.5;1017.0;0.0;0.0;5.6;0.9;0.0;;0.0;4.1;;;34.0;;;;;;;;4.3;4.6;;cloudy;10.3;6.36;9.1;0.42;978.8;;;;;;;;;;
04/02/2021 16:52:32;04/02/2021;16:52:32;0.0;157.5;1017.0;0.0;0.0;5.6;0.91;0.0;;0.0;4.2;;;28.0;;;;;;;;4.3;4.6;;cloudy;10.4;6.43;9.1;0.42;978.8;;;;;;;;;;
04/02/2021 16:54:27;04/02/2021;16:54:27;0.0;157.5;1017.0;0.0;0.0;5.6;0.91;0.0;;0.0;4.2;;;28.0;;;;;;;;4.3;4.6;;cloudy;10.4;6.43;9.1;0.42;978.8;;;;;;;;;;
04/02/2021 16:56:24;04/02/2021;16:56:24;0.0;157.5;1017.0;0.0;0.0;5.6;0.91;0.0;;0.0;4.2;;;28.0;;;;;;;;4.3;4.6;;cloudy;10.4;6.43;9.1;0.42;978.8;;;;;;;;;;
04/02/2021 16:58:23;04/02/2021;16:58:23;0.0;157.5;1017.1;0.0;0.0;5.4;0.91;0.0;;0.0;4.0;;;25.0;;;;;;;;4.1;4.4;;cloudy;10.2;6.35;9.0;0.42;978.9;;;;;;;;;;
04/02/2021 17:00:20;04/02/2021;17:00:20;0.0;157.5;1017.1;0.0;0.0;5.4;0.91;0.0;;0.0;4.0;;;25.0;;;;;;;;4.1;4.4;;cloudy;10.2;6.35;9.0;0.42;978.9;;;;;;;;;;
04/02/2021 17:02:19;04/02/2021;17:02:19;0.0;157.5;1017.0;0.0;0.0;5.3;0.91;0.0;;0.8639308855291576;3.9;;;22.0;;;;;;;;4.0;4.2;;cloudy;10.1;6.31;8.9;0.42;978.8;;;;;;;;;;
04/02/2021 17:04:16;04/02/2021;17:04:16;0.0;157.5;1017.0;0.0;0.0;5.3;0.91;0.0;;0.8639308855291576;3.9;;;22.0;;;;;;;;4.0;4.2;;cloudy;10.1;6.31;8.9;0.42;978.8;;;;;;;;;;
04/02/2021 17:06:17;04/02/2021;17:06:17;0.0;157.5;1017.0;0.0;0.0;5.3;0.91;0.0;;0.8639308855291576;3.9;;;22.0;;;;;;;;4.0;4.2;;cloudy;10.1;6.31;8.9;0.42;978.8;;;;;;;;;;
04/02/2021 17:08:17;04/02/2021;17:08:17;0.0;157.5;1017.1;0.0;0.0;5.1;0.92;0.0;;0.0;3.9;;;14.0;;;;;;;;3.8;4.0;;cloudy;10.0;6.29;8.8;0.42;978.9;;;;;;;;;;
04/02/2021 17:10:12;04/02/2021;17:10:12;0.0;157.5;1017.1;0.0;0.0;5.1;0.92;0.0;;0.0;3.9;;;14.0;;;;;;;;3.8;4.0;;cloudy;10.0;6.29;8.8;0.42;978.9;;;;;;;;;;
04/02/2021 17:12:09;04/02/2021;17:12:09;0.0;157.5;1017.1;0.0;0.0;5.1;0.92;0.0;;0.0;3.9;;;14.0;;;;;;;;3.8;4.0;;cloudy;10.0;6.29;8.8;0.42;978.9;;;;;;;;;;
04/02/2021 17:14:11;04/02/2021;17:14:11;0.0;157.5;1017.1;0.0;0.0;5.0;0.92;0.0;;0.7559395248380129;3.8;;;12.0;;;;;;;;3.6;3.9;;cloudy;9.9;6.25;8.7;0.42;978.9;;;;;;;;;;
04/02/2021 17:16:09;04/02/2021;17:16:09;0.0;157.5;1017.1;0.0;0.0;5.0;0.92;0.0;;0.7559395248380129;3.8;;;12.0;;;;;;;;3.6;3.9;;cloudy;9.9;6.25;8.7;0.42;978.9;;;;;;;;;;
04/02/2021 17:18:11;04/02/2021;17:18:11;0.0;67.5;1017.2;0.0;0.0;4.9;0.92;0.0;;2.5917926565874727;3.7;;;12.0;;;;;;;;3.5;3.8;;cloudy;9.8;6.21;8.7;0.42;978.9;;;;;;;;;;
04/02/2021 17:20:08;04/02/2021;17:20:08;0.0;67.5;1017.2;0.0;0.0;4.9;0.92;0.0;;2.5917926565874727;3.7;;;12.0;;;;;;;;3.5;3.8;;cloudy;9.8;6.21;8.7;0.42;978.9;;;;;;;;;;
04/02/2021 17:23:03;04/02/2021;17:23:03;0.7559395248380129;45;1017.2;0.0;0.0;4.8;0.92;0.0;;1.7278617710583153;3.6;;;8.0;;;;;;;;3.1;3.6;;cloudy;9.8;6.17;8.6;0.42;978.9;;;;;;;;;;
04/02/2021 17:25:00;04/02/2021;17:25:00;0.7559395248380129;45;1017.2;0.0;0.0;4.8;0.92;0.0;;1.7278617710583153;3.6;;;8.0;;;;;;;;3.1;3.6;;cloudy;9.8;6.17;8.6;0.42;978.9;;;;;;;;;;
04/02/2021 17:27:01;04/02/2021;17:27:01;0.7559395248380129;45;1017.2;0.0;0.0;4.8;0.92;0.0;;1.7278617710583153;3.6;;;8.0;;;;;;;;3.1;3.6;;cloudy;9.8;6.17;8.6;0.42;978.9;;;;;;;;;;
04/02/2021 17:28:56;04/02/2021;17:28:56;0.7019438444924406;45;1017.2;0.0;0.0;4.7;0.93;0.0;;0.7559395248380129;3.7;;;2.0;;;;;;;;3.1;3.6;;cloudy;9.7;6.2;8.5;0.42;978.9;;;;;;;;;;
04/02/2021 17:30:52;04/02/2021;17:30:52;0.7019438444924406;45;1017.2;0.0;0.0;4.7;0.93;0.0;;0.7559395248380129;3.7;;;2.0;;;;;;;;3.1;3.6;;cloudy;9.7;6.2;8.5;0.42;978.9;;;;;;;;;;
04/02/2021 17:34:31;04/02/2021;17:34:31;0.0;45;1017.2;0.0;0.0;4.6;0.93;0.0;;0.0;3.6;;;0.0;;;;;;;;3.2;3.4;;cloudy;9.6;6.16;8.5;0.65;978.9;;;;;;;;;;
04/02/2021 17:36:29;04/02/2021;17:36:29;0.0;45;1017.2;0.0;0.0;4.6;0.93;0.0;;0.0;3.6;;;0.0;;;;;;;;3.2;3.4;;cloudy;9.6;6.16;8.5;0.65;978.9;;;;;;;;;;
04/02/2021 17:38:32;04/02/2021;17:38:32;0.0;45;1017.3;0.0;0.0;4.6;0.93;0.0;;0.8639308855291576;3.6;;;0.0;;;;;;;;3.2;3.4;;cloudy;9.6;6.16;8.5;0.65;979.0;;;;;;;;;;
04/02/2021 17:40:29;04/02/2021;17:40:29;0.0;45;1017.3;0.0;0.0;4.6;0.93;0.0;;0.8639308855291576;3.6;;;0.0;;;;;;;;3.2;3.4;;cloudy;9.6;6.16;8.5;0.65;979.0;;;;;;;;;;
04/02/2021 17:42:26;04/02/2021;17:42:26;0.0;45;1017.3;0.0;0.0;4.6;0.93;0.0;;0.8639308855291576;3.6;;;0.0;;;;;;;;3.2;3.4;;cloudy;9.6;6.16;8.5;0.65;979.0;;;;;;;;;;
04/02/2021 17:44:23;04/02/2021;17:44:23;0.0;45;1017.4;0.0;0.0;4.5;0.93;0.0;;0.0;3.5;;;0.0;;;;;;;;3.1;3.3;;cloudy;9.6;6.11;8.4;0.65;979.1;;;;;;;;;;
04/02/2021 17:46:22;04/02/2021;17:46:22;0.0;45;1017.4;0.0;0.0;4.5;0.93;0.0;;0.0;3.5;;;0.0;;;;;;;;3.1;3.3;;cloudy;9.6;6.11;8.4;0.65;979.1;;;;;;;;;;
04/02/2021 17:48:17;04/02/2021;17:48:17;0.0;45;1017.4;0.0;0.0;4.5;0.93;0.0;;0.0;3.5;;;0.0;;;;;;;;3.1;3.3;;cloudy;9.6;6.11;8.4;0.65;979.1;;;;;;;;;;
04/02/2021 17:50:13;04/02/2021;17:50:13;0.0;45;1017.5;0.0;0.0;4.4;0.94;0.0;;0.0;3.5;;;0.0;;;;;;;;3.0;3.2;;cloudy;9.5;6.14;8.4;0.65;979.2;;;;;;;;;;
04/02/2021 17:52:09;04/02/2021;17:52:09;0.0;45;1017.5;0.0;0.0;4.4;0.94;0.0;;0.0;3.5;;;0.0;;;;;;;;3.0;3.2;;cloudy;9.5;6.14;8.4;0.65;979.2;;;;;;;;;;
04/02/2021 17:54:07;04/02/2021;17:54:07;0.0;45;1017.5;0.0;0.0;4.5;0.94;0.0;;0.0;3.6;;;0.0;;;;;;;;3.1;3.3;;cloudy;9.6;6.18;8.4;0.65;979.2;;;;;;;;;;
04/02/2021 17:56:03;04/02/2021;17:56:03;0.0;45;1017.5;0.0;0.0;4.5;0.94;0.0;;0.0;3.6;;;0.0;;;;;;;;3.1;3.3;;cloudy;9.6;6.18;8.4;0.65;979.2;;;;;;;;;;
04/02/2021 17:57:59;04/02/2021;17:57:59;0.0;45;1017.5;0.0;0.0;4.5;0.94;0.0;;0.0;3.6;;;0.0;;;;;;;;3.1;3.3;;cloudy;9.6;6.18;8.4;0.65;979.2;;;;;;;;;;
04/02/2021 17:59:53;04/02/2021;17:59:53;0.0;45;1017.5;0.0;0.0;4.5;0.94;0.0;;0.0;3.6;;;0.0;;;;;;;;3.1;3.3;;cloudy;9.6;6.18;8.4;0.65;979.2;;;;;;;;;;
04/02/2021 18:01:48;04/02/2021;18:01:48;0.0;45;1017.5;0.0;0.0;4.5;0.94;0.0;;0.0;3.6;;;0.0;;;;;;;;3.1;3.3;;cloudy;9.6;6.18;8.4;0.65;979.2;;;;;;;;;;
04/02/2021 18:03:48;04/02/2021;18:03:48;0.0;45;1017.5;0.0;0.0;4.5;0.94;0.0;;0.0;3.6;;;0.0;;;;;;;;3.1;3.3;;cloudy;9.6;6.18;8.4;0.65;979.2;;;;;;;;;;
04/02/2021 18:05:44;04/02/2021;18:05:44;0.0;45;1017.6;0.0;0.0;4.5;0.94;0.0;;0.0;3.6;;;0.0;;;;;;;;3.1;3.3;;cloudy;9.6;6.18;8.4;0.65;979.3;;;;;;;;;;
04/02/2021 18:08:05;04/02/2021;18:08:05;0.0;45;1017.6;0.0;0.0;4.5;0.94;0.0;;0.0;3.6;;;0.0;;;;;;;;3.1;3.3;;cloudy;9.6;6.18;8.4;0.65;979.3;;;;;;;;;;
04/02/2021 18:09:59;04/02/2021;18:09:59;0.0;45;1017.7;0.0;0.0;4.5;0.95;0.0;;0.0;3.8;;;0.0;;;;;;;;3.1;3.4;;cloudy;9.6;6.25;8.4;0.65;979.4;;;;;;;;;;
04/02/2021 18:11:57;04/02/2021;18:11:57;0.0;45;1017.7;0.0;0.0;4.5;0.95;0.0;;0.0;3.8;;;0.0;;;;;;;;3.1;3.4;;cloudy;9.6;6.25;8.4;0.65;979.4;;;;;;;;;;
04/02/2021 18:13:52;04/02/2021;18:13:52;0.0;45;1017.7;0.0;0.0;4.5;0.95;0.0;;0.0;3.8;;;0.0;;;;;;;;3.1;3.4;;cloudy;9.6;6.25;8.4;0.65;979.4;;;;;;;;;;
04/02/2021 18:15:49;04/02/2021;18:15:49;0.0;45;1017.7;0.0;0.0;4.5;0.95;0.0;;0.0;3.8;;;0.0;;;;;;;;3.1;3.4;;cloudy;9.6;6.25;8.4;0.65;979.4;;;;;;;;;;
04/02/2021 18:17:48;04/02/2021;18:17:48;0.0;45;1017.7;0.0;0.0;4.5;0.95;0.0;;0.0;3.8;;;0.0;;;;;;;;3.1;3.4;;cloudy;9.6;6.25;8.4;0.65;979.4;;;;;;;;;;
04/02/2021 18:19:44;04/02/2021;18:19:44;0.0;45;1017.7;0.0;0.0;4.5;0.95;0.0;;0.0;3.8;;;0.0;;;;;;;;3.1;3.4;;cloudy;9.6;6.25;8.4;0.65;979.4;;;;;;;;;;
04/02/2021 18:23:13;04/02/2021;18:23:13;0.0;45;1017.8;0.0;0.0;4.5;0.95;0.0;;0.0;3.8;;;0.0;;;;;;;;3.1;3.4;;cloudy;9.6;6.25;8.4;0.65;979.5;;;;;;;;;;
04/02/2021 18:25:10;04/02/2021;18:25:10;0.0;45;1017.8;0.0;0.0;4.5;0.95;0.0;;0.0;3.8;;;0.0;;;;;;;;3.1;3.4;;cloudy;9.6;6.25;8.4;0.65;979.5;;;;;;;;;;
04/02/2021 18:27:05;04/02/2021;18:27:05;0.0;45;1017.8;0.0;0.0;4.4;0.95;0.0;;0.0;3.7;;;0.0;;;;;;;;3.0;3.3;;cloudy;9.6;6.2;8.4;0.65;979.5;;;;;;;;;;
04/02/2021 18:29:02;04/02/2021;18:29:02;0.0;45;1017.8;0.0;0.0;4.4;0.95;0.0;;0.0;3.7;;;0.0;;;;;;;;3.0;3.3;;cloudy;9.6;6.2;8.4;0.65;979.5;;;;;;;;;;
04/02/2021 18:30:57;04/02/2021;18:30:57;0.0;45;1017.8;0.0;0.0;4.4;0.95;0.0;;0.0;3.7;;;0.0;;;;;;;;3.0;3.3;;cloudy;9.6;6.2;8.4;0.65;979.5;;;;;;;;;;
04/02/2021 18:32:54;04/02/2021;18:32:54;0.0;45;1017.8;0.0;0.0;4.4;0.95;0.0;;0.0;3.7;;;0.0;;;;;;;;3.0;3.3;;cloudy;9.6;6.2;8.4;0.65;979.5;;;;;;;;;;
04/02/2021 18:34:48;04/02/2021;18:34:48;0.0;45;1017.8;0.0;0.0;4.4;0.95;0.0;;0.0;3.7;;;0.0;;;;;;;;3.0;3.3;;cloudy;9.6;6.2;8.4;0.65;979.5;;;;;;;;;;
04/02/2021 18:36:48;04/02/2021;18:36:48;0.0;45;1017.8;0.0;0.0;4.4;0.95;0.0;;0.0;3.7;;;0.0;;;;;;;;3.0;3.3;;cloudy;9.6;6.2;8.4;0.65;979.5;;;;;;;;;;
04/02/2021 18:38:44;04/02/2021;18:38:44;0.0;45;1017.8;0.0;0.0;4.4;0.95;0.0;;0.0;3.7;;;0.0;;;;;;;;3.0;3.3;;cloudy;9.6;6.2;8.4;0.65;979.5;;;;;;;;;;
04/02/2021 18:40:42;04/02/2021;18:40:42;0.0;45;1017.8;0.0;0.0;4.4;0.95;0.0;;0.0;3.7;;;0.0;;;;;;;;3.0;3.3;;cloudy;9.6;6.2;8.4;0.65;979.5;;;;;;;;;;
04/02/2021 18:42:47;04/02/2021;18:42:47;0.0;45;1017.8;0.0;0.0;4.4;0.95;0.0;;0.0;3.7;;;0.0;;;;;;;;3.0;3.3;;cloudy;9.6;6.2;8.4;0.65;979.5;;;;;;;;;;
04/02/2021 18:45:02;04/02/2021;18:45:02;0.0;45;1017.8;0.0;0.0;4.4;0.95;0.0;;0.0;3.7;;;0.0;;;;;;;;3.0;3.3;;cloudy;9.6;6.2;8.4;0.65;979.5;;;;;;;;;;
04/02/2021 18:47:11;04/02/2021;18:47:11;0.0;45;1017.9;0.0;0.0;4.4;0.95;0.0;;0.0;3.7;;;0.0;;;;;;;;3.0;3.3;;cloudy;9.6;6.2;8.4;0.65;979.6;;;;;;;;;;
04/02/2021 18:49:20;04/02/2021;18:49:20;0.0;45;1017.9;0.0;0.0;4.4;0.95;0.0;;0.0;3.7;;;0.0;;;;;;;;3.0;3.3;;cloudy;9.6;6.2;8.4;0.65;979.6;;;;;;;;;;
04/02/2021 18:51:18;04/02/2021;18:51:18;0.0;45;1017.9;0.0;0.0;4.4;0.95;0.0;;0.0;3.7;;;0.0;;;;;;;;3.0;3.3;;cloudy;9.6;6.2;8.4;0.65;979.6;;;;;;;;;;
04/02/2021 18:53:14;04/02/2021;18:53:14;0.0;45;1017.9;0.0;0.0;4.4;0.95;0.0;;0.0;3.7;;;0.0;;;;;;;;3.0;3.3;;cloudy;9.6;6.2;8.4;0.65;979.6;;;;;;;;;;
04/02/2021 18:55:11;04/02/2021;18:55:11;0.0;45;1017.9;0.0;0.0;4.4;0.95;0.0;;0.0;3.7;;;0.0;;;;;;;;3.0;3.3;;cloudy;9.6;6.2;8.4;0.65;979.6;;;;;;;;;;
04/02/2021 18:57:06;04/02/2021;18:57:06;0.0;45;1018.0;0.0;0.0;4.4;0.95;0.0;;0.0;3.7;;;0.0;;;;;;;;3.0;3.3;;cloudy;9.6;6.2;8.4;0.65;979.6;;;;;;;;;;
04/02/2021 18:59:01;04/02/2021;18:59:01;0.0;45;1018.0;0.0;0.0;4.4;0.95;0.0;;0.0;3.7;;;0.0;;;;;;;;3.0;3.3;;cloudy;9.6;6.2;8.4;0.65;979.6;;;;;;;;;;
04/02/2021 19:03:29;04/02/2021;19:03:29;0.0;45;1018.0;0.0;0.0;4.4;0.95;0.0;;0.0;3.7;;;0.0;;;;;;;;3.0;3.3;;cloudy;9.6;6.2;8.4;0.65;979.6;;;;;;;;;;
04/02/2021 19:05:25;04/02/2021;19:05:25;0.0;45;1018.0;0.0;0.0;4.4;0.95;0.0;;0.0;3.7;;;0.0;;;;;;;;3.0;3.3;;cloudy;9.6;6.2;8.4;0.65;979.6;;;;;;;;;;
04/02/2021 19:07:24;04/02/2021;19:07:24;0.0;45;1018.1;0.0;0.0;4.4;0.95;0.0;;0.0;3.7;;;0.0;;;;;;;;3.0;3.3;;cloudy;9.6;6.2;8.4;0.65;979.7;;;;;;;;;;
04/02/2021 19:09:19;04/02/2021;19:09:19;0.0;45;1018.1;0.0;0.0;4.4;0.95;0.0;;0.0;3.7;;;0.0;;;;;;;;3.0;3.3;;cloudy;9.6;6.2;8.4;0.65;979.7;;;;;;;;;;
04/02/2021 19:11:16;04/02/2021;19:11:16;0.0;45;1018.1;0.0;0.0;4.4;0.95;0.0;;0.0;3.7;;;0.0;;;;;;;;3.0;3.3;;cloudy;9.6;6.2;8.4;0.65;979.7;;;;;;;;;;
04/02/2021 19:13:17;04/02/2021;19:13:17;0.0;45;1018.1;0.0;0.0;4.3;0.94;0.0;;0.0;3.4;;;0.0;;;;;;;;2.9;3.1;;cloudy;9.4;6.1;8.3;0.65;979.7;;;;;;;;;;
04/02/2021 19:15:13;04/02/2021;19:15:13;0.0;45;1018.1;0.0;0.0;4.3;0.94;0.0;;0.0;3.4;;;0.0;;;;;;;;2.9;3.1;;cloudy;9.4;6.1;8.3;0.65;979.7;;;;;;;;;;
04/02/2021 19:17:11;04/02/2021;19:17:11;0.0;45;1018.1;0.0;0.0;4.3;0.94;0.0;;0.0;3.4;;;0.0;;;;;;;;2.9;3.1;;cloudy;9.4;6.1;8.3;0.65;979.7;;;;;;;;;;
04/02/2021 19:19:10;04/02/2021;19:19:10;0.0;45;1018.1;0.0;0.0;4.3;0.95;0.0;;0.0;3.6;;;0.0;;;;;;;;2.9;3.1;;cloudy;9.5;6.16;8.3;0.65;979.7;;;;;;;;;;
04/02/2021 19:21:11;04/02/2021;19:21:11;0.0;45;1018.1;0.0;0.0;4.3;0.95;0.0;;0.0;3.6;;;0.0;;;;;;;;2.9;3.1;;cloudy;9.5;6.16;8.3;0.65;979.7;;;;;;;;;;
04/02/2021 19:26:47;04/02/2021;19:26:47;0.0;45;1018.2;0.0;0.0;4.2;0.95;0.0;;0.0;3.5;;;0.0;;;;;;;;2.8;3.0;;cloudy;9.4;6.12;8.3;0.65;979.8;;;;;;;;;;
04/02/2021 19:28:46;04/02/2021;19:28:46;0.0;45;1018.2;0.0;0.0;4.2;0.95;0.0;;0.0;3.5;;;0.0;;;;;;;;2.8;3.0;;cloudy;9.4;6.12;8.3;0.65;979.8;;;;;;;;;;
04/02/2021 19:30:42;04/02/2021;19:30:42;0.0;45;1018.2;0.0;0.0;4.2;0.95;0.0;;0.0;3.5;;;0.0;;;;;;;;2.8;3.0;;cloudy;9.4;6.12;8.3;0.66;979.8;;;;;;;;;;
04/02/2021 19:34:05;04/02/2021;19:34:05;0.0;45;1018.2;0.0;0.0;4.2;0.95;0.0;;0.0;3.5;;;0.0;;;;;;;;2.8;3.0;;cloudy;9.4;6.12;8.3;0.66;979.8;;;;;;;;;;
04/02/2021 19:36:07;04/02/2021;19:36:07;0.0;45;1018.2;0.0;0.0;4.2;0.95;0.0;;0.0;3.5;;;0.0;;;;;;;;2.8;3.0;;cloudy;9.4;6.12;8.3;0.66;979.8;;;;;;;;;;
04/02/2021 19:38:12;04/02/2021;19:38:12;0.0;45;1018.2;0.0;0.0;4.2;0.95;0.0;;0.0;3.5;;;0.0;;;;;;;;2.8;3.0;;cloudy;9.4;6.12;8.3;0.66;979.8;;;;;;;;;;
04/02/2021 19:40:08;04/02/2021;19:40:08;0.0;45;1018.3;0.0;0.0;4.2;0.95;0.0;;0.0;3.5;;;0.0;;;;;;;;2.8;3.0;;cloudy;9.4;6.12;8.3;0.66;979.9;;;;;;;;;;
