timestamp_string;timestamp_string_date;timestamp_string_time;wind_speed_knots;wind_direction_deg;barometric_pressure_ssl_hPa;rain_today_mm;rain_rate_mmh;temperature_cels;rel_humidity;uv_index;heat_index_cels;wind_gust_knots;dew_point_cels;wind_chill_cels;ground_temperature_cels;solar_irradiance_wpsm;rel_leaf_wetness;soil_moisture_cb;rain_this_month_mm;rain_this_year_mm;evapotranspiration_today_mm;evapotranspiration_this_month_mm;evapotranspiration_this_year_mm;perceived_temperature_cels;humidex_cels;wind_temperature_cels;current_weather;wet_bulb_temperature_cels;absolute_humidity_gm3;saturated_vapor_pressure_hPa;windrun_km;barometric_pressure_wsl_hPa;average_wind_speed_knots;storm_rain_mm
19/11/2020 16:54:36;19/11/2020;16:54:36;0.0;135;1026.0;0.0;0.0;9.8;0.73;0.0;;0.0;5.1;;;;;;8.2;1301.1;;;;;;;;;;;;;;
19/11/2020 16:56:34;19/11/2020;16:56:34;0.0;135;1026.0;0.0;0.0;9.7;0.74;0.0;;0.0;5.2;;;;;;8.2;1301.1;;;;;;;;;;;;;;
19/11/2020 16:58:35;19/11/2020;16:58:35;0.0;112.5;1026.0;0.0;0.0;9.6;0.74;0.0;;0.0;5.1;;;;;;8.2;1301.1;;;;;;;;;;;;;;
19/11/2020 17:00:28;19/11/2020;17:00:28;0.0;112.5;1026.0;0.0;0.0;9.5;0.75;0.0;;0.0;5.2;;;;;;3.6;324.0;;;;;;;;;;;;;;
19/11/2020 17:02:21;19/11/2020;17:02:21;0.0;112.5;1026.0;0.0;0.0;9.4;0.75;0.0;;0.0;5.1;;;;;;4.1;364.0;;;;;;;;;;;;;;
19/11/2020 17:04:18;19/11/2020;17:04:18;0.0;112.5;1026.0;0.0;0.0;9.3;0.75;0.0;;0.0;5.0;;;;;;8.2;1301.1;;;;;;;;;;;;;;
19/11/2020 17:06:16;19/11/2020;17:06:16;0.0;112.5;1026.0;0.0;0.0;9.3;0.76;0.0;;0.0;5.2;;;;;;8.2;1301.1;;;;;;;;;;;;;;
19/11/2020 19:08:23;19/11/2020;19:08:23;0.0;45;1026.0;0.0;0.0;9.2;0.77;0.0;;0.0;5.3;;;;;;8.2;1301.1;;;;;;;;;;;;;;
19/11/2020 19:10:23;19/11/2020;19:10:23;0.0;45;1026.0;0.0;0.0;4.8;0.86;0.0;;0.0;2.6;;;;;;8.2;1301.1;;;;;;;;;;;;;;
19/11/2020 19:12:18;19/11/2020;19:12:18;0.0;45;1026.0;0.0;0.0;4.7;0.87;0.0;;0.0;2.7;;;;;;8.2;1301.1;;;;;;;;;;;;;;
19/11/2020 19:14:17;19/11/2020;19:14:17;0.0;45;1026.0;0.0;0.0;4.7;0.87;0.0;;0.0;2.7;;;;;;8.2;1301.1;;;;;;;;;;;;;;
19/11/2020 19:16:09;19/11/2020;19:16:09;0.0;45;1026.0;0.0;0.0;4.7;0.87;0.0;;0.0;2.7;;;;;;7.0;847.6;;;;;;;;;;;;;;
19/11/2020 19:18:06;19/11/2020;19:18:06;0.0;67.5;1026.0;0.0;0.0;4.7;0.87;0.0;;0.0;2.7;;;;;;8.2;1301.1;;;;;;;;;;;;;;
19/11/2020 19:20:02;19/11/2020;19:20:02;0.0;67.5;1026.0;0.0;0.0;4.7;0.87;0.0;;0.0;2.7;;;;;;8.2;1301.1;;;;;;;;;;;;;;
19/11/2020 19:21:54;19/11/2020;19:21:54;0.0;45;1026.0;0.0;0.0;4.7;0.87;0.0;;0.0;2.7;;;;;;2.1;188.2;;;;;;;;;;;;;;
19/11/2020 19:23:50;19/11/2020;19:23:50;0.0;45;1026.0;0.0;0.0;4.7;0.87;0.0;;0.0;2.7;;;;;;8.2;1301.1;;;;;;;;;;;;;;
19/11/2020 19:25:46;19/11/2020;19:25:46;0.0;45;1026.0;0.0;0.0;4.6;0.87;0.0;;0.0;2.6;;;;;;8.2;1301.1;;;;;;;;;;;;;;
19/11/2020 19:27:42;19/11/2020;19:27:42;0.0;45;1026.0;0.0;0.0;4.6;0.87;0.0;;0.0;2.6;;;;;;8.2;1301.1;;;;;;;;;;;;;;
19/11/2020 19:29:40;19/11/2020;19:29:40;0.0;45;1026.0;0.0;0.0;4.5;0.87;0.0;;0.0;2.5;;;;;;8.2;1301.1;;;;;;;;;;;;;;
19/11/2020 19:31:36;19/11/2020;19:31:36;0.0;45;1026.0;0.0;0.0;4.5;0.88;0.0;;0.0;2.7;;;;;;8.2;1301.1;;;;;;;;;;;;;;
19/11/2020 19:35:25;19/11/2020;19:35:25;0.0;45;1026.0;0.0;0.0;4.4;0.88;0.0;;0.0;2.6;;;;;;8.2;1301.1;;;;;;;;;;;;;;
19/11/2020 19:38:44;19/11/2020;19:38:44;0.0;45;1026.0;0.0;0.0;4.4;0.88;0.0;;0.0;2.6;;;;;;8.2;1301.1;;;;;;;;;;;;;;
19/11/2020 19:40:51;19/11/2020;19:40:51;0.0;45;1026.0;0.0;0.0;4.4;0.88;0.0;;0.0;2.6;;;;;;8.2;1301.1;;;;;;;;;;;;;;
19/11/2020 19:42:51;19/11/2020;19:42:51;0.0;45;1026.0;0.0;0.0;4.3;0.88;0.0;;0.0;2.5;;;;;;8.2;1250.3;;;;;;;;;;;;;;
19/11/2020 19:44:47;19/11/2020;19:44:47;0.0;45;1026.0;0.0;0.0;4.3;0.88;0.0;;0.0;2.5;;;;;;7.2;881.5;;;;;;;;;;;;;;
19/11/2020 19:46:45;19/11/2020;19:46:45;0.0;45;1026.0;0.0;0.0;4.4;0.88;0.0;;0.0;2.6;;;;;;8.2;1301.1;;;;;;;;;;;;;;
19/11/2020 19:48:41;19/11/2020;19:48:41;0.0;45;1026.0;0.0;0.0;4.4;0.87;0.0;;0.0;2.4;;;;;;8.2;1301.1;;;;;;;;;;;;;;
19/11/2020 19:50:36;19/11/2020;19:50:36;0.0;45;1026.0;0.0;0.0;4.3;0.87;0.0;;0.0;2.3;;;;;;8.2;1301.1;;;;;;;;;;;;;;
19/11/2020 19:52:30;19/11/2020;19:52:30;0.0;45;1026.0;0.0;0.0;4.3;0.87;0.0;;0.0;2.3;;;;;;2.6;233.5;;;;;;;;;;;;;;
19/11/2020 19:54:20;19/11/2020;19:54:20;0.0;45;1026.0;0.0;0.0;4.3;0.87;0.0;;0.0;2.3;;;;;;3.4;305.6;;;;;;;;;;;;;;
19/11/2020 19:56:13;19/11/2020;19:56:13;0.0;45;1026.0;0.0;0.0;4.2;0.88;0.0;;0.0;2.4;;;;;;5.6;546.1;;;;;;;;;;;;;;
19/11/2020 19:58:07;19/11/2020;19:58:07;0.0;45;1026.0;0.0;0.0;4.2;0.88;0.0;;0.0;2.4;;;;;;7.0;841.5;;;;;;;;;;;;;;
19/11/2020 20:00:03;19/11/2020;20:00:03;0.0;45;1026.0;0.0;0.0;4.2;0.88;0.0;;0.0;2.4;;;;;;8.2;1301.1;;;;;;;;;;;;;;
19/11/2020 20:02:06;19/11/2020;20:02:06;0.0;45;1026.0;0.0;0.0;4.2;0.87;0.0;;0.0;2.2;;;;;;8.2;1301.1;;;;;;;;;;;;;;
19/11/2020 20:04:04;19/11/2020;20:04:04;0.0;45;1026.0;0.0;0.0;4.2;0.87;0.0;;0.0;2.2;;;;;;8.2;1301.1;;;;;;;;;;;;;;
19/11/2020 20:05:57;19/11/2020;20:05:57;0.0;45;1025.0;0.0;0.0;4.2;0.87;0.0;;0.0;2.2;;;;;;2.8;255.2;;;;;;;;;;;;;;
19/11/2020 20:07:54;19/11/2020;20:07:54;0.0;45;1025.0;0.0;0.0;4.2;0.87;0.0;;0.0;2.2;;;;;;8.2;1301.1;;;;;;;;;;;;;;
19/11/2020 20:09:47;19/11/2020;20:09:47;0.0;45;1025.0;0.0;0.0;4.2;0.88;0.0;;0.0;2.4;;;;;;5.6;554.2;;;;;;;;;;;;;;
19/11/2020 20:11:40;19/11/2020;20:11:40;0.0;45;1025.0;0.0;0.0;4.1;0.88;0.0;;0.0;2.3;;;;;;3.2;287.1;;;;;;;;;;;;;;
19/11/2020 20:13:36;19/11/2020;20:13:36;0.0;45;1025.0;0.0;0.0;4.1;0.88;0.0;;0.0;2.3;;;;;;8.2;1301.1;;;;;;;;;;;;;;
19/11/2020 20:15:27;19/11/2020;20:15:27;0.0;45;1025.0;0.0;0.0;4.1;0.88;0.0;;0.0;2.3;;;;;;3.1;280.3;;;;;;;;;;;;;;
19/11/2020 20:17:23;19/11/2020;20:17:23;0.0;45;1025.0;0.0;0.0;4.2;0.88;0.0;;0.0;2.4;;;;;;8.2;1301.1;;;;;;;;;;;;;;
19/11/2020 20:19:17;19/11/2020;20:19:17;0.0;45;1025.0;0.0;0.0;4.2;0.87;0.0;;0.0;2.2;;;;;;8.1;1162.4;;;;;;;;;;;;;;
19/11/2020 20:21:16;19/11/2020;20:21:16;0.0;45;1025.0;0.0;0.0;4.2;0.87;0.0;;0.0;2.2;;;;;;8.2;1301.1;;;;;;;;;;;;;;
19/11/2020 20:23:09;19/11/2020;20:23:09;0.0;45;1025.0;0.0;0.0;4.3;0.87;0.0;;0.0;2.3;;;;;;4.9;447.4;;;;;;;;;;;;;;
19/11/2020 20:25:06;19/11/2020;20:25:06;0.0;45;1025.0;0.0;0.0;4.3;0.87;0.0;;0.0;2.3;;;;;;8.2;1301.1;;;;;;;;;;;;;;
19/11/2020 20:26:59;19/11/2020;20:26:59;0.0;45;1025.0;0.0;0.0;4.3;0.87;0.0;;0.0;2.3;;;;;;4.4;393.0;;;;;;;;;;;;;;
19/11/2020 20:28:55;19/11/2020;20:28:55;0.0;45;1025.0;0.0;0.0;4.3;0.87;0.0;;0.0;2.3;;;;;;7.3;921.0;;;;;;;;;;;;;;
19/11/2020 20:30:50;19/11/2020;20:30:50;0.0;45;1025.0;0.0;0.0;4.3;0.87;0.0;;0.0;2.3;;;;;;7.1;852.7;;;;;;;;;;;;;;
19/11/2020 20:32:49;19/11/2020;20:32:49;0.0;45;1025.0;0.0;0.0;4.3;0.87;0.0;;0.0;2.3;;;;;;8.2;1301.1;;;;;;;;;;;;;;
19/11/2020 20:34:42;19/11/2020;20:34:42;0.0;45;1025.0;0.0;0.0;4.4;0.87;0.0;;0.0;2.4;;;;;;5.2;493.5;;;;;;;;;;;;;;
19/11/2020 20:36:34;19/11/2020;20:36:34;0.0;45;1025.0;0.0;0.0;4.4;0.87;0.0;;0.0;2.4;;;;;;1.9;173.2;;;;;;;;;;;;;;
19/11/2020 20:38:31;19/11/2020;20:38:31;0.0;45;1025.0;0.0;0.0;4.5;0.87;0.0;;0.0;2.5;;;;;;8.2;1301.1;;;;;;;;;;;;;;
19/11/2020 20:40:24;19/11/2020;20:40:24;0.0;45;1025.0;0.0;0.0;4.5;0.87;0.0;;0.0;2.5;;;;;;4.3;390.2;;;;;;;;;;;;;;
19/11/2020 20:42:18;19/11/2020;20:42:18;0.0;45;1025.0;0.0;0.0;4.5;0.87;0.0;;0.0;2.5;;;;;;8.1;1194.8;;;;;;;;;;;;;;
19/11/2020 20:44:17;19/11/2020;20:44:17;0.0;45;1025.0;0.0;0.0;4.5;0.87;0.0;;0.0;2.5;;;;;;8.2;1301.1;;;;;;;;;;;;;;
19/11/2020 20:46:10;19/11/2020;20:46:10;0.0;45;1025.0;0.0;0.0;4.5;0.87;0.0;;0.0;2.5;;;;;;2.1;185.9;;;;;;;;;;;;;;
19/11/2020 20:48:02;19/11/2020;20:48:02;0.0;45;1025.0;0.0;0.0;4.5;0.88;0.0;;0.0;2.7;;;;;;2.0;183.7;;;;;;;;;;;;;;
19/11/2020 20:49:54;19/11/2020;20:49:54;0.0;45;1025.0;0.0;0.0;4.5;0.88;0.0;;0.0;2.7;;;;;;5.9;608.6;;;;;;;;;;;;;;
19/11/2020 20:51:51;19/11/2020;20:51:51;0.0;45;1025.0;0.0;0.0;4.5;0.88;0.0;;0.0;2.7;;;;;;8.2;1301.1;;;;;;;;;;;;;;
19/11/2020 20:53:47;19/11/2020;20:53:47;0.0;45;1025.0;0.0;0.0;4.6;0.88;0.0;;0.0;2.8;;;;;;8.2;1301.1;;;;;;;;;;;;;;
19/11/2020 20:55:39;19/11/2020;20:55:39;0.0;45;1025.0;0.0;0.0;4.6;0.88;0.0;;0.0;2.8;;;;;;2.1;185.3;;;;;;;;;;;;;;
19/11/2020 20:57:31;19/11/2020;20:57:31;0.0;45;1025.0;0.0;0.0;4.6;0.88;0.0;;0.0;2.8;;;;;;2.0;179.8;;;;;;;;;;;;;;
19/11/2020 20:59:30;19/11/2020;20:59:30;0.0;45;1025.0;0.0;0.0;4.6;0.88;0.0;;0.0;2.8;;;;;;8.2;1301.1;;;;;;;;;;;;;;
19/11/2020 21:01:28;19/11/2020;21:01:28;0.0;45;1025.0;0.0;0.0;4.6;0.88;0.0;;0.0;2.8;;;;;;8.2;1301.1;;;;;;;;;;;;;;
19/11/2020 21:03:22;19/11/2020;21:03:22;0.0;45;1025.0;0.0;0.0;4.6;0.88;0.0;;0.0;2.8;;;;;;6.4;693.8;;;;;;;;;;;;;;
19/11/2020 21:05:22;19/11/2020;21:05:22;0.0;45;1025.0;0.0;0.0;4.7;0.88;0.0;;0.0;2.9;;;;;;8.2;1301.1;;;;;;;;;;;;;;
19/11/2020 21:07:37;19/11/2020;21:07:37;0.0;67.5;1025.0;0.0;0.0;4.7;0.88;0.0;;0.0;2.9;;;;;;8.2;1301.1;;;;;;;;;;;;;;
19/11/2020 21:09:32;19/11/2020;21:09:32;0.0;67.5;1025.0;0.0;0.0;4.7;0.88;0.0;;0.0;2.9;;;;;;8.2;1301.1;;;;;;;;;;;;;;
19/11/2020 21:11:25;19/11/2020;21:11:25;0.0;67.5;1025.0;0.0;0.0;4.7;0.88;0.0;;0.0;2.9;;;;;;3.2;291.6;;;;;;;;;;;;;;
19/11/2020 21:13:18;19/11/2020;21:13:18;0.0;67.5;1025.0;0.0;0.0;4.7;0.88;0.0;;0.0;2.9;;;;;;2.6;231.5;;;;;;;;;;;;;;
19/11/2020 21:15:11;19/11/2020;21:15:11;0.0;67.5;1025.0;0.0;0.0;4.7;0.87;0.0;;0.0;2.7;;;;;;6.3;673.7;;;;;;;;;;;;;;
19/11/2020 21:17:03;19/11/2020;21:17:03;0.0;67.5;1025.0;0.0;0.0;4.7;0.87;0.0;;0.0;2.7;;;;;;3.0;266.5;;;;;;;;;;;;;;
19/11/2020 21:18:56;19/11/2020;21:18:56;0.0;45;1025.0;0.0;0.0;4.8;0.86;0.0;;0.0;2.6;;;;;;5.8;588.9;;;;;;;;;;;;;;
19/11/2020 21:20:48;19/11/2020;21:20:48;0.0;45;1025.0;0.0;0.0;4.8;0.86;0.0;;0.0;2.6;;;;;;3.5;317.5;;;;;;;;;;;;;;
19/11/2020 21:22:51;19/11/2020;21:22:51;0.0;45;1025.0;0.0;0.0;4.9;0.86;0.0;;0.0;2.7;;;;;;8.2;1301.1;;;;;;;;;;;;;;
19/11/2020 21:24:49;19/11/2020;21:24:49;0.0;45;1025.0;0.0;0.0;4.9;0.86;0.0;;0.0;2.7;;;;;;8.2;1301.1;;;;;;;;;;;;;;
19/11/2020 21:26:45;19/11/2020;21:26:45;0.0;45;1025.0;0.0;0.0;4.9;0.86;0.0;;0.0;2.7;;;;;;8.2;1301.1;;;;;;;;;;;;;;
19/11/2020 21:28:39;19/11/2020;21:28:39;0.0;45;1025.0;0.0;0.0;5.0;0.87;0.0;;0.0;3.0;;;;;;3.6;326.5;;;;;;;;;;;;;;
19/11/2020 21:30:35;19/11/2020;21:30:35;0.0;67.5;1025.0;0.0;0.0;5.0;0.86;0.0;;0.0;2.8;;;;;;8.2;1301.1;;;;;;;;;;;;;;
19/11/2020 21:32:27;19/11/2020;21:32:27;0.0;67.5;1025.0;0.0;0.0;5.0;0.86;0.0;;0.0;2.8;;;;;;3.5;311.9;;;;;;;;;;;;;;
19/11/2020 21:34:24;19/11/2020;21:34:24;0.0;67.5;1025.0;0.0;0.0;5.0;0.87;0.0;;0.0;3.0;;;;;;8.2;1301.1;;;;;;;;;;;;;;
19/11/2020 21:36:32;19/11/2020;21:36:32;0.0;90;1025.0;0.0;0.0;5.0;0.87;0.0;;0.0;3.0;;;;;;8.2;1301.1;;;;;;;;;;;;;;
19/11/2020 21:40:25;19/11/2020;21:40:25;0.0;90;1025.0;0.0;0.0;5.0;0.87;0.0;;0.0;3.0;;;;;;8.2;1301.1;;;;;;;;;;;;;;
19/11/2020 21:42:17;19/11/2020;21:42:17;0.0;90;1025.0;0.0;0.0;5.0;0.87;0.0;;0.0;3.0;;;;;;2.6;230.9;;;;;;;;;;;;;;
19/11/2020 21:44:10;19/11/2020;21:44:10;0.0;90;1025.0;0.0;0.0;5.0;0.87;0.0;;0.0;3.0;;;;;;2.9;256.6;;;;;;;;;;;;;;
19/11/2020 21:46:03;19/11/2020;21:46:03;0.0;112.5;1025.0;0.0;0.0;5.0;0.87;0.0;;0.0;3.0;;;;;;3.0;265.8;;;;;;;;;;;;;;
19/11/2020 21:47:55;19/11/2020;21:47:55;0.0;112.5;1025.0;0.0;0.0;5.1;0.87;0.0;;0.0;3.1;;;;;;3.5;312.7;;;;;;;;;;;;;;
19/11/2020 21:49:51;19/11/2020;21:49:51;0.0;112.5;1025.0;0.0;0.0;5.1;0.87;0.0;;0.0;3.1;;;;;;8.2;1301.1;;;;;;;;;;;;;;
19/11/2020 21:51:43;19/11/2020;21:51:43;0.0;90;1025.0;0.0;0.0;5.1;0.87;0.0;;0.0;3.1;;;;;;2.5;223.8;;;;;;;;;;;;;;
19/11/2020 21:53:35;19/11/2020;21:53:35;0.0;90;1025.0;0.0;0.0;5.2;0.87;0.0;;0.0;3.2;;;;;;5.0;462.8;;;;;;;;;;;;;;
19/11/2020 21:55:26;19/11/2020;21:55:26;0.0;67.5;1025.0;0.0;0.0;5.2;0.87;0.0;;0.0;3.2;;;;;;6.4;704.9;;;;;;;;;;;;;;
19/11/2020 21:57:21;19/11/2020;21:57:21;0.0;67.5;1025.0;0.0;0.0;5.2;0.87;0.0;;0.0;3.2;;;;;;8.2;1301.1;;;;;;;;;;;;;;
19/11/2020 21:59:20;19/11/2020;21:59:20;0.0;45;1025.0;0.0;0.0;5.3;0.87;0.0;;0.0;3.3;;;;;;8.2;1301.1;;;;;;;;;;;;;;
19/11/2020 22:01:20;19/11/2020;22:01:20;0.0;45;1025.0;0.0;0.0;5.3;0.87;0.0;;0.0;3.3;;;;;;8.2;1301.1;;;;;;;;;;;;;;
19/11/2020 22:03:14;19/11/2020;22:03:14;0.0;45;1025.0;0.0;0.0;5.3;0.87;0.0;;0.0;3.3;;;;;;6.9;809.8;;;;;;;;;;;;;;
19/11/2020 22:05:08;19/11/2020;22:05:08;0.0;45;1025.0;0.0;0.0;5.3;0.87;0.0;;0.0;3.3;;;;;;8.2;1227.6;;;;;;;;;;;;;;
19/11/2020 22:07:45;19/11/2020;22:07:45;0.0;45;1025.0;0.0;0.0;5.3;0.86;0.0;;0.0;3.1;;;;;;8.2;1301.1;;;;;;;;;;;;;;
19/11/2020 22:09:42;19/11/2020;22:09:42;0.0;45;1025.0;0.0;0.0;5.4;0.86;0.0;;0.0;3.2;;;;;;8.2;1301.1;;;;;;;;;;;;;;
19/11/2020 22:12:21;19/11/2020;22:12:21;0.0;45;1025.0;0.0;0.0;5.3;0.86;0.0;;0.0;3.1;;;;;;8.2;1301.1;;;;;;;;;;;;;;
19/11/2020 22:14:18;19/11/2020;22:14:18;0.0;45;1025.0;0.0;0.0;5.3;0.87;0.0;;0.0;3.3;;;;;;8.2;1301.1;;;;;;;;;;;;;;
19/11/2020 22:16:15;19/11/2020;22:16:15;0.0;45;1025.0;0.0;0.0;5.3;0.87;0.0;;0.0;3.3;;;;;;8.2;1301.1;;;;;;;;;;;;;;
19/11/2020 22:18:14;19/11/2020;22:18:14;0.0;45;1025.0;0.0;0.0;5.3;0.86;0.0;;0.0;3.1;;;;;;8.2;1301.1;;;;;;;;;;;;;;
19/11/2020 22:20:12;19/11/2020;22:20:12;0.0;45;1025.0;0.0;0.0;5.4;0.86;0.0;;0.0;3.2;;;;;;8.2;1301.1;;;;;;;;;;;;;;
19/11/2020 22:22:08;19/11/2020;22:22:08;0.0;45;1025.0;0.0;0.0;5.4;0.86;0.0;;0.0;3.2;;;;;;8.2;1301.1;;;;;;;;;;;;;;
19/11/2020 22:24:01;19/11/2020;22:24:01;0.0;45;1025.0;0.0;0.0;5.5;0.86;0.0;;0.0;3.3;;;;;;3.5;313.5;;;;;;;;;;;;;;
19/11/2020 22:26:03;19/11/2020;22:26:03;0.0;45;1025.0;0.0;0.0;5.5;0.86;0.0;;0.0;3.3;;;;;;8.2;1301.1;;;;;;;;;;;;;;
19/11/2020 22:27:59;19/11/2020;22:27:59;0.0;45;1025.0;0.0;0.0;5.5;0.86;0.0;;0.0;3.3;;;;;;8.2;1301.1;;;;;;;;;;;;;;
19/11/2020 22:29:58;19/11/2020;22:29:58;0.0;90;1025.0;0.0;0.0;5.5;0.86;0.0;;0.0;3.3;;;;;;8.2;1301.1;;;;;;;;;;;;;;
19/11/2020 22:31:54;19/11/2020;22:31:54;0.0;112.5;1025.0;0.0;0.0;5.5;0.86;0.0;;0.0;3.3;;;;;;8.2;1301.1;;;;;;;;;;;;;;
19/11/2020 22:33:55;19/11/2020;22:33:55;0.0;112.5;1025.0;0.0;0.0;5.5;0.86;0.0;;0.0;3.3;;;;;;8.2;1301.1;;;;;;;;;;;;;;
19/11/2020 22:35:48;19/11/2020;22:35:48;0.0;135;1025.0;0.0;0.0;5.5;0.86;0.0;;0.0;3.3;;;;;;5.9;601.1;;;;;;;;;;;;;;
20/11/2020 00:37:54;20/11/2020;00:37:54;0.0;135;1025.0;0.0;0.0;5.5;0.86;0.0;;0.0;3.3;;;;;;8.2;1301.1;;;;;;;;;;;;;;
20/11/2020 00:39:55;20/11/2020;00:39:55;0.0;45;1025.0;0.0;0.0;5.8;0.86;0.0;;0.0;3.6;;;;;;8.2;1301.1;;;;;;;;;;;;;;
20/11/2020 00:41:51;20/11/2020;00:41:51;0.0;45;1025.0;0.0;0.0;5.8;0.87;0.0;;0.0;3.8;;;;;;6.4;693.8;;;;;;;;;;;;;;
20/11/2020 00:43:50;20/11/2020;00:43:50;0.1079913606911447;45;1025.0;0.0;0.0;5.8;0.87;0.0;;0.2159827213822894;3.8;;;;;;8.2;1301.1;;;;;;;;;;;;;;
20/11/2020 00:45:57;20/11/2020;00:45:57;0.0;90;1025.0;0.0;0.0;5.8;0.87;0.0;;0.0;3.8;;;;;;8.2;1301.1;;;;;;;;;;;;;;
20/11/2020 00:47:55;20/11/2020;00:47:55;1.7278617710583153;67.5;1025.0;0.0;0.0;5.9;0.86;0.0;;1.7278617710583153;3.7;;;;;;8.2;1301.1;;;;;;;;;;;;;;
20/11/2020 00:49:54;20/11/2020;00:49:54;0.0;67.5;1026.0;0.0;0.0;5.9;0.86;0.0;;0.0;3.7;;;;;;8.2;1301.1;;;;;;;;;;;;;;
20/11/2020 00:51:53;20/11/2020;00:51:53;0.0;90;1026.0;0.0;0.0;5.9;0.86;0.0;;0.0;3.7;;;;;;8.2;1301.1;;;;;;;;;;;;;;
20/11/2020 00:53:53;20/11/2020;00:53:53;0.0;90;1026.0;0.0;0.0;6.0;0.87;0.0;;0.0;4.0;;;;;;8.2;1301.1;;;;;;;;;;;;;;
20/11/2020 00:55:59;20/11/2020;00:55:59;0.0;135;1026.0;0.0;0.0;6.0;0.87;0.0;;0.0;4.0;;;;;;8.2;1299.0;;;;;;;;;;;;;;
20/11/2020 00:57:58;20/11/2020;00:57:58;0.0;90;1026.0;0.0;0.0;6.0;0.87;0.0;;0.0;4.0;;;;;;8.2;1301.1;;;;;;;;;;;;;;
20/11/2020 00:59:57;20/11/2020;00:59:57;0.0;112.5;1026.0;0.0;0.0;5.9;0.87;0.0;;0.0;3.9;;;;;;8.2;1301.1;;;;;;;;;;;;;;
20/11/2020 01:01:54;20/11/2020;01:01:54;0.0;112.5;1026.0;0.0;0.0;5.9;0.87;0.0;;0.0;3.9;;;;;;8.2;1225.8;;;;;;;;;;;;;;
20/11/2020 01:03:59;20/11/2020;01:03:59;0.9719222462203023;90;1026.0;0.0;0.0;5.9;0.86;0.0;;0.9719222462203023;3.7;;;;;;8.2;1301.1;;;;;;;;;;;;;;
20/11/2020 01:06:00;20/11/2020;01:06:00;2.915766738660907;157.5;1026.0;0.0;0.0;5.9;0.86;0.0;;4.265658747300216;3.7;5.0;;;;;8.2;1301.1;;;;;;;;;;;;;;
20/11/2020 01:08:00;20/11/2020;01:08:00;1.9438444924406046;202.5;1026.0;0.0;0.0;5.9;0.87;0.0;;2.321814254859611;3.9;;;;;;8.2;1301.1;;;;;;;;;;;;;;
20/11/2020 01:10:05;20/11/2020;01:10:05;1.83585313174946;202.5;1026.0;0.0;0.0;5.9;0.87;0.0;;2.159827213822894;3.9;;;;;;8.2;1301.1;;;;;;;;;;;;;;
20/11/2020 01:12:07;20/11/2020;01:12:07;0.0;202.5;1026.0;0.0;0.0;5.8;0.87;0.0;;0.0;3.8;;;;;;8.2;1301.1;;;;;;;;;;;;;;
20/11/2020 01:14:14;20/11/2020;01:14:14;0.0;135;1026.0;0.3;0.3;5.7;0.88;0.0;;0.0;3.8;;;;;;8.2;1301.1;;;;;;;;;;;;;;
20/11/2020 01:16:14;20/11/2020;01:16:14;0.0;135;1026.0;0.3;0.3;5.5;0.88;0.0;;0.0;3.6;;;;;;8.2;1301.1;;;;;;;;;;;;;;
20/11/2020 01:18:08;20/11/2020;01:18:08;0.2159827213822894;202.5;1026.0;0.3;0.3;5.5;0.88;0.0;;0.2159827213822894;3.6;;;;;;4.3;374.8;;;;;;;;;;;;;;
20/11/2020 01:20:04;20/11/2020;01:20:04;0.0;202.5;1027.0;0.3;0.3;5.5;0.88;0.0;;0.0;3.6;;;;;;8.5;1301.4;;;;;;;;;;;;;;
20/11/2020 01:21:56;20/11/2020;01:21:56;0.0;180;1027.0;0.3;0.3;5.5;0.88;0.0;;0.0;3.6;;;;;;2.9;253.8;;;;;;;;;;;;;;
20/11/2020 01:23:54;20/11/2020;01:23:54;0.0;157.5;1027.0;0.3;0.3;5.5;0.88;0.0;;0.0;3.6;;;;;;8.5;1301.4;;;;;;;;;;;;;;
20/11/2020 01:25:52;20/11/2020;01:25:52;1.565874730021598;45;1027.0;0.5;0.3;5.5;0.88;0.0;;1.565874730021598;3.6;;;;;;8.5;1301.4;;;;;;;;;;;;;;
20/11/2020 01:27:50;20/11/2020;01:27:50;1.565874730021598;67.5;1027.0;0.5;0.5;5.6;0.88;0.0;;1.565874730021598;3.7;;;;;;8.7;1301.6;;;;;;;;;;;;;;
20/11/2020 01:29:48;20/11/2020;01:29:48;0.0;90;1027.0;0.5;0.5;5.7;0.88;0.0;;0.0;3.8;;;;;;8.7;1301.6;;;;;;;;;;;;;;
20/11/2020 01:31:43;20/11/2020;01:31:43;1.3498920086393087;202.5;1027.0;0.5;0.5;5.7;0.88;0.0;;1.3498920086393087;3.8;;;;;;8.7;1301.6;;;;;;;;;;;;;;
20/11/2020 01:33:46;20/11/2020;01:33:46;0.0;202.5;1027.0;0.5;0.5;5.7;0.89;0.0;;0.0;4.0;;;;;;8.7;1301.6;;;;;;;;;;;;;;
20/11/2020 01:35:38;20/11/2020;01:35:38;0.0;202.5;1028.0;0.8;0.5;5.8;0.89;0.0;;0.0;4.1;;;;;;4.2;359.7;;;;;;;;;;;;;;
20/11/2020 01:37:40;20/11/2020;01:37:40;0.0;45;1028.0;0.8;0.8;5.8;0.89;0.0;;0.0;4.1;;;;;;9.0;1301.9;;;;;;;;;;;;;;
20/11/2020 01:39:37;20/11/2020;01:39:37;0.2159827213822894;90;1028.0;0.8;0.8;5.8;0.89;0.0;;0.2159827213822894;4.1;;;;;;9.0;1301.9;;;;;;;;;;;;;;
20/11/2020 01:41:31;20/11/2020;01:41:31;0.9719222462203023;67.5;1028.0;1.0;1.0;5.8;0.89;0.0;;0.9719222462203023;4.1;;;;;;9.2;1302.1;;;;;;;;;;;;;;
20/11/2020 01:43:26;20/11/2020;01:43:26;0.0;67.5;1028.0;1.0;1.0;5.8;0.89;0.0;;0.0;4.1;;;;;;9.2;1302.1;;;;;;;;;;;;;;
20/11/2020 01:45:21;20/11/2020;01:45:21;0.0;45;1028.0;1.3;1.0;5.8;0.9;0.0;;0.0;4.3;;;;;;9.2;1302.1;;;;;;;;;;;;;;
20/11/2020 01:47:17;20/11/2020;01:47:17;0.0;112.5;1028.0;1.3;1.3;5.8;0.9;0.0;;0.0;4.3;;;;;;9.5;1302.4;;;;;;;;;;;;;;
20/11/2020 01:49:13;20/11/2020;01:49:13;0.0;45;1028.0;1.3;1.3;5.8;0.9;0.0;;0.0;4.3;;;;;;9.5;1302.4;;;;;;;;;;;;;;
20/11/2020 01:51:09;20/11/2020;01:51:09;0.0;90;1028.0;1.3;1.3;5.8;0.9;0.0;;0.0;4.3;;;;;;9.5;1302.4;;;;;;;;;;;;;;
20/11/2020 01:53:05;20/11/2020;01:53:05;0.593952483801296;90;1028.0;1.3;1.3;5.8;0.9;0.0;;0.593952483801296;4.3;;;;;;9.5;1302.4;;;;;;;;;;;;;;
20/11/2020 01:55:00;20/11/2020;01:55:00;0.0;67.5;1028.0;1.3;1.3;5.8;0.9;0.0;;0.0;4.3;;;;;;9.5;1302.4;;;;;;;;;;;;;;
20/11/2020 01:56:52;20/11/2020;01:56:52;0.0;90;1028.0;1.5;1.5;5.8;0.9;0.0;;0.0;4.3;;;;;;4.9;369.7;;;;;;;;;;;;;;
20/11/2020 01:58:47;20/11/2020;01:58:47;0.0;90;1028.0;1.5;1.5;5.8;0.91;0.0;;0.0;4.4;;;;;;9.7;1302.6;;;;;;;;;;;;;;
20/11/2020 02:00:41;20/11/2020;02:00:41;0.0;67.5;1028.0;1.8;1.8;5.8;0.91;0.0;;0.0;4.4;;;;;;9.7;1302.6;;;;;;;;;;;;;;
20/11/2020 02:02:36;20/11/2020;02:02:36;0.0;67.5;1028.0;2.0;1.8;5.8;0.91;0.0;;0.0;4.4;;;;;;10.0;1302.9;;;;;;;;;;;;;;
20/11/2020 02:04:31;20/11/2020;02:04:31;0.0;112.5;1028.0;2.0;2.0;5.8;0.91;0.0;;0.0;4.4;;;;;;10.0;1302.9;;;;;;;;;;;;;;
20/11/2020 02:06:27;20/11/2020;02:06:27;0.0;90;1028.0;2.0;2.0;5.8;0.91;0.0;;0.0;4.4;;;;;;10.2;1303.1;;;;;;;;;;;;;;
20/11/2020 02:08:22;20/11/2020;02:08:22;0.0;90;1028.0;2.3;2.0;5.8;0.91;0.0;;0.0;4.4;;;;;;10.2;1303.1;;;;;;;;;;;;;;
20/11/2020 02:10:14;20/11/2020;02:10:14;0.0;135;1028.0;2.3;2.3;5.8;0.91;0.0;;0.0;4.4;;;;;;9.2;948.2;;;;;;;;;;;;;;
20/11/2020 02:12:09;20/11/2020;02:12:09;0.0;112.5;1028.0;2.5;2.5;5.8;0.91;0.0;;0.0;4.4;;;;;;10.7;1303.6;;;;;;;;;;;;;;
20/11/2020 02:14:09;20/11/2020;02:14:09;0.0;112.5;1028.0;2.8;2.3;5.8;0.91;0.0;;0.0;4.4;;;;;;10.7;1303.6;;;;;;;;;;;;;;
20/11/2020 02:16:06;20/11/2020;02:16:06;0.1079913606911447;112.5;1028.0;2.8;2.5;5.8;0.91;0.0;;0.2159827213822894;4.4;;;;;;10.7;1303.6;;;;;;;;;;;;;;
20/11/2020 02:18:01;20/11/2020;02:18:01;0.0;135;1028.0;3.0;2.8;5.8;0.91;0.0;;0.0;4.4;;;;;;11.0;1303.9;;;;;;;;;;;;;;
20/11/2020 02:19:56;20/11/2020;02:19:56;0.0;202.5;1028.0;3.0;2.8;5.8;0.91;0.0;;0.0;4.4;;;;;;11.0;1303.9;;;;;;;;;;;;;;
20/11/2020 02:21:55;20/11/2020;02:21:55;0.0;135;1028.0;3.3;3.0;5.8;0.91;0.0;;0.0;4.4;;;;;;11.5;1304.4;;;;;;;;;;;;;;
20/11/2020 02:23:47;20/11/2020;02:23:47;0.0;135;1028.0;3.6;3.3;5.8;0.91;0.0;;0.0;4.4;;;;;;2.9;188.1;;;;;;;;;;;;;;
20/11/2020 02:25:39;20/11/2020;02:25:39;0.0;112.5;1028.0;3.6;3.3;5.8;0.91;0.0;;0.0;4.4;;;;;;2.3;150.0;;;;;;;;;;;;;;
20/11/2020 02:27:34;20/11/2020;02:27:34;0.0;45;1028.0;3.8;3.1;5.8;0.91;0.0;;0.0;4.4;;;;;;11.8;1304.7;;;;;;;;;;;;;;
20/11/2020 02:29:29;20/11/2020;02:29:29;0.0;45;1028.0;3.8;3.3;5.8;0.92;0.0;;0.0;4.6;;;;;;11.8;1304.7;;;;;;;;;;;;;;
20/11/2020 02:31:26;20/11/2020;02:31:26;0.0;45;1028.0;3.8;3.3;5.8;0.92;0.0;;0.0;4.6;;;;;;12.0;1304.9;;;;;;;;;;;;;;
20/11/2020 02:33:22;20/11/2020;02:33:22;0.0;45;1028.0;4.1;3.5;5.9;0.92;0.0;;0.0;4.7;;;;;;12.0;1304.9;;;;;;;;;;;;;;
20/11/2020 02:35:18;20/11/2020;02:35:18;0.0;45;1029.0;4.1;3.6;5.9;0.92;0.0;;0.0;4.7;;;;;;12.0;1304.9;;;;;;;;;;;;;;
20/11/2020 02:37:13;20/11/2020;02:37:13;0.0;45;1029.0;4.1;3.3;5.9;0.92;0.0;;0.0;4.7;;;;;;12.3;1305.2;;;;;;;;;;;;;;
20/11/2020 02:39:10;20/11/2020;02:39:10;0.0;45;1029.0;4.3;3.6;5.9;0.92;0.0;;0.0;4.7;;;;;;12.3;1305.2;;;;;;;;;;;;;;
20/11/2020 02:42:57;20/11/2020;02:42:57;0.0;45;1029.0;4.3;3.3;5.9;0.92;0.0;;0.0;4.7;;;;;;12.5;1305.4;;;;;;;;;;;;;;
20/11/2020 02:44:53;20/11/2020;02:44:53;0.0;45;1029.0;4.6;3.3;5.9;0.92;0.0;;0.0;4.7;;;;;;12.5;1305.4;;;;;;;;;;;;;;
20/11/2020 02:46:49;20/11/2020;02:46:49;0.0;45;1029.0;4.6;3.3;5.8;0.92;0.0;;0.0;4.6;;;;;;12.8;1305.7;;;;;;;;;;;;;;
20/11/2020 02:48:48;20/11/2020;02:48:48;0.0;45;1029.0;4.6;3.3;5.8;0.92;0.0;;0.0;4.6;;;;;;12.8;1305.7;;;;;;;;;;;;;;
20/11/2020 02:50:44;20/11/2020;02:50:44;0.0;45;1029.0;4.6;3.3;5.8;0.92;0.0;;0.0;4.6;;;;;;12.8;1305.7;;;;;;;;;;;;;;
20/11/2020 02:52:39;20/11/2020;02:52:39;0.1079913606911447;45;1029.0;4.8;3.3;5.8;0.92;0.0;;0.2159827213822894;4.6;;;;;;12.8;1305.7;;;;;;;;;;;;;;
20/11/2020 02:54:36;20/11/2020;02:54:36;0.3779697624190064;45;1029.0;4.8;3.6;5.8;0.92;0.0;;1.9438444924406046;4.6;;;;;;12.8;1305.7;;;;;;;;;;;;;;
20/11/2020 02:56:31;20/11/2020;02:56:31;0.0;45;1029.0;4.8;3.5;5.8;0.92;0.0;;0.0;4.6;;;;;;12.8;1305.7;;;;;;;;;;;;;;
20/11/2020 02:58:28;20/11/2020;02:58:28;0.0;45;1029.0;4.8;3.3;5.8;0.92;0.0;;0.0;4.6;;;;;;13.0;1305.9;;;;;;;;;;;;;;
20/11/2020 03:00:24;20/11/2020;03:00:24;0.0;45;1029.0;4.8;3.3;5.8;0.92;0.0;;0.0;4.6;;;;;;13.0;1305.9;;;;;;;;;;;;;;
20/11/2020 03:02:20;20/11/2020;03:02:20;0.0;45;1029.0;4.8;3.0;5.8;0.92;0.0;;0.0;4.6;;;;;;13.0;1305.9;;;;;;;;;;;;;;
20/11/2020 03:04:16;20/11/2020;03:04:16;0.0;45;1029.0;5.1;2.8;5.8;0.92;0.0;;0.0;4.6;;;;;;13.0;1305.9;;;;;;;;;;;;;;
20/11/2020 03:06:16;20/11/2020;03:06:16;0.0;45;1028.0;5.1;3.0;5.8;0.92;0.0;;0.0;4.6;;;;;;13.0;1305.9;;;;;;;;;;;;;;
20/11/2020 03:08:13;20/11/2020;03:08:13;0.0;45;1028.0;5.1;3.0;5.9;0.92;0.0;;0.0;4.7;;;;;;13.3;1306.2;;;;;;;;;;;;;;
20/11/2020 03:10:10;20/11/2020;03:10:10;0.0;45;1028.0;5.1;2.8;5.9;0.92;0.0;;0.0;4.7;;;;;;13.3;1306.2;;;;;;;;;;;;;;
20/11/2020 03:13:58;20/11/2020;03:13:58;0.0;45;1028.0;5.1;2.4;5.9;0.93;0.0;;0.0;4.8;;;;;;13.3;1306.2;;;;;;;;;;;;;;
20/11/2020 03:15:53;20/11/2020;03:15:53;0.0;112.5;1028.0;5.1;2.3;5.9;0.93;0.0;;0.0;4.8;;;;;;13.3;1306.2;;;;;;;;;;;;;;
20/11/2020 03:17:49;20/11/2020;03:17:49;0.0;112.5;1028.0;5.1;2.0;5.8;0.93;0.0;;0.0;4.7;;;;;;13.3;1306.2;;;;;;;;;;;;;;
20/11/2020 03:19:51;20/11/2020;03:19:51;0.0;112.5;1028.0;5.1;2.0;5.8;0.93;0.0;;0.0;4.7;;;;;;13.3;1306.2;;;;;;;;;;;;;;
20/11/2020 03:21:47;20/11/2020;03:21:47;0.0;45;1028.0;5.3;2.0;5.8;0.93;0.0;;0.0;4.7;;;;;;13.5;1306.4;;;;;;;;;;;;;;
20/11/2020 03:23:40;20/11/2020;03:23:40;0.0;45;1028.0;5.3;1.8;5.8;0.93;0.0;;0.0;4.7;;;;;;8.2;468.8;;;;;;;;;;;;;;
20/11/2020 03:25:32;20/11/2020;03:25:32;0.0;45;1028.0;5.3;1.8;5.8;0.93;0.0;;0.0;4.7;;;;;;2.7;145.4;;;;;;;;;;;;;;
20/11/2020 03:27:29;20/11/2020;03:27:29;0.0;45;1028.0;5.3;1.8;5.8;0.93;0.0;;0.0;4.7;;;;;;13.5;1306.4;;;;;;;;;;;;;;
20/11/2020 03:29:25;20/11/2020;03:29:25;0.0;135;1028.0;5.3;1.5;5.9;0.93;0.0;;0.0;4.8;;;;;;13.5;1306.4;;;;;;;;;;;;;;
20/11/2020 03:31:18;20/11/2020;03:31:18;0.0;112.5;1028.0;5.3;1.5;5.9;0.93;0.0;;0.0;4.8;;;;;;9.2;549.5;;;;;;;;;;;;;;
20/11/2020 03:33:14;20/11/2020;03:33:14;0.0;112.5;1028.0;5.3;1.3;5.9;0.93;0.0;;0.0;4.8;;;;;;13.5;1306.4;;;;;;;;;;;;;;
20/11/2020 03:35:10;20/11/2020;03:35:10;0.0;90;1028.0;5.6;1.3;5.9;0.93;0.0;;0.0;4.8;;;;;;13.5;1306.4;;;;;;;;;;;;;;
20/11/2020 03:37:07;20/11/2020;03:37:07;0.0;90;1028.0;5.6;1.5;5.9;0.93;0.0;;0.0;4.8;;;;;;13.8;1306.7;;;;;;;;;;;;;;
20/11/2020 03:39:03;20/11/2020;03:39:03;0.0;90;1028.0;5.6;1.3;5.9;0.93;0.0;;0.0;4.8;;;;;;13.8;1306.7;;;;;;;;;;;;;;
20/11/2020 03:41:01;20/11/2020;03:41:01;0.0;112.5;1028.0;5.6;1.3;5.9;0.93;0.0;;0.0;4.8;;;;;;13.8;1306.7;;;;;;;;;;;;;;
20/11/2020 03:42:59;20/11/2020;03:42:59;0.0;90;1028.0;5.6;1.3;5.9;0.93;0.0;;0.0;4.8;;;;;;13.8;1306.7;;;;;;;;;;;;;;
20/11/2020 03:44:54;20/11/2020;03:44:54;0.0;90;1028.0;5.6;1.3;5.9;0.93;0.0;;0.0;4.8;;;;;;13.8;1306.7;;;;;;;;;;;;;;
20/11/2020 03:46:58;20/11/2020;03:46:58;0.0;90;1028.0;5.6;1.0;6.0;0.93;0.0;;0.0;4.9;;;;;;13.8;1306.7;;;;;;;;;;;;;;
20/11/2020 03:48:54;20/11/2020;03:48:54;0.0;90;1028.0;5.6;1.0;6.0;0.93;0.0;;0.0;4.9;;;;;;13.8;1306.7;;;;;;;;;;;;;;
20/11/2020 03:50:50;20/11/2020;03:50:50;0.0;90;1028.0;5.6;1.0;6.0;0.93;0.0;;0.0;4.9;;;;;;13.8;1306.7;;;;;;;;;;;;;;
20/11/2020 03:52:42;20/11/2020;03:52:42;0.0;90;1028.0;5.8;1.3;6.0;0.93;0.0;;0.0;4.9;;;;;;5.0;245.3;;;;;;;;;;;;;;
20/11/2020 03:54:37;20/11/2020;03:54:37;0.0;135;1028.0;5.8;1.0;6.0;0.93;0.0;;0.0;4.9;;;;;;14.0;1306.9;;;;;;;;;;;;;;
20/11/2020 03:56:33;20/11/2020;03:56:33;0.0;135;1028.0;5.8;1.0;6.0;0.93;0.0;;0.0;4.9;;;;;;14.0;1306.9;;;;;;;;;;;;;;
20/11/2020 03:58:33;20/11/2020;03:58:33;0.0;112.5;1028.0;5.8;1.0;6.0;0.93;0.0;;0.0;4.9;;;;;;14.0;1306.9;;;;;;;;;;;;;;
20/11/2020 04:00:28;20/11/2020;04:00:28;0.0;112.5;1028.0;5.8;1.0;5.9;0.93;0.0;;0.0;4.8;;;;;;14.0;1306.9;;;;;;;;;;;;;;
20/11/2020 04:02:20;20/11/2020;04:02:20;0.0;90;1028.0;5.8;1.0;5.9;0.93;0.0;;0.0;4.8;;;;;;3.0;173.4;;;;;;;;;;;;;;
20/11/2020 04:04:20;20/11/2020;04:04:20;0.0;135;1028.0;5.8;0.9;6.0;0.93;0.0;;0.0;4.9;;;;;;14.0;1306.9;;;;;;;;;;;;;;
20/11/2020 04:06:19;20/11/2020;04:06:19;0.0;112.5;1028.0;5.8;0.8;6.0;0.93;0.0;;0.0;4.9;;;;;;14.0;1306.9;;;;;;;;;;;;;;
20/11/2020 04:08:15;20/11/2020;04:08:15;0.0;135;1028.0;5.8;0.8;6.0;0.93;0.0;;0.0;4.9;;;;;;14.0;1306.9;;;;;;;;;;;;;;
20/11/2020 04:10:11;20/11/2020;04:10:11;0.0;135;1028.0;5.8;0.8;6.0;0.93;0.0;;0.0;4.9;;;;;;14.0;1306.9;;;;;;;;;;;;;;
20/11/2020 04:12:07;20/11/2020;04:12:07;0.0;202.5;1028.0;5.8;0.8;6.0;0.93;0.0;;0.0;4.9;;;;;;14.0;1306.9;;;;;;;;;;;;;;
20/11/2020 04:14:01;20/11/2020;04:14:01;0.0;135;1028.0;5.8;0.8;6.0;0.93;0.0;;0.0;4.9;;;;;;14.0;1306.9;;;;;;;;;;;;;;
20/11/2020 04:15:55;20/11/2020;04:15:55;0.0;135;1028.0;5.8;0.8;6.0;0.93;0.0;;0.0;4.9;;;;;;12.0;892.2;;;;;;;;;;;;;;
20/11/2020 04:17:51;20/11/2020;04:17:51;0.0;90;1028.0;5.8;0.8;6.1;0.93;0.0;;0.0;5.0;;;;;;14.0;1306.9;;;;;;;;;;;;;;
20/11/2020 04:19:47;20/11/2020;04:19:47;0.0;90;1028.0;5.8;0.8;6.0;0.93;0.0;;0.0;4.9;;;;;;14.0;1306.9;;;;;;;;;;;;;;
20/11/2020 04:21:43;20/11/2020;04:21:43;0.0;45;1028.0;5.8;0.5;6.0;0.93;0.0;;0.0;4.9;;;;;;14.0;1306.9;;;;;;;;;;;;;;
20/11/2020 04:23:36;20/11/2020;04:23:36;0.0;45;1028.0;5.8;0.5;6.1;0.93;0.0;;0.0;5.0;;;;;;10.0;583.0;;;;;;;;;;;;;;
20/11/2020 04:25:35;20/11/2020;04:25:35;0.0;45;1028.0;5.8;0.5;6.1;0.93;0.0;;0.0;5.0;;;;;;14.0;1306.9;;;;;;;;;;;;;;
20/11/2020 04:27:31;20/11/2020;04:27:31;0.0;45;1028.0;5.8;0.5;6.1;0.93;0.0;;0.0;5.0;;;;;;14.0;1306.9;;;;;;;;;;;;;;
20/11/2020 04:29:27;20/11/2020;04:29:27;0.0;45;1028.0;6.1;0.8;6.1;0.93;0.0;;0.0;5.0;;;;;;14.0;1306.9;;;;;;;;;;;;;;
20/11/2020 04:31:22;20/11/2020;04:31:22;0.0;45;1028.0;6.1;0.8;6.1;0.93;0.0;;0.0;5.0;;;;;;14.0;1306.9;;;;;;;;;;;;;;
20/11/2020 04:33:18;20/11/2020;04:33:18;0.0;45;1028.0;6.1;0.8;6.0;0.93;0.0;;0.0;4.9;;;;;;14.3;1307.2;;;;;;;;;;;;;;
20/11/2020 04:35:10;20/11/2020;04:35:10;0.0;67.5;1027.0;6.1;0.7;6.0;0.93;0.0;;0.0;4.9;;;;;;5.5;283.9;;;;;;;;;;;;;;
20/11/2020 04:37:03;20/11/2020;04:37:03;0.0;67.5;1027.0;6.1;0.5;6.0;0.93;0.0;;0.0;4.9;;;;;;6.0;309.4;;;;;;;;;;;;;;
20/11/2020 04:39:00;20/11/2020;04:39:00;0.0;45;1027.0;6.1;0.5;6.0;0.93;0.0;;0.0;4.9;;;;;;14.3;1307.2;;;;;;;;;;;;;;
20/11/2020 04:40:56;20/11/2020;04:40:56;0.0;45;1027.0;6.1;0.5;6.0;0.93;0.0;;0.0;4.9;;;;;;14.3;1307.2;;;;;;;;;;;;;;
20/11/2020 04:42:51;20/11/2020;04:42:51;0.0;45;1027.0;6.1;0.5;6.0;0.93;0.0;;0.0;4.9;;;;;;14.3;1307.2;;;;;;;;;;;;;;
20/11/2020 04:44:47;20/11/2020;04:44:47;0.0;45;1027.0;6.1;0.5;6.0;0.93;0.0;;0.0;4.9;;;;;;14.3;1307.2;;;;;;;;;;;;;;
20/11/2020 04:47:14;20/11/2020;04:47:14;0.0;45;1027.0;6.1;0.5;6.0;0.93;0.0;;0.0;4.9;;;;;;14.3;1307.2;;;;;;;;;;;;;;
20/11/2020 04:49:12;20/11/2020;04:49:12;0.0;45;1027.5;6.1;0.5;6.0;0.93;0.0;;0.0;4.9;;;;;;14.3;1307.2;;;;;;;;;;;;;;
20/11/2020 04:51:13;20/11/2020;04:51:13;0.0;112.5;1028.0;6.1;0.4;6.0;0.93;0.0;;0.0;4.9;;;;;;14.3;1307.2;;;;;;;;;;;;;;
20/11/2020 04:53:09;20/11/2020;04:53:09;0.3779697624190064;112.5;1028.0;6.1;0.3;6.0;0.93;0.0;;0.593952483801296;4.9;;;;;;14.3;1307.2;;;;;;;;;;;;;;
20/11/2020 04:55:09;20/11/2020;04:55:09;0.0;112.5;1028.0;6.1;0.3;6.0;0.93;0.0;;0.0;4.9;;;;;;14.3;1307.2;;;;;;;;;;;;;;
20/11/2020 04:57:07;20/11/2020;04:57:07;0.0;112.5;1028.0;6.1;0.3;6.0;0.93;0.0;;0.0;4.9;;;;;;14.3;1307.2;;;;;;;;;;;;;;
20/11/2020 04:59:02;20/11/2020;04:59:02;0.0;112.5;1028.0;6.1;0.3;6.0;0.93;0.0;;0.0;4.9;;;;;;14.3;1307.2;;;;;;;;;;;;;;
20/11/2020 05:00:56;20/11/2020;05:00:56;0.0;112.5;1028.0;6.1;0.3;6.0;0.93;0.0;;0.0;4.9;;;;;;14.3;1307.2;;;;;;;;;;;;;;
20/11/2020 05:02:51;20/11/2020;05:02:51;0.0;112.5;1028.0;6.1;0.3;6.0;0.93;0.0;;0.0;4.9;;;;;;14.3;1307.2;;;;;;;;;;;;;;
20/11/2020 05:04:44;20/11/2020;05:04:44;0.0;112.5;1028.0;6.1;0.3;6.1;0.93;0.0;;0.0;5.0;;;;;;2.9;152.3;;;;;;;;;;;;;;
20/11/2020 05:06:39;20/11/2020;05:06:39;0.0;90;1028.0;6.1;0.3;6.1;0.93;0.0;;0.0;5.0;;;;;;14.3;1307.2;;;;;;;;;;;;;;
20/11/2020 05:08:32;20/11/2020;05:08:32;0.0;67.5;1028.0;6.1;0.3;6.1;0.93;0.0;;0.0;5.0;;;;;;7.2;371.9;;;;;;;;;;;;;;
20/11/2020 05:10:24;20/11/2020;05:10:24;0.0;45;1028.0;6.1;0.3;6.1;0.93;0.0;;0.0;5.0;;;;;;4.7;244.0;;;;;;;;;;;;;;
20/11/2020 05:12:16;20/11/2020;05:12:16;0.0;45;1028.0;6.1;0.3;6.1;0.93;0.0;;0.0;5.0;;;;;;3.4;177.8;;;;;;;;;;;;;;
20/11/2020 05:14:12;20/11/2020;05:14:12;0.0;67.5;1028.0;6.1;0.3;6.0;0.93;0.0;;0.0;4.9;;;;;;14.3;1307.2;;;;;;;;;;;;;;
20/11/2020 05:16:13;20/11/2020;05:16:13;0.0;45;1028.0;6.1;0.3;6.1;0.93;0.0;;0.0;5.0;;;;;;14.3;1307.2;;;;;;;;;;;;;;
20/11/2020 05:18:10;20/11/2020;05:18:10;0.593952483801296;67.5;1028.0;6.1;0.3;6.0;0.93;0.0;;0.593952483801296;4.9;;;;;;14.3;1307.2;;;;;;;;;;;;;;
20/11/2020 05:20:02;20/11/2020;05:20:02;0.05399568034557235;0;1028.0;6.1;0.3;6.0;0.93;0.0;;0.2159827213822894;4.9;;;;;;7.8;407.1;;;;;;;;;;;;;;
20/11/2020 05:21:57;20/11/2020;05:21:57;0.0;67.5;1028.0;6.1;0.3;6.0;0.93;0.0;;0.0;4.9;;;;;;14.3;1307.2;;;;;;;;;;;;;;
20/11/2020 05:23:49;20/11/2020;05:23:49;0.0;112.5;1028.0;6.1;0.3;6.0;0.93;0.0;;0.0;4.9;;;;;;6.5;338.0;;;;;;;;;;;;;;
20/11/2020 05:25:49;20/11/2020;05:25:49;0.0;135;1028.0;6.1;0.3;6.0;0.93;0.0;;0.0;4.9;;;;;;14.3;1307.2;;;;;;;;;;;;;;
20/11/2020 05:27:45;20/11/2020;05:27:45;0.0;112.5;1028.0;6.1;0.3;6.0;0.93;0.0;;0.0;4.9;;;;;;14.3;1307.2;;;;;;;;;;;;;;
20/11/2020 05:29:40;20/11/2020;05:29:40;0.0;90;1028.0;6.1;0.0;6.0;0.93;0.0;;0.0;4.9;;;;;;14.3;1307.2;;;;;;;;;;;;;;
20/11/2020 05:31:36;20/11/2020;05:31:36;0.0;0;1028.0;6.1;0.0;6.1;0.92;0.0;;0.0;4.9;;;;;;14.3;1307.2;;;;;;;;;;;;;;
20/11/2020 05:33:32;20/11/2020;05:33:32;0.0;0;1028.0;6.1;0.0;6.1;0.91;0.0;;0.0;4.7;;;;;;14.3;1307.2;;;;;;;;;;;;;;
20/11/2020 05:35:24;20/11/2020;05:35:24;0.0;135;1028.0;6.1;0.0;6.2;0.91;0.0;;0.0;4.8;;;;;;5.6;289.9;;;;;;;;;;;;;;
20/11/2020 05:37:18;20/11/2020;05:37:18;0.0;202.5;1028.0;6.1;0.0;6.2;0.9;0.0;;0.0;4.7;;;;;;13.0;952.9;;;;;;;;;;;;;;
20/11/2020 05:39:15;20/11/2020;05:39:15;0.0;90;1028.0;6.1;0.0;6.2;0.9;0.0;;0.0;4.7;;;;;;14.3;1307.2;;;;;;;;;;;;;;
20/11/2020 05:41:11;20/11/2020;05:41:11;0.0;135;1028.0;6.1;0.0;6.2;0.9;0.0;;0.0;4.7;;;;;;14.3;1307.2;;;;;;;;;;;;;;
20/11/2020 05:43:11;20/11/2020;05:43:11;0.0;112.5;1028.0;6.1;0.0;6.3;0.9;0.0;;0.0;4.8;;;;;;14.3;1307.2;;;;;;;;;;;;;;
20/11/2020 05:45:03;20/11/2020;05:45:03;0.0;45;1028.0;6.1;0.0;6.3;0.9;0.0;;0.0;4.8;;;;;;7.1;367.5;;;;;;;;;;;;;;
20/11/2020 05:46:59;20/11/2020;05:46:59;0.0;45;1028.0;6.1;0.0;6.2;0.9;0.0;;0.0;4.7;;;;;;14.3;1307.2;;;;;;;;;;;;;;
20/11/2020 05:48:55;20/11/2020;05:48:55;0.0;45;1028.0;6.1;0.0;6.2;0.9;0.0;;0.0;4.7;;;;;;14.3;1307.2;;;;;;;;;;;;;;
20/11/2020 05:50:54;20/11/2020;05:50:54;0.0;45;1028.0;6.1;0.0;6.3;0.9;0.0;;0.0;4.8;;;;;;14.3;1307.2;;;;;;;;;;;;;;
20/11/2020 05:52:49;20/11/2020;05:52:49;0.0;67.5;1028.0;6.1;0.0;6.2;0.9;0.0;;0.0;4.7;;;;;;14.3;1307.2;;;;;;;;;;;;;;
20/11/2020 05:54:41;20/11/2020;05:54:41;0.0;67.5;1028.0;6.1;0.0;6.2;0.9;0.0;;0.0;4.7;;;;;;2.9;148.8;;;;;;;;;;;;;;
20/11/2020 05:56:36;20/11/2020;05:56:36;0.0;67.5;1028.0;6.1;0.0;6.2;0.91;0.0;;0.0;4.8;;;;;;14.3;1307.2;;;;;;;;;;;;;;
20/11/2020 05:58:31;20/11/2020;05:58:31;0.0;45;1028.0;6.1;0.0;6.2;0.91;0.0;;0.0;4.8;;;;;;14.3;1307.2;;;;;;;;;;;;;;
20/11/2020 06:00:26;20/11/2020;06:00:26;0.7559395248380129;45;1028.0;6.1;0.0;6.2;0.91;0.0;;0.7559395248380129;4.8;;;;;;14.3;1307.2;;;;;;;;;;;;;;
20/11/2020 06:02:18;20/11/2020;06:02:18;0.26997840172786175;45;1028.0;6.1;0.0;6.2;0.91;0.0;;0.593952483801296;4.8;;;;;;4.7;243.3;;;;;;;;;;;;;;
20/11/2020 06:04:19;20/11/2020;06:04:19;0.0;45;1028.0;6.1;0.0;6.2;0.91;0.0;;0.0;4.8;;;;;;14.3;1307.2;;;;;;;;;;;;;;
20/11/2020 06:06:16;20/11/2020;06:06:16;0.0;45;1028.0;6.1;0.0;6.2;0.91;0.0;;0.0;4.8;;;;;;14.3;1307.2;;;;;;;;;;;;;;
20/11/2020 06:08:08;20/11/2020;06:08:08;0.0;45;1028.0;6.1;0.0;6.2;0.91;0.0;;0.0;4.8;;;;;;3.2;164.0;;;;;;;;;;;;;;
20/11/2020 06:10:00;20/11/2020;06:10:00;0.0;45;1028.0;6.1;0.0;6.2;0.91;0.0;;0.0;4.8;;;;;;5.3;275.7;;;;;;;;;;;;;;
20/11/2020 06:13:42;20/11/2020;06:13:42;0.0;45;1028.0;6.1;0.0;6.2;0.91;0.0;;0.0;4.8;;;;;;3.4;177.3;;;;;;;;;;;;;;
20/11/2020 06:15:33;20/11/2020;06:15:33;0.593952483801296;67.5;1028.0;6.1;0.0;6.2;0.9;0.0;;0.593952483801296;4.7;;;;;;2.8;144.5;;;;;;;;;;;;;;
20/11/2020 06:17:25;20/11/2020;06:17:25;1.3498920086393087;90;1028.0;6.1;0.0;6.2;0.9;0.0;;1.3498920086393087;4.7;;;;;;3.5;178.9;;;;;;;;;;;;;;
20/11/2020 06:19:23;20/11/2020;06:19:23;0.0;112.5;1028.0;6.1;0.0;6.2;0.89;0.0;;0.0;4.5;;;;;;14.3;1307.2;;;;;;;;;;;;;;
20/11/2020 06:21:30;20/11/2020;06:21:30;0.7559395248380129;180;1028.0;6.1;0.0;6.3;0.89;0.0;;1.565874730021598;4.6;;;;;;14.3;1307.2;;;;;;;;;;;;;;
20/11/2020 06:23:22;20/11/2020;06:23:22;0.0;90;1028.0;6.1;0.0;6.4;0.89;0.0;;0.0;4.7;;;;;;3.2;167.6;;;;;;;;;;;;;;
20/11/2020 06:25:18;20/11/2020;06:25:18;0.0;90;1028.0;6.1;0.0;6.4;0.89;0.0;;0.0;4.7;;;;;;14.3;1307.2;;;;;;;;;;;;;;
20/11/2020 06:27:11;20/11/2020;06:27:11;1.187904967602592;67.5;1028.0;6.1;0.0;6.5;0.89;0.0;;1.3498920086393087;4.8;;;;;;11.5;749.2;;;;;;;;;;;;;;
20/11/2020 06:29:09;20/11/2020;06:29:09;0.593952483801296;45;1028.0;6.1;0.0;6.5;0.89;0.0;;0.9719222462203023;4.8;;;;;;14.3;1307.2;;;;;;;;;;;;;;
20/11/2020 06:31:05;20/11/2020;06:31:05;0.0;45;1028.0;6.1;0.0;6.5;0.89;0.0;;0.0;4.8;;;;;;14.3;1307.2;;;;;;;;;;;;;;
20/11/2020 06:32:58;20/11/2020;06:32:58;0.0;45;1028.0;6.1;0.0;6.4;0.89;0.0;;0.0;4.7;;;;;;12.1;829.7;;;;;;;;;;;;;;
20/11/2020 06:34:53;20/11/2020;06:34:53;0.0;45;1028.0;6.1;0.0;6.4;0.89;0.0;;0.0;4.7;;;;;;14.3;1307.2;;;;;;;;;;;;;;
20/11/2020 06:36:49;20/11/2020;06:36:49;0.0;90;1028.0;6.1;0.0;6.4;0.89;0.0;;0.0;4.7;;;;;;14.3;1307.2;;;;;;;;;;;;;;
20/11/2020 06:38:41;20/11/2020;06:38:41;0.0;67.5;1028.0;6.1;0.0;6.4;0.89;0.0;;0.0;4.7;;;;;;2.9;147.4;;;;;;;;;;;;;;
20/11/2020 06:40:33;20/11/2020;06:40:33;0.0;67.5;1028.0;6.1;0.0;6.4;0.89;0.0;;0.0;4.7;;;;;;3.3;169.7;;;;;;;;;;;;;;
20/11/2020 06:42:27;20/11/2020;06:42:27;0.0;135;1028.0;6.1;0.0;6.4;0.9;0.0;;0.0;4.9;;;;;;12.2;839.1;;;;;;;;;;;;;;
20/11/2020 06:44:19;20/11/2020;06:44:19;0.0;157.5;1028.0;6.1;0.0;6.4;0.9;0.0;;0.0;4.9;;;;;;5.1;266.3;;;;;;;;;;;;;;
20/11/2020 06:46:12;20/11/2020;06:46:12;0.3239740820734341;202.5;1028.0;6.1;0.0;6.4;0.9;0.0;;0.9719222462203023;4.9;;;;;;5.2;266.3;;;;;;;;;;;;;;
20/11/2020 06:48:10;20/11/2020;06:48:10;0.0;157.5;1028.0;6.1;0.0;6.5;0.9;0.0;;0.0;5.0;;;;;;14.3;1307.2;;;;;;;;;;;;;;
20/11/2020 06:50:08;20/11/2020;06:50:08;0.0;45;1028.0;6.1;0.0;6.5;0.9;0.0;;0.0;5.0;;;;;;14.3;1307.2;;;;;;;;;;;;;;
20/11/2020 06:52:06;20/11/2020;06:52:06;0.1079913606911447;90;1028.0;6.1;0.0;6.5;0.9;0.0;;0.2159827213822894;5.0;;;;;;14.3;1307.2;;;;;;;;;;;;;;
20/11/2020 06:54:02;20/11/2020;06:54:02;0.7559395248380129;67.5;1028.0;6.1;0.0;6.5;0.9;0.0;;0.9719222462203023;5.0;;;;;;14.3;1307.2;;;;;;;;;;;;;;
20/11/2020 06:55:58;20/11/2020;06:55:58;0.9719222462203023;90;1028.0;6.1;0.0;6.4;0.9;0.0;;0.9719222462203023;4.9;;;;;;14.3;1307.2;;;;;;;;;;;;;;
20/11/2020 06:57:51;20/11/2020;06:57:51;0.0;67.5;1028.0;6.1;0.0;6.4;0.9;0.0;;0.0;4.9;;;;;;5.0;259.2;;;;;;;;;;;;;;
20/11/2020 06:59:47;20/11/2020;06:59:47;0.0;135;1028.0;6.1;0.0;6.4;0.9;0.0;;0.0;4.9;;;;;;14.3;1307.2;;;;;;;;;;;;;;
20/11/2020 07:01:46;20/11/2020;07:01:46;0.0;135;1028.0;6.1;0.0;6.4;0.9;0.0;;0.0;4.9;;;;;;14.3;1307.2;;;;;;;;;;;;;;
20/11/2020 07:03:41;20/11/2020;07:03:41;0.7559395248380129;202.5;1028.0;6.1;0.0;6.4;0.9;0.0;;1.565874730021598;4.9;;;;;;14.3;1307.2;;;;;;;;;;;;;;
20/11/2020 07:05:38;20/11/2020;07:05:38;0.0;90;1028.0;6.1;0.0;6.4;0.9;0.0;;0.0;4.9;;;;;;14.3;1307.2;;;;;;;;;;;;;;
20/11/2020 07:07:34;20/11/2020;07:07:34;0.7559395248380129;45;1028.0;6.1;0.0;6.4;0.9;0.0;;0.7559395248380129;4.9;;;;;;14.3;1307.2;;;;;;;;;;;;;;
20/11/2020 07:09:32;20/11/2020;07:09:32;0.0;90;1028.0;6.1;0.0;6.4;0.9;0.0;;0.0;4.9;;;;;;14.3;1307.2;;;;;;;;;;;;;;
20/11/2020 07:11:30;20/11/2020;07:11:30;0.0;67.5;1028.0;6.1;0.0;6.4;0.9;0.0;;0.0;4.9;;;;;;14.3;1307.2;;;;;;;;;;;;;;
20/11/2020 07:13:23;20/11/2020;07:13:23;0.0;45;1028.0;6.1;0.0;6.4;0.9;0.0;;0.0;4.9;;;;;;8.1;429.4;;;;;;;;;;;;;;
20/11/2020 07:15:15;20/11/2020;07:15:15;0.0;202.5;1028.0;6.1;0.0;6.4;0.9;0.0;;0.0;4.9;;;;;;4.6;237.2;;;;;;;;;;;;;;
20/11/2020 09:17:18;20/11/2020;09:17:18;0.05399568034557235;0;1028.0;6.1;0.0;6.4;0.9;0.0;;0.2159827213822894;4.9;;;;;;14.3;1307.2;;;;;;;;;;;;;;
20/11/2020 09:19:18;20/11/2020;09:19:18;2.0518358531317493;90;1029.0;6.1;0.0;6.5;0.91;0.0;;2.915766738660907;5.1;;;;;;14.3;1307.2;;;;;;;;;;;;;;
20/11/2020 09:21:10;20/11/2020;09:21:10;1.673866090712743;90;1029.0;6.1;0.0;6.5;0.91;0.0;;1.7278617710583153;5.1;;;;;;9.0;488.2;;;;;;;;;;;;;;
20/11/2020 09:23:05;20/11/2020;09:23:05;0.0;45;1029.0;6.1;0.0;6.5;0.91;0.0;;0.0;5.1;;;;;;9.4;516.7;;;;;;;;;;;;;;
20/11/2020 09:24:59;20/11/2020;09:24:59;0.0;45;1029.0;6.1;0.0;6.6;0.91;0.0;;0.0;5.2;;;;;;8.9;477.5;;;;;;;;;;;;;;
20/11/2020 09:26:56;20/11/2020;09:26:56;0.0;45;1029.0;6.1;0.0;6.6;0.9;0.0;;0.0;5.1;;;;;;14.3;1307.2;;;;;;;;;;;;;;
20/11/2020 09:28:49;20/11/2020;09:28:49;0.05399568034557235;67.5;1029.0;6.1;0.0;6.6;0.9;0.0;;0.2159827213822894;5.1;;;;;;14.1;1167.4;;;;;;;;;;;;;;
20/11/2020 09:30:46;20/11/2020;09:30:46;0.0;90;1029.0;6.1;0.0;6.7;0.9;0.0;;0.0;5.2;;;;;;14.3;1307.2;;;;;;;;;;;;;;
20/11/2020 09:32:39;20/11/2020;09:32:39;0.0;67.5;1029.0;6.1;0.0;6.7;0.9;0.0;;0.0;5.2;;;;;;12.8;926.2;;;;;;;;;;;;;;
20/11/2020 09:34:34;20/11/2020;09:34:34;0.0;67.5;1029.0;6.1;0.0;6.8;0.9;0.0;;0.0;5.3;;;;;;14.3;1255.5;;;;;;;;;;;;;;
20/11/2020 09:36:39;20/11/2020;09:36:39;0.0;90;1029.0;6.1;0.0;6.8;0.9;0.0;;0.0;5.3;;;;;;14.3;1307.2;;;;;;;;;;;;;;
20/11/2020 09:38:38;20/11/2020;09:38:38;1.3498920086393087;112.5;1029.0;6.1;0.0;6.8;0.89;0.0;;1.3498920086393087;5.1;;;;;;14.3;1301.7;;;;;;;;;;;;;;
20/11/2020 09:41:20;20/11/2020;09:41:20;0.0;90;1029.0;6.1;0.0;6.9;0.89;0.0;;0.0;5.2;;;;;;14.3;1307.2;;;;;;;;;;;;;;
20/11/2020 09:43:18;20/11/2020;09:43:18;0.0;202.5;1029.0;6.1;0.0;6.9;0.89;0.0;;0.0;5.2;;;;;;14.3;1307.2;;;;;;;;;;;;;;
20/11/2020 09:45:25;20/11/2020;09:45:25;0.0;0;1029.0;6.1;0.0;6.9;0.9;0.0;;0.0;5.4;;;;;;14.3;1307.2;;;;;;;;;;;;;;
20/11/2020 11:25:38;20/11/2020;11:25:38;0.0;112.5;1029.0;6.1;0.0;9.5;0.82;0.0;;0.0;6.5;;;;;;6.6;342.2;;;;;;;;;;;;;;
20/11/2020 11:27:57;20/11/2020;11:27:57;0.0;135;1029.0;6.1;0.0;9.4;0.82;0.0;;0.0;6.4;;;;;;14.3;1307.2;;;;;;;;;;;;;;
20/11/2020 11:31:29;20/11/2020;11:31:29;0.0;135;1029.0;6.1;0.0;9.5;0.82;0.0;;0.0;6.5;;;;;;14.3;1307.2;;;;;;;;;;;;;;
20/11/2020 11:33:28;20/11/2020;11:33:28;0.0;112.5;1029.0;6.1;0.0;9.7;0.81;0.5;;0.0;6.6;;;;;;14.3;1307.2;;;;;;;;;;;;;;
20/11/2020 11:35:25;20/11/2020;11:35:25;0.7559395248380129;112.5;1029.0;6.1;0.0;9.7;0.81;1.0;;0.7559395248380129;6.6;;;;;;14.3;1307.2;;;;;;;;;;;;;;
20/11/2020 11:37:19;20/11/2020;11:37:19;0.0;135;1029.0;6.1;0.0;9.8;0.8;1.0;;0.0;6.5;;;;;;8.5;448.5;;;;;;;;;;;;;;
20/11/2020 11:48:04;20/11/2020;11:48:04;0.7019438444924406;112.5;1029.0;6.1;0.0;10.7;0.78;0.0;;0.7559395248380129;7.0;;;;;;14.3;1307.2;;;;;;;;;;;;;;
20/11/2020 11:49:31;20/11/2020;11:49:31;0.0;135;1029.0;6.1;0.0;10.7;0.77;1.0;;0.0;6.8;;;;;;14.3;1307.2;;;;;;;;;;;;;;
20/11/2020 11:51:25;20/11/2020;11:51:25;0.0;112.5;1029.0;6.1;0.0;10.9;0.83;1.0;;0.0;8.1;;;;;;0.4;19.2;;;;;;;;;;;;;;
20/11/2020 11:53:18;20/11/2020;11:53:18;0.0;90;1029.0;6.1;0.0;11.0;0.85;1.0;;0.0;8.5;;;;;;14.3;1307.2;;;;;;;;;;;;;;
20/11/2020 11:55:12;20/11/2020;11:55:12;0.0;90;1029.0;6.1;0.0;11.2;0.72;1.0;;0.0;6.3;;;;;;8.5;451.5;;;;;;;;;;;;;;
20/11/2020 11:57:14;20/11/2020;11:57:14;0.0;180;1029.0;6.1;0.0;11.2;0.8;1.0;;0.0;7.8;;;;;;14.3;1307.2;;;;;;;;;;;;;;
20/11/2020 11:59:07;20/11/2020;11:59:07;0.0;202.5;1029.0;6.1;0.0;11.3;0.78;1.0;;0.0;7.6;;;;;;7.5;391.1;;;;;;;;;;;;;;
20/11/2020 12:25:04;20/11/2020;12:25:04;0.0;45;1029.0;6.1;0.0;12.3;0.76;1.0;;0.0;8.1;;;;;;14.3;1307.2;;;;;;;;;;;;;;
20/11/2020 12:26:58;20/11/2020;12:26:58;0.0;67.5;1029.0;6.1;0.0;12.5;0.67;0.0;;0.0;6.5;;;;;;14.1;1161.7;;;;;;;;;;;;;;
20/11/2020 12:28:50;20/11/2020;12:28:50;0.0;67.5;1029.0;6.1;0.0;12.5;0.66;0.5;;0.0;6.3;;;;;;4.4;229.3;;;;;;;;;;;;;;
20/11/2020 12:30:41;20/11/2020;12:30:41;0.0;90;1029.0;6.1;0.0;12.6;0.8;0.5;;0.0;9.2;;;;;;3.6;187.9;;;;;;;;;;;;;;
20/11/2020 12:32:33;20/11/2020;12:32:33;0.3779697624190064;202.5;1029.0;6.1;0.0;12.7;0.71;0.0;;0.7559395248380129;7.5;;;;;;9.8;559.2;;;;;;;;;;;;;;
20/11/2020 12:34:25;20/11/2020;12:34:25;0.7019438444924406;180;1028.0;6.1;0.0;12.7;0.74;0.0;;1.565874730021598;8.1;;;;;;3.6;186.8;;;;;;;;;;;;;;
20/11/2020 12:36:39;20/11/2020;12:36:39;0.0;202.5;1028.0;6.1;0.0;12.8;0.66;0.0;;0.0;6.5;;;;;;14.3;1307.2;;;;;;;;;;;;;;
20/11/2020 12:38:41;20/11/2020;12:38:41;0.0;202.5;1028.0;6.1;0.0;12.8;0.67;0.0;;0.0;6.8;;;;;;14.3;1307.2;;;;;;;;;;;;;;
20/11/2020 12:40:34;20/11/2020;12:40:34;0.0;157.5;1028.0;6.1;0.0;12.9;0.65;0.0;;0.0;6.4;;;;;;6.6;343.9;;;;;;;;;;;;;;
20/11/2020 12:42:31;20/11/2020;12:42:31;0.0;112.5;1028.0;6.1;0.0;12.9;0.63;0.0;;0.0;6.0;;;;;;14.3;1307.2;;;;;;;;;;;;;;
20/11/2020 12:44:25;20/11/2020;12:44:25;0.26997840172786175;202.5;1028.0;6.1;0.0;12.9;0.66;0.0;;0.593952483801296;6.6;;;;;;14.2;1219.8;;;;;;;;;;;;;;
20/11/2020 12:46:21;20/11/2020;12:46:21;0.0;202.5;1028.0;6.1;0.0;12.9;0.69;0.0;;0.0;7.3;;;;;;14.3;1307.2;;;;;;;;;;;;;;
20/11/2020 12:48:14;20/11/2020;12:48:14;0.593952483801296;112.5;1028.0;6.1;0.0;12.8;0.62;0.0;;0.593952483801296;5.6;;;;;;9.3;515.6;;;;;;;;;;;;;;
20/11/2020 12:50:06;20/11/2020;12:50:06;0.0;157.5;1028.0;6.1;0.0;12.8;0.64;0.0;;0.0;6.1;;;;;;3.2;162.9;;;;;;;;;;;;;;
20/11/2020 12:52:01;20/11/2020;12:52:01;0.0;180;1028.0;6.1;0.0;12.7;0.69;0.0;;0.0;7.1;;;;;;14.3;1307.2;;;;;;;;;;;;;;
20/11/2020 12:53:54;20/11/2020;12:53:54;0.2159827213822894;90;1028.0;6.1;0.0;12.7;0.63;0.0;;0.2159827213822894;5.8;;;;;;7.1;367.5;;;;;;;;;;;;;;
20/11/2020 12:55:48;20/11/2020;12:55:48;0.0;202.5;1028.0;6.1;0.0;12.7;0.64;0.0;;0.0;6.0;;;;;;14.3;1246.3;;;;;;;;;;;;;;
20/11/2020 12:57:51;20/11/2020;12:57:51;0.0;202.5;1028.0;6.1;0.0;12.6;0.67;0.0;;0.0;6.6;;;;;;14.3;1307.2;;;;;;;;;;;;;;
20/11/2020 12:59:43;20/11/2020;12:59:43;0.0;202.5;1028.0;6.1;0.0;12.7;0.69;0.0;;0.0;7.1;;;;;;11.0;681.9;;;;;;;;;;;;;;
20/11/2020 13:01:45;20/11/2020;13:01:45;0.0;202.5;1028.0;6.1;0.0;12.8;0.66;0.0;;0.0;6.5;;;;;;14.3;1307.2;;;;;;;;;;;;;;
20/11/2020 13:03:36;20/11/2020;13:03:36;0.0;180;1028.0;6.1;0.0;12.9;0.68;0.0;;0.0;7.1;;;;;;3.7;193.1;;;;;;;;;;;;;;
20/11/2020 13:05:32;20/11/2020;13:05:32;0.7019438444924406;202.5;1028.0;6.1;0.0;12.9;0.64;0.0;;0.7559395248380129;6.2;;;;;;14.3;1307.2;;;;;;;;;;;;;;
20/11/2020 13:07:23;20/11/2020;13:07:23;0.0;202.5;1028.0;6.1;0.0;13.0;0.73;0.0;;0.0;8.2;;;;;;9.8;555.7;;;;;;;;;;;;;;
20/11/2020 13:09:23;20/11/2020;13:09:23;0.0;135;1028.0;6.1;0.0;13.0;0.64;0.0;;0.0;6.3;;;;;;14.3;1307.2;;;;;;;;;;;;;;
20/11/2020 13:11:20;20/11/2020;13:11:20;0.6479481641468682;45;1028.0;6.1;0.0;13.0;0.62;0.0;;0.9719222462203023;5.8;;;;;;14.3;1307.2;;;;;;;;;;;;;;
20/11/2020 13:13:16;20/11/2020;13:13:16;0.0;45;1028.0;6.1;0.0;12.9;0.62;0.0;;0.0;5.7;;;;;;14.3;1307.2;;;;;;;;;;;;;;
20/11/2020 13:15:13;20/11/2020;13:15:13;0.0;67.5;1028.0;6.1;0.0;12.9;0.62;0.0;;0.0;5.7;;;;;;14.3;1307.2;;;;;;;;;;;;;;
20/11/2020 13:17:09;20/11/2020;13:17:09;0.0;90;1028.0;6.1;0.0;12.8;0.68;0.0;;0.0;7.0;;;;;;14.3;1307.2;;;;;;;;;;;;;;
20/11/2020 13:19:11;20/11/2020;13:19:11;0.0;180;1028.0;6.1;0.0;12.7;0.68;0.0;;0.0;6.9;;;;;;14.3;1307.2;;;;;;;;;;;;;;
20/11/2020 13:21:02;20/11/2020;13:21:02;0.0;202.5;1028.0;6.1;0.0;12.7;0.68;0.0;;0.0;6.9;;;;;;4.2;219.1;;;;;;;;;;;;;;
20/11/2020 13:22:57;20/11/2020;13:22:57;0.0;180;1028.0;6.1;0.0;12.7;0.63;0.0;;0.0;5.8;;;;;;14.3;1307.2;;;;;;;;;;;;;;
20/11/2020 13:24:54;20/11/2020;13:24:54;0.0;135;1028.0;6.1;0.0;12.8;0.63;0.0;;0.0;5.9;;;;;;14.3;1307.2;;;;;;;;;;;;;;
20/11/2020 13:26:47;20/11/2020;13:26:47;0.593952483801296;202.5;1028.0;6.1;0.0;12.9;0.66;0.0;;0.593952483801296;6.6;;;;;;6.4;331.3;;;;;;;;;;;;;;
20/11/2020 13:28:42;20/11/2020;13:28:42;0.0;202.5;1028.0;6.1;0.0;13.1;0.68;0.0;;0.0;7.3;;;;;;14.3;1307.2;;;;;;;;;;;;;;
20/11/2020 13:30:43;20/11/2020;13:30:43;0.0;202.5;1028.0;6.1;0.0;13.2;0.66;0.0;;0.0;6.9;;;;;;14.3;1307.2;;;;;;;;;;;;;;
20/11/2020 13:32:42;20/11/2020;13:32:42;0.0;202.5;1028.0;6.1;0.0;13.3;0.65;0.0;;0.0;6.8;;;;;;14.3;1307.2;;;;;;;;;;;;;;
20/11/2020 13:34:37;20/11/2020;13:34:37;0.2159827213822894;202.5;1028.0;6.1;0.0;13.5;0.61;0.0;;0.2159827213822894;6.1;;;;;;14.3;1307.2;;;;;;;;;;;;;;
20/11/2020 13:36:30;20/11/2020;13:36:30;0.0;202.5;1028.0;6.1;0.0;13.6;0.61;0.0;;0.0;6.2;;;;;;3.7;193.7;;;;;;;;;;;;;;
20/11/2020 13:38:26;20/11/2020;13:38:26;0.0;180;1028.0;6.1;0.0;13.7;0.59;0.0;;0.0;5.8;;;;;;14.3;1307.2;;;;;;;;;;;;;;
20/11/2020 13:40:18;20/11/2020;13:40:18;0.0;180;1028.0;6.1;0.0;13.8;0.61;0.0;;0.0;6.3;;;;;;7.4;384.6;;;;;;;;;;;;;;
20/11/2020 13:42:11;20/11/2020;13:42:11;1.565874730021598;202.5;1028.0;6.1;0.0;13.8;0.58;0.0;;1.7278617710583153;5.6;;;;;;13.5;1050.8;;;;;;;;;;;;;;
20/11/2020 13:45:59;20/11/2020;13:45:59;1.565874730021598;202.5;1028.0;6.1;0.0;13.8;0.59;0.0;;1.9438444924406046;5.9;;;;;;14.3;1307.2;;;;;;;;;;;;;;
20/11/2020 13:47:57;20/11/2020;13:47:57;0.0;202.5;1028.0;6.1;0.0;13.8;0.61;0.0;;0.0;6.3;;;;;;14.3;1307.2;;;;;;;;;;;;;;
20/11/2020 13:49:49;20/11/2020;13:49:49;0.2159827213822894;0;1028.0;6.1;0.0;13.8;0.59;0.0;;0.593952483801296;5.9;;;;;;4.9;252.2;;;;;;;;;;;;;;
20/11/2020 13:51:42;20/11/2020;13:51:42;0.48596112311015116;202.5;1028.0;6.1;0.0;13.8;0.58;0.0;;0.7559395248380129;5.6;;;;;;5.6;289.2;;;;;;;;;;;;;;
20/11/2020 13:53:37;20/11/2020;13:53:37;1.187904967602592;202.5;1028.0;6.1;0.0;13.8;0.57;0.0;;1.3498920086393087;5.4;;;;;;14.3;1307.2;;;;;;;;;;;;;;
20/11/2020 13:55:32;20/11/2020;13:55:32;0.3779697624190064;202.5;1028.0;6.1;0.0;13.9;0.57;0.0;;0.593952483801296;5.5;;;;;;14.3;1307.2;;;;;;;;;;;;;;
20/11/2020 13:57:31;20/11/2020;13:57:31;0.0;157.5;1028.0;6.1;0.0;13.9;0.56;0.0;;0.0;5.2;;;;;;14.3;1307.2;;;;;;;;;;;;;;
20/11/2020 13:59:23;20/11/2020;13:59:23;0.0;202.5;1028.0;6.1;0.0;14.0;0.55;0.0;;0.0;5.0;;;;;;7.1;370.1;;;;;;;;;;;;;;
20/11/2020 14:01:16;20/11/2020;14:01:16;1.4578833693304536;202.5;1028.0;6.1;0.0;14.0;0.54;0.0;;1.565874730021598;4.8;;;;;;8.4;443.4;;;;;;;;;;;;;;
20/11/2020 14:03:09;20/11/2020;14:03:09;0.7559395248380129;202.5;1028.0;6.1;0.0;14.1;0.56;0.0;;0.7559395248380129;5.4;;;;;;12.0;816.8;;;;;;;;;;;;;;
20/11/2020 14:05:05;20/11/2020;14:05:05;0.0;202.5;1028.0;6.1;0.0;14.2;0.59;0.0;;0.0;6.2;;;;;;14.3;1307.2;;;;;;;;;;;;;;
20/11/2020 14:07:01;20/11/2020;14:07:01;0.0;202.5;1028.0;6.1;0.0;14.3;0.55;0.0;;0.0;5.3;;;;;;14.3;1307.2;;;;;;;;;;;;;;
20/11/2020 14:08:54;20/11/2020;14:08:54;0.2159827213822894;202.5;1028.0;6.1;0.0;14.5;0.59;0.0;;0.2159827213822894;6.5;;;;;;10.9;674.3;;;;;;;;;;;;;;
20/11/2020 14:10:50;20/11/2020;14:10:50;0.2159827213822894;180;1028.0;6.1;0.0;14.6;0.56;0.0;;0.2159827213822894;5.9;;;;;;14.3;1307.2;;;;;;;;;;;;;;
20/11/2020 14:12:48;20/11/2020;14:12:48;0.0;202.5;1028.0;6.1;0.0;14.7;0.56;0.0;;0.0;5.9;;;;;;14.3;1307.2;;;;;;;;;;;;;;
20/11/2020 14:14:44;20/11/2020;14:14:44;0.0;90;1028.0;6.1;0.0;14.8;0.56;0.0;;0.0;6.0;;;;;;14.3;1307.2;;;;;;;;;;;;;;
20/11/2020 14:16:39;20/11/2020;14:16:39;0.0;90;1028.0;6.1;0.0;14.7;0.57;0.0;;0.0;6.2;;;;;;14.3;1307.2;;;;;;;;;;;;;;
20/11/2020 14:18:35;20/11/2020;14:18:35;0.0;112.5;1028.0;6.1;0.0;14.7;0.56;0.0;;0.0;5.9;;;;;;14.3;1307.2;;;;;;;;;;;;;;
20/11/2020 14:20:27;20/11/2020;14:20:27;0.0;90;1028.0;6.1;0.0;14.8;0.55;0.0;;0.0;5.8;;;;;;4.4;226.1;;;;;;;;;;;;;;
20/11/2020 14:22:21;20/11/2020;14:22:21;0.0;112.5;1028.0;6.1;0.0;14.9;0.56;0.0;;0.0;6.1;;;;;;11.2;709.4;;;;;;;;;;;;;;
20/11/2020 14:24:20;20/11/2020;14:24:20;0.7559395248380129;157.5;1028.0;6.1;0.0;14.8;0.57;0.0;;0.7559395248380129;6.3;;;;;;14.3;1307.2;;;;;;;;;;;;;;
20/11/2020 14:26:12;20/11/2020;14:26:12;0.0;157.5;1028.0;6.1;0.0;14.9;0.58;0.0;;0.0;6.6;;;;;;3.2;165.0;;;;;;;;;;;;;;
20/11/2020 14:28:06;20/11/2020;14:28:06;0.9719222462203023;202.5;1028.0;6.1;0.0;14.9;0.55;0.0;;0.9719222462203023;5.9;;;;;;6.8;352.5;;;;;;;;;;;;;;
20/11/2020 14:29:58;20/11/2020;14:29:58;0.0;202.5;1028.0;6.1;0.0;14.9;0.57;0.0;;0.0;6.4;;;;;;4.2;216.0;;;;;;;;;;;;;;
20/11/2020 14:31:50;20/11/2020;14:31:50;1.3498920086393087;202.5;1028.0;6.1;0.0;14.9;0.55;0.0;;1.3498920086393087;5.9;;;;;;3.7;192.5;;;;;;;;;;;;;;
20/11/2020 14:33:52;20/11/2020;14:33:52;1.4578833693304536;202.5;1028.0;6.1;0.0;15.1;0.53;0.0;;1.565874730021598;5.5;;;;;;14.3;1307.2;;;;;;;;;;;;;;
20/11/2020 14:35:44;20/11/2020;14:35:44;0.2159827213822894;180;1028.0;6.1;0.0;15.1;0.54;0.0;;0.2159827213822894;5.8;;;;;;5.4;277.9;;;;;;;;;;;;;;
20/11/2020 14:37:38;20/11/2020;14:37:38;0.2159827213822894;202.5;1028.0;6.1;0.0;15.2;0.54;0.0;;0.2159827213822894;5.9;;;;;;5.3;275.7;;;;;;;;;;;;;;
20/11/2020 14:39:31;20/11/2020;14:39:31;0.9719222462203023;202.5;1028.0;6.1;0.0;15.2;0.53;0.0;;0.9719222462203023;5.6;;;;;;5.9;307.8;;;;;;;;;;;;;;
20/11/2020 14:41:29;20/11/2020;14:41:29;0.593952483801296;202.5;1028.0;6.1;0.0;15.3;0.53;0.0;;0.593952483801296;5.7;;;;;;14.3;1307.2;;;;;;;;;;;;;;
20/11/2020 14:43:24;20/11/2020;14:43:24;0.8639308855291576;202.5;1028.0;6.1;0.0;15.2;0.53;0.0;;0.9719222462203023;5.6;;;;;;14.3;1307.2;;;;;;;;;;;;;;
20/11/2020 14:45:16;20/11/2020;14:45:16;0.1079913606911447;202.5;1028.0;6.1;0.0;15.3;0.54;0.0;;0.2159827213822894;6.0;;;;;;6.2;319.8;;;;;;;;;;;;;;
20/11/2020 14:47:09;20/11/2020;14:47:09;1.187904967602592;202.5;1028.0;6.1;0.0;15.4;0.53;0.0;;1.3498920086393087;5.8;;;;;;8.1;428.4;;;;;;;;;;;;;;
20/11/2020 14:49:10;20/11/2020;14:49:10;0.593952483801296;202.5;1028.0;6.1;0.0;15.4;0.52;0.0;;0.9719222462203023;5.5;;;;;;14.3;1307.2;;;;;;;;;;;;;;
20/11/2020 14:51:20;20/11/2020;14:51:20;1.241900647948164;202.5;1028.0;6.1;0.0;15.4;0.52;0.0;;1.565874730021598;5.5;;;;;;14.3;1307.2;;;;;;;;;;;;;;
20/11/2020 14:53:15;20/11/2020;14:53:15;0.3779697624190064;202.5;1028.0;6.1;0.0;15.4;0.53;0.0;;0.593952483801296;5.8;;;;;;14.3;1307.2;;;;;;;;;;;;;;
20/11/2020 14:55:12;20/11/2020;14:55:12;1.673866090712743;202.5;1028.0;6.1;0.0;15.4;0.52;0.0;;1.9438444924406046;5.5;;;;;;14.3;1307.2;;;;;;;;;;;;;;
20/11/2020 14:57:10;20/11/2020;14:57:10;0.0;0;1028.0;6.1;0.0;15.4;0.54;0.0;;0.0;6.1;;;;;;14.3;1307.2;;;;;;;;;;;;;;
20/11/2020 15:00:59;20/11/2020;15:00:59;0.1079913606911447;180;1028.0;6.1;0.0;15.2;0.54;0.0;;0.2159827213822894;5.9;;;;;;14.3;1307.2;;;;;;;;;;;;;;
20/11/2020 15:02:56;20/11/2020;15:02:56;1.0259179265658747;202.5;1028.0;6.1;0.0;15.2;0.53;0.0;;1.565874730021598;5.6;;;;;;14.3;1307.2;;;;;;;;;;;;;;
20/11/2020 15:04:50;20/11/2020;15:04:50;0.0;202.5;1028.0;6.1;0.0;15.1;0.54;0.0;;0.0;5.8;;;;;;14.2;1216.7;;;;;;;;;;;;;;
20/11/2020 15:06:53;20/11/2020;15:06:53;0.0;202.5;1028.0;6.1;0.0;15.0;0.54;0.0;;0.0;5.7;;;;;;14.3;1307.2;;;;;;;;;;;;;;
20/11/2020 15:08:48;20/11/2020;15:08:48;0.1079913606911447;202.5;1028.0;6.1;0.0;15.0;0.54;0.0;;0.2159827213822894;5.7;;;;;;10.8;656.2;;;;;;;;;;;;;;
20/11/2020 15:10:44;20/11/2020;15:10:44;0.0;202.5;1028.0;6.1;0.0;15.0;0.53;0.0;;0.0;5.4;;;;;;11.8;783.7;;;;;;;;;;;;;;
20/11/2020 15:12:50;20/11/2020;15:12:50;1.3498920086393087;180;1028.0;6.1;0.0;14.9;0.51;0.0;;1.565874730021598;4.8;;;;;;14.3;1307.2;;;;;;;;;;;;;;
20/11/2020 15:14:46;20/11/2020;15:14:46;0.0;202.5;1028.0;6.1;0.0;14.7;0.54;0.0;;0.0;5.4;;;;;;14.3;1307.2;;;;;;;;;;;;;;
20/11/2020 15:16:40;20/11/2020;15:16:40;0.0;202.5;1028.0;6.1;0.0;14.6;0.52;0.0;;0.0;4.8;;;;;;13.3;1011.1;;;;;;;;;;;;;;
20/11/2020 15:18:36;20/11/2020;15:18:36;1.565874730021598;157.5;1028.0;6.1;0.0;14.5;0.52;0.0;;1.7278617710583153;4.7;;;;;;14.2;1187.8;;;;;;;;;;;;;;
20/11/2020 15:20:31;20/11/2020;15:20:31;0.4319654427645788;202.5;1028.0;6.1;0.0;14.3;0.52;0.0;;0.7559395248380129;4.5;;;;;;14.3;1307.2;;;;;;;;;;;;;;
20/11/2020 15:22:30;20/11/2020;15:22:30;1.187904967602592;202.5;1028.0;6.1;0.0;14.1;0.51;0.0;;1.565874730021598;4.0;;;;;;14.3;1307.2;;;;;;;;;;;;;;
20/11/2020 15:24:28;20/11/2020;15:24:28;0.0;202.5;1028.0;6.1;0.0;14.1;0.5;0.0;;0.0;3.8;;;;;;14.3;1307.2;;;;;;;;;;;;;;
20/11/2020 15:26:22;20/11/2020;15:26:22;1.565874730021598;202.5;1028.0;6.1;0.0;14.1;0.5;0.0;;1.565874730021598;3.8;;;;;;14.1;1174.3;;;;;;;;;;;;;;
20/11/2020 15:28:34;20/11/2020;15:28:34;1.565874730021598;202.5;1028.0;6.1;0.0;14.1;0.5;0.0;;1.565874730021598;3.8;;;;;;14.3;1307.2;;;;;;;;;;;;;;
20/11/2020 15:30:32;20/11/2020;15:30:32;1.673866090712743;202.5;1028.0;6.1;0.0;14.1;0.51;0.0;;1.7278617710583153;4.0;;;;;;14.3;1306.4;;;;;;;;;;;;;;
20/11/2020 15:32:27;20/11/2020;15:32:27;0.5399568034557235;202.5;1028.0;6.1;0.0;14.1;0.5;0.0;;0.7559395248380129;3.8;;;;;;11.1;694.5;;;;;;;;;;;;;;
20/11/2020 15:34:17;20/11/2020;15:34:17;1.3498920086393087;202.5;1028.0;6.1;0.0;14.1;0.49;0.0;;2.159827213822894;3.5;;;;;;7.0;362.1;;;;;;;;;;;;;;
20/11/2020 15:45:10;20/11/2020;15:45:10;0.0;202.5;1028.0;6.1;0.0;13.8;0.53;0.0;;0.0;4.3;;;;;;14.3;1298.3;;;;;;;;;;;;;;
20/11/2020 15:49:24;20/11/2020;15:49:24;0.0;202.5;1028.0;6.1;0.0;13.8;0.53;0.0;;0.0;4.3;;;;;;14.3;1307.2;;;;;;;;;;;;;;
20/11/2020 15:52:24;20/11/2020;15:52:24;1.565874730021598;202.5;1028.0;6.1;0.0;13.7;0.52;0.0;;1.565874730021598;3.9;;;;;;14.3;1307.2;;;;;;;;;;;;;;
20/11/2020 16:08:25;20/11/2020;16:08:25;0.3779697624190064;135;1028.0;6.1;0.0;12.8;0.57;0.0;;0.593952483801296;4.4;;;;;;14.3;1307.2;;;;;;;;;;;;;;
20/11/2020 16:10:29;20/11/2020;16:10:29;0.1079913606911447;157.5;1028.0;6.1;0.0;12.5;0.57;0.0;;0.2159827213822894;4.1;;;;;;14.3;1307.2;;;;;;;;;;;;;;
20/11/2020 16:12:23;20/11/2020;16:12:23;0.0;157.5;1028.0;6.1;0.0;12.2;0.57;0.0;;0.0;3.9;;;;;;12.4;864.8;;;;;;;;;;;;;;
20/11/2020 16:14:21;20/11/2020;16:14:21;0.0;157.5;1028.0;6.1;0.0;12.0;0.57;0.0;;0.0;3.7;;;;;;14.3;1307.2;;;;;;;;;;;;;;
20/11/2020 16:16:16;20/11/2020;16:16:16;0.0;90;1028.0;6.1;0.0;11.8;0.59;0.0;;0.0;4.0;;;;;;14.3;1247.9;;;;;;;;;;;;;;
20/11/2020 16:18:11;20/11/2020;16:18:11;1.565874730021598;112.5;1028.0;6.1;0.0;11.7;0.6;0.0;;1.565874730021598;4.1;;;;;;11.5;748.0;;;;;;;;;;;;;;
20/11/2020 16:20:06;20/11/2020;16:20:06;1.7278617710583153;157.5;1029.0;6.1;0.0;11.6;0.61;0.0;;2.321814254859611;4.3;;;;;;13.7;1077.9;;;;;;;;;;;;;;
20/11/2020 16:22:27;20/11/2020;16:22:27;2.915766738660907;157.5;1029.0;6.1;0.0;11.3;0.62;0.0;;2.915766738660907;4.2;;;;;;14.3;1307.2;;;;;;;;;;;;;;
20/11/2020 16:24:25;20/11/2020;16:24:25;1.565874730021598;157.5;1029.0;6.1;0.0;11.1;0.64;0.0;;2.321814254859611;4.5;;;;;;13.1;964.1;;;;;;;;;;;;;;
20/11/2020 16:26:24;20/11/2020;16:26:24;1.3498920086393087;135;1029.0;6.1;0.0;10.9;0.64;0.0;;1.565874730021598;4.3;;;;;;11.8;782.6;;;;;;;;;;;;;;
20/11/2020 16:28:28;20/11/2020;16:28:28;0.0;0;1029.0;6.1;0.0;10.8;0.65;0.0;;0.0;4.4;;;;;;14.3;1307.2;;;;;;;;;;;;;;
20/11/2020 16:30:24;20/11/2020;16:30:24;0.0;135;1029.0;6.1;0.0;10.7;0.66;0.0;;0.0;4.5;;;;;;11.8;783.7;;;;;;;;;;;;;;
20/11/2020 16:32:19;20/11/2020;16:32:19;0.0;135;1029.0;6.1;0.0;10.5;0.66;0.0;;0.0;4.4;;;;;;14.3;1259.0;;;;;;;;;;;;;;
20/11/2020 16:34:17;20/11/2020;16:34:17;1.187904967602592;135;1029.0;6.1;0.0;10.4;0.66;0.0;;1.3498920086393087;4.3;;;;;;14.3;1306.7;;;;;;;;;;;;;;
20/11/2020 16:36:40;20/11/2020;16:36:40;0.0;112.5;1029.0;6.1;0.0;10.3;0.66;0.0;;0.0;4.2;;;;;;14.3;1307.2;;;;;;;;;;;;;;
20/11/2020 17:08:33;20/11/2020;17:08:33;0.0;90;1029.0;6.1;0.0;8.8;0.72;0.0;;0.0;4.0;;;;;;14.3;1307.2;;;;;;;;;;;;;;;
20/11/2020 17:15:56;20/11/2020;17:15:56;0.0;45;1029.0;6.1;0.0;8.3;0.77;0.0;;0.0;4.5;;;;;;14.3;1307.2;;;;;;;;;;;;;;;
