timestamp_string;timestamp_string_date;timestamp_string_time;wind_speed_knots;wind_direction_deg;barometric_pressure_ssl_hPa;rain_today_mm;rain_rate_mmh;temperature_cels;rel_humidity;uv_index;heat_index_cels;wind_gust_knots;dew_point_cels;wind_chill_cels;ground_temperature_cels;solar_irradiance_wpsm;rel_leaf_wetness;soil_moisture_cb;rain_this_month_mm;rain_this_year_mm;evapotranspiration_today_mm;evapotranspiration_this_month_mm;evapotranspiration_this_year_mm;perceived_temperature_cels;humidex_cels;wind_temperature_cels;current_weather;wet_bulb_temperature_cels;absolute_humidity_gm3;saturated_vapor_pressure_hPa;windrun_km;barometric_pressure_wsl_hPa;average_wind_speed_knots;storm_rain_mmm, rain_in_last_storm_event_mm;cloud_height_m;air_density_kgm3;rel_equilibrium_moisture_content;wind_force_beaufort_desc;moon_phase_desc;sunrise_timestamp;sunset_timestamp
03/02/2021 10:01:18;03/02/2021;10:01:18;0.0;202.5;1022.0;0.0;0.0;3.1;0.9;0.0;;0.0;1.6;;;;;;;;;;;1.4;1.4;;;8.4;5.39;7.6;0.02;981.7;;;;;;;;;;
03/02/2021 10:04:35;03/02/2021;10:04:35;0.0;202.5;1022.0;0.0;0.0;3.1;0.9;0.0;;0.0;1.6;;;;;;;;;;;1.4;1.4;;;8.4;5.39;7.6;0.02;981.7;;;;;;;;;;
03/02/2021 10:06:45;03/02/2021;10:06:45;0.0;202.5;1022.0;0.0;0.0;3.1;0.89;0.0;;0.0;1.4;;;;;;;;;;;1.3;1.3;;;8.4;5.33;7.6;0.02;981.7;;;;;;;;;;
03/02/2021 10:08:55;03/02/2021;10:08:55;0.0;202.5;1022.0;0.0;0.0;3.1;0.89;0.0;;0.0;1.4;;;;;;;;;;;1.3;1.3;;;8.4;5.33;7.6;0.02;981.7;;;;;;;;;;
03/02/2021 10:10:21;03/02/2021;10:10:21;0.0;202.5;1022.0;0.0;0.0;3.1;0.89;0.0;;0.0;1.4;;;;;;;;;;;1.3;1.3;;;8.4;5.33;7.6;0.02;981.7;;;;;;;;;;
03/02/2021 10:12:40;03/02/2021;10:12:40;0.0;157.5;1022.0;0.0;0.0;3.1;0.9;0.0;;0.0;1.6;;;;;;;;;;;1.4;1.4;;;8.4;5.39;7.6;0.1;981.7;;;;;;;;;;
03/02/2021 10:15:38;03/02/2021;10:15:38;0.0;180;1022.0;0.0;0.0;3.1;0.89;0.0;;0.0;1.4;;;;;;;;;;;1.3;1.3;;;8.4;5.33;7.6;0.1;981.7;;;;;;;;;;
03/02/2021 10:17:50;03/02/2021;10:17:50;0.0;202.5;1022.0;0.0;0.0;3.2;0.89;0.0;;0.0;1.5;;;;;;;;;;;1.5;1.4;;;8.4;5.37;7.7;0.1;981.8;;;;;;;;;;
03/02/2021 10:20:03;03/02/2021;10:20:03;0.0;112.5;1023.0;0.0;0.0;3.2;0.89;0.0;;0.0;1.5;;;;;;;;;;;1.5;1.4;;;8.4;5.37;7.7;0.1;982.7;;;;;;;;;;
03/02/2021 10:22:16;03/02/2021;10:22:16;0.0;112.5;1023.0;0.0;0.0;3.2;0.89;0.0;;0.0;1.5;;;;;;;;;;;1.5;1.4;;;8.4;5.37;7.7;0.1;982.7;;;;;;;;;;
03/02/2021 10:24:30;03/02/2021;10:24:30;0.0;112.5;1023.0;0.0;0.0;3.3;0.89;0.0;;0.0;1.6;;;;;;;;;;;1.6;1.6;;;8.5;5.4;7.7;0.1;982.7;;;;;;;;;;
03/02/2021 11:19:14;03/02/2021;11:19:14;0.0;67.5;1022.0;0.0;0.0;3.9;0.88;0.0;;0.0;2.1;;;;;;;;;;;2.2;2.3;;;8.9;5.56;8.1;0.1;981.9;;;;;;;;;;
03/02/2021 11:21:23;03/02/2021;11:21:23;0.0;67.5;1022.0;0.0;0.0;3.9;0.88;0.0;;0.0;2.1;;;;;;;;;;;2.2;2.3;;;8.9;5.56;8.1;0.1;981.9;;;;;;;;;;
03/02/2021 11:23:39;03/02/2021;11:23:39;0.0;67.5;1022.0;0.0;0.0;3.9;0.88;0.0;;0.0;2.1;;;;;;;;;;;2.2;2.3;;;8.9;5.56;8.1;0.1;981.9;;;;;;;;;;
03/02/2021 11:25:48;03/02/2021;11:25:48;0.0;67.5;1022.0;0.0;0.0;3.9;0.88;0.0;;0.0;2.1;;;;;;;;;;;2.2;2.3;;;8.9;5.56;8.1;0.1;981.9;;;;;;;;;;
03/02/2021 11:27:59;03/02/2021;11:27:59;0.0;45;1022.0;0.0;0.0;3.9;0.88;0.0;;0.0;2.1;;;;;;;;;;;2.2;2.3;;;8.9;5.56;8.1;0.1;981.9;;;;;;;;;;
03/02/2021 15:17:32;03/02/2021;15:17:32;0.0;45;1020.0;0.0;0.0;5.0;0.87;0.0;;0.0;3.0;;;;;;;;;;;3.5;3.7;;;9.8;5.91;8.7;0.4;980.1;;;;;;;;;;
03/02/2021 15:19:43;03/02/2021;15:19:43;0.0;45;1020.0;0.0;0.0;5.0;0.87;0.0;;0.0;3.0;;;;;;;;;;;3.5;3.7;;;9.8;5.91;8.7;0.4;980.1;;;;;;;;;;
03/02/2021 15:22:00;03/02/2021;15:22:00;0.0;45;1020.0;0.0;0.0;5.0;0.87;0.0;;0.0;3.0;;;;;;;;;;;3.5;3.7;;;9.8;5.91;8.7;0.4;980.1;;;;;;;;;;
03/02/2021 15:24:12;03/02/2021;15:24:12;0.0;45;1020.0;0.0;0.0;5.1;0.87;0.0;;0.0;3.1;;;;;;;;;;;3.6;3.8;;;9.8;5.95;8.8;0.4;980.1;;;;;;;;;;
03/02/2021 15:26:25;03/02/2021;15:26:25;0.0;45;1020.0;0.0;0.0;5.1;0.87;0.0;;0.0;3.1;;;;;;;;;;;3.6;3.8;;;9.8;5.95;8.8;0.4;980.1;;;;;;;;;;
03/02/2021 15:28:36;03/02/2021;15:28:36;0.0;45;1020.0;0.0;0.0;5.1;0.87;0.0;;0.0;3.1;;;;;;;;;;;3.6;3.8;;;9.8;5.95;8.8;0.4;980.1;;;;;;;;;;
03/02/2021 15:30:52;03/02/2021;15:30:52;0.0;45;1020.0;0.0;0.0;5.1;0.87;0.0;;0.0;3.1;;;;;;;;;;;3.6;3.8;;;9.8;5.95;8.8;0.4;980.1;;;;;;;;;;
03/02/2021 15:49:39;03/02/2021;15:49:39;0.0;67.5;1020.0;0.0;0.0;5.0;0.87;0.0;;0.0;3.0;;;;;;;;;;;3.5;3.7;;;9.8;5.91;8.7;0.4;980.1;;;;;;;;;;
03/02/2021 15:51:48;03/02/2021;15:51:48;0.0;45;1020.0;0.0;0.0;5.0;0.87;0.0;;0.0;3.0;;;;;;;;;;;3.5;3.7;;;9.8;5.91;8.7;0.4;980.1;;;;;;;;;;
03/02/2021 15:54:03;03/02/2021;15:54:03;0.0;45;1020.0;0.0;0.0;5.0;0.87;0.0;;0.0;3.0;;;;;;;;;;;3.5;3.7;;;9.8;5.91;8.7;0.4;980.1;;;;;;;;;;
03/02/2021 15:56:14;03/02/2021;15:56:14;0.0;67.5;1020.0;0.0;0.0;4.9;0.87;0.0;;0.0;2.9;;;;;;;;;;;3.4;3.5;;;9.7;5.87;8.7;0.4;980.1;;;;;;;;;;
03/02/2021 15:58:25;03/02/2021;15:58:25;0.0;67.5;1020.0;0.0;0.0;4.9;0.87;0.0;;0.0;2.9;;;;;;;;;;;3.4;3.5;;;9.7;5.87;8.7;0.4;980.1;;;;;;;;;;
03/02/2021 16:00:37;03/02/2021;16:00:37;0.0;67.5;1020.0;0.0;0.0;4.8;0.87;0.0;;0.0;2.8;;;;;;;;;;;3.3;3.4;;;9.6;5.83;8.6;0.4;980.1;;;;;;;;;;
03/02/2021 16:04:53;03/02/2021;16:04:53;0.0;45;1020.0;0.0;0.0;4.7;0.87;0.0;;0.0;2.7;;;;;;;;;;;3.1;3.3;;;9.5;5.8;8.5;0.4;980.0;;;;;;;;;;
03/02/2021 16:07:12;03/02/2021;16:07:12;0.0;45;1019.0;0.0;0.0;4.7;0.87;0.0;;0.0;2.7;;;;;;;;;;;3.1;3.3;;;9.5;5.8;8.5;0.4;979.1;;;;;;;;;;
03/02/2021 16:09:30;03/02/2021;16:09:30;0.0;67.5;1019.0;0.0;0.0;4.7;0.87;0.0;;0.0;2.7;;;;;;;;;;;3.1;3.3;;;9.5;5.8;8.5;0.4;979.1;;;;;;;;;;
03/02/2021 16:11:44;03/02/2021;16:11:44;0.0;45;1019.0;0.0;0.0;4.8;0.87;0.0;;0.0;2.8;;;;;;;;;;;3.3;3.4;;;9.6;5.83;8.6;0.4;979.1;;;;;;;;;;
03/02/2021 18:14:02;03/02/2021;18:14:02;0.0;45;1019.0;0.0;0.0;3.6;0.91;0.0;;0.0;2.2;;;;;;;;;;;2.0;2.0;;;8.8;5.63;7.9;0.4;978.9;;;;;;;;;;
03/02/2021 18:16:13;03/02/2021;18:16:13;0.0;45;1019.0;0.0;0.0;3.5;0.91;0.0;;0.0;2.2;;;;;;;;;;;1.9;1.9;;;8.7;5.6;7.9;0.4;978.9;;;;;;;;;;
03/02/2021 18:18:20;03/02/2021;18:18:20;0.0;45;1019.0;0.0;0.0;3.5;0.91;0.0;;0.0;2.2;;;;;;;;;;;1.9;1.9;;;8.7;5.6;7.9;0.4;978.9;;;;;;;;;;
03/02/2021 18:20:26;03/02/2021;18:20:26;0.0;45;1019.0;0.0;0.0;3.4;0.91;0.0;;0.0;2.1;;;;;;;;;;;1.7;1.8;;;8.7;5.56;7.8;0.4;978.9;;;;;;;;;;
03/02/2021 18:22:40;03/02/2021;18:22:40;0.0;45;1019.0;0.0;0.0;3.4;0.91;0.0;;0.0;2.1;;;;;;;;;;;1.7;1.8;;;8.7;5.56;7.8;0.4;978.9;;;;;;;;;;
03/02/2021 18:24:46;03/02/2021;18:24:46;0.0;45;1019.0;0.0;0.0;3.3;0.91;0.0;;0.0;2.0;;;;;;;;;;;1.6;1.7;;;8.6;5.52;7.7;0.4;978.9;;;;;;;;;;
03/02/2021 18:26:52;03/02/2021;18:26:52;0.0;45;1019.0;0.0;0.0;3.3;0.91;0.0;;0.0;2.0;;;;;;;;;;;1.6;1.7;;;8.6;5.52;7.7;0.4;978.9;;;;;;;;;;
03/02/2021 18:29:07;03/02/2021;18:29:07;0.0;45;1019.0;0.0;0.0;3.3;0.91;0.0;;0.0;2.0;;;;;;;;;;;1.6;1.7;;;8.6;5.52;7.7;0.4;978.9;;;;;;;;;;
03/02/2021 18:31:14;03/02/2021;18:31:14;0.0;45;1019.0;0.0;0.0;3.3;0.91;0.0;;0.0;2.0;;;;;;;;;;;1.6;1.7;;;8.6;5.52;7.7;0.4;978.9;;;;;;;;;;
03/02/2021 18:34:22;03/02/2021;18:34:22;0.0;45;1019.0;0.0;0.0;3.2;0.91;0.0;;0.0;1.9;;;;;;;;;;;1.5;1.5;;;8.5;5.49;7.7;0.4;978.9;;;;;;;;;;
03/02/2021 18:36:43;03/02/2021;18:36:43;0.0;45;1019.0;0.0;0.0;3.2;0.91;0.0;;0.0;1.9;;;;;;;;;;;1.5;1.5;;;8.5;5.49;7.7;0.4;978.9;;;;;;;;;;
03/02/2021 18:38:58;03/02/2021;18:38:58;0.0;45;1019.0;0.0;0.0;3.2;0.91;0.0;;0.0;1.9;;;;;;;;;;;1.5;1.5;;;8.5;5.49;7.7;0.4;978.9;;;;;;;;;;
03/02/2021 18:41:10;03/02/2021;18:41:10;0.0;45;1019.0;0.0;0.0;3.2;0.91;0.0;;0.0;1.9;;;;;;;;;;;1.5;1.5;;;8.5;5.49;7.7;0.4;978.9;;;;;;;;;;
03/02/2021 18:43:33;03/02/2021;18:43:33;0.0;45;1019.0;0.0;0.0;3.2;0.91;0.0;;0.0;1.9;;;;;;;;;;;1.5;1.5;;;8.5;5.49;7.7;0.4;978.9;;;;;;;;;;
03/02/2021 18:45:45;03/02/2021;18:45:45;0.0;45;1019.0;0.0;0.0;3.3;0.91;0.0;;0.0;2.0;;;;;;;;;;;1.6;1.7;;;8.6;5.52;7.7;0.4;978.9;;;;;;;;;;
03/02/2021 18:47:52;03/02/2021;18:47:52;0.0;45;1019.0;0.0;0.0;3.3;0.91;0.0;;0.0;2.0;;;;;;;;;;;1.6;1.7;;;8.6;5.52;7.7;0.4;978.9;;;;;;;;;;
03/02/2021 18:50:09;03/02/2021;18:50:09;0.0;45;1019.0;0.0;0.0;3.3;0.91;0.0;;0.0;2.0;;;;;;;;;;;1.6;1.7;;;8.6;5.52;7.7;0.4;978.9;;;;;;;;;;
03/02/2021 18:52:25;03/02/2021;18:52:25;0.0;45;1019.0;0.0;0.0;3.3;0.91;0.0;;0.0;2.0;;;;;;;;;;;1.6;1.7;;;8.6;5.52;7.7;0.4;978.9;;;;;;;;;;
03/02/2021 18:54:34;03/02/2021;18:54:34;0.0;45;1019.0;0.0;0.0;3.3;0.91;0.0;;0.0;2.0;;;;;;;;;;;1.6;1.7;;;8.6;5.52;7.7;0.4;978.9;;;;;;;;;;
03/02/2021 18:56:47;03/02/2021;18:56:47;0.0;45;1019.0;0.0;0.0;3.3;0.91;0.0;;0.0;2.0;;;;;;;;;;;1.6;1.7;;;8.6;5.52;7.7;0.4;978.9;;;;;;;;;;
03/02/2021 18:59:03;03/02/2021;18:59:03;0.0;45;1019.0;0.0;0.0;3.3;0.91;0.0;;0.0;2.0;;;;;;;;;;;1.6;1.7;;;8.6;5.52;7.7;0.4;978.9;;;;;;;;;;
03/02/2021 19:01:15;03/02/2021;19:01:15;0.0;67.5;1019.0;0.0;0.0;3.2;0.91;0.0;;0.0;1.9;;;;;;;;;;;1.5;1.5;;;8.5;5.49;7.7;0.4;978.9;;;;;;;;;;
03/02/2021 19:03:26;03/02/2021;19:03:26;0.0;45;1019.0;0.0;0.0;3.2;0.92;0.0;;0.0;2.0;;;;;;;;;;;1.5;1.6;;;8.5;5.55;7.7;0.4;978.9;;;;;;;;;;
03/02/2021 19:05:41;03/02/2021;19:05:41;0.0;45;1019.0;0.0;0.0;3.1;0.92;0.0;;0.0;1.9;;;;;;;;;;;1.4;1.4;;;8.5;5.51;7.6;0.4;978.9;;;;;;;;;;
03/02/2021 19:08:25;03/02/2021;19:08:25;0.0;45;1019.0;0.0;0.0;3.1;0.92;0.0;;0.0;1.9;;;;;;;;;;;1.4;1.4;;;8.5;5.51;7.6;0.4;978.9;;;;;;;;;;
03/02/2021 19:10:41;03/02/2021;19:10:41;0.0;45;1019.0;0.0;0.0;3.0;0.92;0.0;;0.0;1.8;;;;;;;;;;;1.3;1.3;;;8.4;5.47;7.6;0.4;978.8;;;;;;;;;;
03/02/2021 19:12:54;03/02/2021;19:12:54;0.0;45;1019.0;0.0;0.0;2.9;0.92;0.0;;0.0;1.7;;;;;;;;;;;1.2;1.2;;;8.3;5.44;7.5;0.4;978.8;;;;;;;;;;
03/02/2021 19:15:37;03/02/2021;19:15:37;0.0;45;1019.0;0.0;0.0;2.9;0.92;0.0;;0.0;1.7;;;;;;;;;;;1.2;1.2;;;8.3;5.44;7.5;0.4;978.8;;;;;;;;;;
03/02/2021 19:17:48;03/02/2021;19:17:48;0.0;45;1019.0;0.0;0.0;2.8;0.92;0.0;;0.0;1.6;;;;;;;;;;;1.1;1.1;;;8.2;5.4;7.5;0.4;978.8;;;;;;;;;;
03/02/2021 19:19:58;03/02/2021;19:19:58;0.0;45;1019.0;0.0;0.0;2.8;0.92;0.0;;0.0;1.6;;;;;;;;;;;1.1;1.1;;;8.2;5.4;7.5;0.4;978.8;;;;;;;;;;
03/02/2021 19:22:07;03/02/2021;19:22:07;0.0;45;1019.0;0.0;0.0;2.8;0.92;0.0;;0.0;1.6;;;;;;;;;;;1.1;1.1;;;8.2;5.4;7.5;0.4;978.8;;;;;;;;;;
03/02/2021 19:25:00;03/02/2021;19:25:00;0.0;45;1019.0;0.0;0.0;2.9;0.92;0.0;;0.0;1.7;;;;;;;;;;;1.2;1.2;;;8.3;5.44;7.5;0.4;978.8;;;;;;;;;;
03/02/2021 19:27:15;03/02/2021;19:27:15;0.0;45;1019.0;0.0;0.0;2.9;0.92;0.0;;0.0;1.7;;;;;;;;;;;1.2;1.2;;;8.3;5.44;7.5;0.4;978.8;;;;;;;;;;
03/02/2021 19:29:22;03/02/2021;19:29:22;0.0;45;1019.0;0.0;0.0;2.9;0.92;0.0;;0.0;1.7;;;;;;;;;;;1.2;1.2;;;8.3;5.44;7.5;0.4;978.8;;;;;;;;;;
03/02/2021 19:31:30;03/02/2021;19:31:30;0.0;45;1019.0;0.0;0.0;2.9;0.92;0.0;;0.0;1.7;;;;;;;;;;;1.2;1.2;;;8.3;5.44;7.5;0.4;978.8;;;;;;;;;;
03/02/2021 19:33:39;03/02/2021;19:33:39;0.0;45;1019.0;0.0;0.0;2.9;0.92;0.0;;0.0;1.7;;;;;;;;;;;1.2;1.2;;;8.3;5.44;7.5;0.4;978.8;;;;;;;;;;
03/02/2021 19:35:48;03/02/2021;19:35:48;0.0;45;1019.0;0.0;0.0;2.9;0.92;0.0;;0.0;1.7;;;;;;;;;;;1.2;1.2;;;8.3;5.44;7.5;0.4;978.8;;;;;;;;;;
03/02/2021 19:37:56;03/02/2021;19:37:56;0.0;45;1019.0;0.0;0.0;2.9;0.92;0.0;;0.0;1.7;;;;;;;;;;;1.2;1.2;;;8.3;5.44;7.5;0.4;978.8;;;;;;;;;;
03/02/2021 19:40:02;03/02/2021;19:40:02;0.0;45;1019.0;0.0;0.0;2.9;0.92;0.0;;0.0;1.7;;;;;;;;;;;1.2;1.2;;;8.3;5.44;7.5;0.4;978.8;;;;;;;;;;
03/02/2021 19:42:12;03/02/2021;19:42:12;0.0;45;1019.0;0.0;0.0;2.9;0.92;0.0;;0.0;1.7;;;;;;;;;;;1.2;1.2;;;8.3;5.44;7.5;0.4;978.8;;;;;;;;;;
03/02/2021 19:44:20;03/02/2021;19:44:20;0.0;45;1019.0;0.0;0.0;3.0;0.92;0.0;;0.0;1.8;;;;;;;;;;;1.3;1.3;;;8.4;5.47;7.6;0.4;978.8;;;;;;;;;;
03/02/2021 19:46:26;03/02/2021;19:46:26;0.0;45;1019.0;0.0;0.0;3.0;0.93;0.0;;0.0;2.0;;;;;;;;;;;1.3;1.4;;;8.4;5.53;7.6;0.4;978.8;;;;;;;;;;
03/02/2021 19:48:33;03/02/2021;19:48:33;0.0;45;1019.0;0.0;0.0;3.0;0.93;0.0;;0.0;2.0;;;;;;;;;;;1.3;1.4;;;8.4;5.53;7.6;0.4;978.8;;;;;;;;;;
03/02/2021 19:50:39;03/02/2021;19:50:39;0.0;45;1020.0;0.0;0.0;3.0;0.93;0.0;;0.0;2.0;;;;;;;;;;;1.3;1.4;;;8.4;5.53;7.6;0.4;979.8;;;;;;;;;;
03/02/2021 19:52:45;03/02/2021;19:52:45;0.0;45;1020.0;0.0;0.0;3.1;0.93;0.0;;0.0;2.1;;;;;;;;;;;1.4;1.5;;;8.5;5.57;7.6;0.4;979.8;;;;;;;;;;
03/02/2021 19:57:05;03/02/2021;19:57:05;0.0;45;1020.0;0.0;0.0;3.0;0.92;0.0;;0.0;1.8;;;;;;;;;;;1.3;1.3;;;8.4;5.47;7.6;0.4;979.8;;;;;;;;;;
03/02/2021 21:59:22;03/02/2021;21:59:22;0.0;45;1020.0;0.0;0.0;2.4;0.93;0.0;;0.0;1.4;;;;;;;;;;;0.6;0.6;;;8.0;5.31;7.3;0.4;979.7;;;;;;;;;;
03/02/2021 22:01:34;03/02/2021;22:01:34;0.0;45;1020.0;0.0;0.0;2.4;0.93;0.0;;0.0;1.4;;;;;;;;;;;0.6;0.6;;;8.0;5.31;7.3;0.4;979.7;;;;;;;;;;
04/02/2021 00:03:55;04/02/2021;00:03:55;0.0;45;1020.0;0.0;0.0;2.4;0.94;0.0;;0.0;1.5;;;;;;;;;;;0.7;0.6;;;8.0;5.37;7.3;0.4;979.7;;;;;;;;;;
04/02/2021 00:06:09;04/02/2021;00:06:09;0.0;45;1020.0;0.0;0.0;2.4;0.94;0.0;;0.0;1.5;;;;;;;;;;;0.7;0.6;;;8.0;5.37;7.3;0.4;979.7;;;;;;;;;;
04/02/2021 00:08:15;04/02/2021;00:08:15;0.0;45;1020.0;0.0;0.0;2.5;0.93;0.0;;0.0;1.5;;;;;;;;;;;0.7;0.7;;;8.0;5.35;7.3;0.0;979.7;;;;;;;;;;
04/02/2021 00:10:22;04/02/2021;00:10:22;0.0;45;1020.0;0.0;0.0;2.5;0.93;0.0;;0.0;1.5;;;;;;;;;;;0.7;0.7;;;8.0;5.35;7.3;0.0;979.7;;;;;;;;;;
04/02/2021 00:12:35;04/02/2021;00:12:35;0.0;45;1020.0;0.0;0.0;2.5;0.94;0.0;;0.0;1.6;;;;;;;;;;;0.8;0.8;;;8.1;5.41;7.3;0.0;979.7;;;;;;;;;;
04/02/2021 00:14:45;04/02/2021;00:14:45;0.0;45;1020.0;0.0;0.0;2.5;0.94;0.0;;0.0;1.6;;;;;;;;;;;0.8;0.8;;;8.1;5.41;7.3;0.0;979.7;;;;;;;;;;
04/02/2021 00:16:54;04/02/2021;00:16:54;0.0;45;1020.0;0.0;0.0;2.5;0.94;0.0;;0.0;1.6;;;;;;;;;;;0.8;0.8;;;8.1;5.41;7.3;0.0;979.7;;;;;;;;;;
04/02/2021 00:19:02;04/02/2021;00:19:02;0.0;45;1020.0;0.0;0.0;2.5;0.94;0.0;;0.0;1.6;;;;;;;;;;;0.8;0.8;;;8.1;5.41;7.3;0.0;979.7;;;;;;;;;;
04/02/2021 00:21:12;04/02/2021;00:21:12;0.0;45;1020.0;0.0;0.0;2.5;0.94;0.0;;0.0;1.6;;;;;;;;;;;0.8;0.8;;;8.1;5.41;7.3;0.0;979.7;;;;;;;;;;
04/02/2021 00:23:23;04/02/2021;00:23:23;0.0;45;1020.0;0.0;0.0;2.5;0.94;0.0;;0.0;1.6;;;;;;;;;;;0.8;0.8;;;8.1;5.41;7.3;0.0;979.7;;;;;;;;;;
04/02/2021 00:25:29;04/02/2021;00:25:29;0.0;45;1020.0;0.0;0.0;2.5;0.94;0.0;;0.0;1.6;;;;;;;;;;;0.8;0.8;;;8.1;5.41;7.3;0.0;979.7;;;;;;;;;;
04/02/2021 00:27:40;04/02/2021;00:27:40;0.0;45;1020.0;0.0;0.0;2.5;0.94;0.0;;0.0;1.6;;;;;;;;;;;0.8;0.8;;;8.1;5.41;7.3;0.0;979.7;;;;;;;;;;
04/02/2021 00:29:50;04/02/2021;00:29:50;0.0;45;1020.0;0.0;0.0;2.5;0.93;0.0;;0.0;1.5;;;;;;;;;;;0.7;0.7;;;8.0;5.35;7.3;0.0;979.7;;;;;;;;;;
04/02/2021 00:31:56;04/02/2021;00:31:56;0.0;45;1020.0;0.0;0.0;2.5;0.93;0.0;;0.0;1.5;;;;;;;;;;;0.7;0.7;;;8.0;5.35;7.3;0.0;979.7;;;;;;;;;;
04/02/2021 00:34:07;04/02/2021;00:34:07;0.0;45;1020.0;0.0;0.0;2.5;0.93;0.0;;0.0;1.5;;;;;;;;;;;0.7;0.7;;;8.0;5.35;7.3;0.0;979.7;;;;;;;;;;
04/02/2021 00:36:16;04/02/2021;00:36:16;0.0;45;1020.0;0.0;0.0;2.4;0.93;0.0;;0.0;1.4;;;;;;;;;;;0.6;0.6;;;8.0;5.31;7.3;0.0;979.7;;;;;;;;;;
04/02/2021 00:38:29;04/02/2021;00:38:29;0.0;45;1020.0;0.0;0.0;2.4;0.93;0.0;;0.0;1.4;;;;;;;;;;;0.6;0.6;;;8.0;5.31;7.3;0.0;979.7;;;;;;;;;;
04/02/2021 00:40:41;04/02/2021;00:40:41;0.0;45;1020.0;0.0;0.0;2.4;0.93;0.0;;0.0;1.4;;;;;;;;;;;0.6;0.6;;;8.0;5.31;7.3;0.0;979.7;;;;;;;;;;
04/02/2021 00:42:50;04/02/2021;00:42:50;0.0;45;1020.0;0.0;0.0;2.5;0.93;0.0;;0.0;1.5;;;;;;;;;;;0.7;0.7;;;8.0;5.35;7.3;0.0;979.7;;;;;;;;;;
04/02/2021 00:44:58;04/02/2021;00:44:58;0.0;45;1020.0;0.0;0.0;2.5;0.93;0.0;;0.0;1.5;;;;;;;;;;;0.7;0.7;;;8.0;5.35;7.3;0.0;979.7;;;;;;;;;;
04/02/2021 00:47:05;04/02/2021;00:47:05;0.0;45;1020.0;0.0;0.0;2.5;0.93;0.0;;0.0;1.5;;;;;;;;;;;0.7;0.7;;;8.0;5.35;7.3;0.0;979.7;;;;;;;;;;
04/02/2021 00:49:14;04/02/2021;00:49:14;0.0;45;1020.0;0.0;0.0;2.5;0.93;0.0;;0.0;1.5;;;;;;;;;;;0.7;0.7;;;8.0;5.35;7.3;0.0;979.7;;;;;;;;;;
04/02/2021 00:51:22;04/02/2021;00:51:22;0.0;45;1020.0;0.0;0.0;2.5;0.93;0.0;;0.0;1.5;;;;;;;;;;;0.7;0.7;;;8.0;5.35;7.3;0.0;979.7;;;;;;;;;;
04/02/2021 00:53:31;04/02/2021;00:53:31;0.0;45;1020.0;0.0;0.0;2.5;0.93;0.0;;0.0;1.5;;;;;;;;;;;0.7;0.7;;;8.0;5.35;7.3;0.0;979.7;;;;;;;;;;
04/02/2021 00:55:41;04/02/2021;00:55:41;0.0;45;1020.0;0.0;0.0;2.4;0.93;0.0;;0.0;1.4;;;;;;;;;;;0.6;0.6;;;8.0;5.31;7.3;0.0;979.7;;;;;;;;;;
04/02/2021 00:57:49;04/02/2021;00:57:49;0.0;45;1020.0;0.0;0.0;2.4;0.93;0.0;;0.0;1.4;;;;;;;;;;;0.6;0.6;;;8.0;5.31;7.3;0.0;979.7;;;;;;;;;;
04/02/2021 01:00:01;04/02/2021;01:00:01;0.0;45;1020.0;0.0;0.0;2.4;0.93;0.0;;0.0;1.4;;;;;;;;;;;0.6;0.6;;;8.0;5.31;7.3;0.0;979.7;;;;;;;;;;
04/02/2021 01:02:07;04/02/2021;01:02:07;0.0;45;1020.0;0.0;0.0;2.4;0.93;0.0;;0.0;1.4;;;;;;;;;;;0.6;0.6;;;8.0;5.31;7.3;0.0;979.7;;;;;;;;;;
04/02/2021 01:04:13;04/02/2021;01:04:13;0.0;45;1020.0;0.0;0.0;2.4;0.93;0.0;;0.0;1.4;;;;;;;;;;;0.6;0.6;;;8.0;5.31;7.3;0.0;979.7;;;;;;;;;;
04/02/2021 01:06:22;04/02/2021;01:06:22;0.0;45;1020.0;0.0;0.0;2.4;0.93;0.0;;0.0;1.4;;;;;;;;;;;0.6;0.6;;;8.0;5.31;7.3;0.0;979.7;;;;;;;;;;
04/02/2021 01:08:31;04/02/2021;01:08:31;0.0;45;1020.0;0.0;0.0;2.4;0.93;0.0;;0.0;1.4;;;;;;;;;;;0.6;0.6;;;8.0;5.31;7.3;0.0;979.7;;;;;;;;;;
04/02/2021 01:10:38;04/02/2021;01:10:38;0.0;45;1020.0;0.0;0.0;2.4;0.93;0.0;;0.0;1.4;;;;;;;;;;;0.6;0.6;;;8.0;5.31;7.3;0.0;979.7;;;;;;;;;;
04/02/2021 01:12:47;04/02/2021;01:12:47;0.0;45;1020.0;0.0;0.0;2.3;0.93;0.0;;0.0;1.3;;;;;;;;;;;0.5;0.5;;;7.9;5.28;7.2;0.0;979.7;;;;;;;;;;
04/02/2021 01:14:57;04/02/2021;01:14:57;0.0;45;1020.0;0.0;0.0;2.3;0.93;0.0;;0.0;1.3;;;;;;;;;;;0.5;0.5;;;7.9;5.28;7.2;0.0;979.7;;;;;;;;;;
04/02/2021 01:17:07;04/02/2021;01:17:07;0.0;45;1020.0;0.0;0.0;2.3;0.93;0.0;;0.0;1.3;;;;;;;;;;;0.5;0.5;;;7.9;5.28;7.2;0.0;979.7;;;;;;;;;;
04/02/2021 01:19:13;04/02/2021;01:19:13;0.0;45;1020.0;0.0;0.0;2.3;0.93;0.0;;0.0;1.3;;;;;;;;;;;0.5;0.5;;;7.9;5.28;7.2;0.0;979.7;;;;;;;;;;
04/02/2021 01:21:23;04/02/2021;01:21:23;0.0;45;1020.0;0.0;0.0;2.3;0.93;0.0;;0.0;1.3;;;;;;;;;;;0.5;0.5;;;7.9;5.28;7.2;0.0;979.7;;;;;;;;;;
04/02/2021 01:23:30;04/02/2021;01:23:30;0.0;45;1020.0;0.0;0.0;2.3;0.93;0.0;;0.0;1.3;;;;;;;;;;;0.5;0.5;;;7.9;5.28;7.2;0.0;979.7;;;;;;;;;;
04/02/2021 01:25:39;04/02/2021;01:25:39;0.0;45;1020.0;0.0;0.0;2.3;0.93;0.0;;0.0;1.3;;;;;;;;;;;0.5;0.5;;;7.9;5.28;7.2;0.0;979.7;;;;;;;;;;
04/02/2021 01:27:48;04/02/2021;01:27:48;0.0;45;1020.0;0.0;0.0;2.3;0.93;0.0;;0.0;1.3;;;;;;;;;;;0.5;0.5;;;7.9;5.28;7.2;0.0;979.7;;;;;;;;;;
04/02/2021 01:29:55;04/02/2021;01:29:55;0.0;45;1020.0;0.0;0.0;2.3;0.93;0.0;;0.0;1.3;;;;;;;;;;;0.5;0.5;;;7.9;5.28;7.2;0.0;979.7;;;;;;;;;;
04/02/2021 01:32:05;04/02/2021;01:32:05;0.0;45;1020.0;0.0;0.0;2.3;0.93;0.0;;0.0;1.3;;;;;;;;;;;0.5;0.5;;;7.9;5.28;7.2;0.0;979.7;;;;;;;;;;
04/02/2021 01:34:16;04/02/2021;01:34:16;0.0;45;1020.0;0.0;0.0;2.3;0.93;0.0;;0.0;1.3;;;;;;;;;;;0.5;0.5;;;7.9;5.28;7.2;0.0;979.7;;;;;;;;;;
04/02/2021 01:36:26;04/02/2021;01:36:26;0.0;45;1020.0;0.0;0.0;2.3;0.93;0.0;;0.0;1.3;;;;;;;;;;;0.5;0.5;;;7.9;5.28;7.2;0.0;979.7;;;;;;;;;;
04/02/2021 01:38:36;04/02/2021;01:38:36;0.0;45;1020.0;0.0;0.0;2.3;0.93;0.0;;0.0;1.3;;;;;;;;;;;0.5;0.5;;;7.9;5.28;7.2;0.0;979.7;;;;;;;;;;
04/02/2021 01:40:44;04/02/2021;01:40:44;0.0;45;1020.0;0.0;0.0;2.3;0.93;0.0;;0.0;1.3;;;;;;;;;;;0.5;0.5;;;7.9;5.28;7.2;0.0;979.7;;;;;;;;;;
04/02/2021 01:42:51;04/02/2021;01:42:51;0.0;67.5;1020.0;0.0;0.0;2.3;0.93;0.0;;0.0;1.3;;;;;;;;;;;0.5;0.5;;;7.9;5.28;7.2;0.0;979.7;;;;;;;;;;
04/02/2021 01:45:00;04/02/2021;01:45:00;0.0;67.5;1020.0;0.0;0.0;2.3;0.93;0.0;;0.0;1.3;;;;;;;;;;;0.5;0.5;;;7.9;5.28;7.2;0.0;979.7;;;;;;;;;;
04/02/2021 01:47:13;04/02/2021;01:47:13;0.0;45;1020.0;0.0;0.0;2.3;0.93;0.0;;0.0;1.3;;;;;;;;;;;0.5;0.5;;;7.9;5.28;7.2;0.0;979.7;;;;;;;;;;
04/02/2021 01:49:24;04/02/2021;01:49:24;0.0;45;1020.0;0.0;0.0;2.3;0.93;0.0;;0.0;1.3;;;;;;;;;;;0.5;0.5;;;7.9;5.28;7.2;0.0;979.7;;;;;;;;;;
04/02/2021 01:51:33;04/02/2021;01:51:33;0.0;45;1020.0;0.0;0.0;2.3;0.93;0.0;;0.0;1.3;;;;;;;;;;;0.5;0.5;;;7.9;5.28;7.2;0.0;979.7;;;;;;;;;;
04/02/2021 01:53:45;04/02/2021;01:53:45;0.0;67.5;1020.0;0.0;0.0;2.3;0.93;0.0;;0.0;1.3;;;;;;;;;;;0.5;0.5;;;7.9;5.28;7.2;0.0;979.7;;;;;;;;;;
04/02/2021 01:55:57;04/02/2021;01:55:57;0.0;45;1020.0;0.0;0.0;2.3;0.93;0.0;;0.0;1.3;;;;;;;;;;;0.5;0.5;;;7.9;5.28;7.2;0.0;979.7;;;;;;;;;;
04/02/2021 01:58:03;04/02/2021;01:58:03;0.0;45;1020.0;0.0;0.0;2.3;0.93;0.0;;0.0;1.3;;;;;;;;;;;0.5;0.5;;;7.9;5.28;7.2;0.0;979.7;;;;;;;;;;
04/02/2021 02:00:15;04/02/2021;02:00:15;0.0;45;1020.0;0.0;0.0;2.3;0.93;0.0;;0.0;1.3;;;;;;;;;;;0.5;0.5;;;7.9;5.28;7.2;0.0;979.7;;;;;;;;;;
04/02/2021 02:02:23;04/02/2021;02:02:23;0.0;45;1020.0;0.0;0.0;2.3;0.93;0.0;;0.0;1.3;;;;;;;;;;;0.5;0.5;;;7.9;5.28;7.2;0.0;979.7;;;;;;;;;;
04/02/2021 02:04:30;04/02/2021;02:04:30;0.0;45;1020.0;0.0;0.0;2.3;0.93;0.0;;0.0;1.3;;;;;;;;;;;0.5;0.5;;;7.9;5.28;7.2;0.0;979.7;;;;;;;;;;
04/02/2021 02:06:50;04/02/2021;02:06:50;0.0;45;1020.0;0.0;0.0;2.3;0.93;0.0;;0.0;1.3;;;;;;;;;;;0.5;0.5;;;7.9;5.28;7.2;0.0;979.7;;;;;;;;;;
04/02/2021 02:08:58;04/02/2021;02:08:58;0.0;45;1020.0;0.0;0.0;2.3;0.93;0.0;;0.0;1.3;;;;;;;;;;;0.5;0.5;;;7.9;5.28;7.2;0.0;979.7;;;;;;;;;;
04/02/2021 02:11:10;04/02/2021;02:11:10;0.0;45;1020.0;0.0;0.0;2.3;0.93;0.0;;0.0;1.3;;;;;;;;;;;0.5;0.5;;;7.9;5.28;7.2;0.0;979.7;;;;;;;;;;
04/02/2021 02:13:19;04/02/2021;02:13:19;0.0;67.5;1020.0;0.0;0.0;2.3;0.93;0.0;;0.0;1.3;;;;;;;;;;;0.5;0.5;;;7.9;5.28;7.2;0.0;979.7;;;;;;;;;;
04/02/2021 02:15:27;04/02/2021;02:15:27;0.0;67.5;1020.0;0.0;0.0;2.3;0.93;0.0;;0.0;1.3;;;;;;;;;;;0.5;0.5;;;7.9;5.28;7.2;0.0;979.7;;;;;;;;;;
04/02/2021 02:17:49;04/02/2021;02:17:49;0.0;67.5;1020.0;0.0;0.0;2.4;0.93;0.0;;0.0;1.4;;;;;;;;;;;0.6;0.6;;;8.0;5.31;7.3;0.0;979.7;;;;;;;;;;
04/02/2021 02:19:58;04/02/2021;02:19:58;0.0;67.5;1020.0;0.0;0.0;2.4;0.93;0.0;;0.0;1.4;;;;;;;;;;;0.6;0.6;;;8.0;5.31;7.3;0.0;979.7;;;;;;;;;;
04/02/2021 02:22:08;04/02/2021;02:22:08;0.0;67.5;1020.0;0.0;0.0;2.4;0.93;0.0;;0.0;1.4;;;;;;;;;;;0.6;0.6;;;8.0;5.31;7.3;0.0;979.7;;;;;;;;;;
04/02/2021 02:24:23;04/02/2021;02:24:23;0.0;67.5;1020.0;0.0;0.0;2.4;0.93;0.0;;0.0;1.4;;;;;;;;;;;0.6;0.6;;;8.0;5.31;7.3;0.0;979.7;;;;;;;;;;
04/02/2021 02:26:34;04/02/2021;02:26:34;0.0;45;1020.0;0.0;0.0;2.4;0.93;0.0;;0.0;1.4;;;;;;;;;;;0.6;0.6;;;8.0;5.31;7.3;0.0;979.7;;;;;;;;;;
04/02/2021 02:28:46;04/02/2021;02:28:46;0.0;45;1020.0;0.0;0.0;2.3;0.93;0.0;;0.0;1.3;;;;;;;;;;;0.5;0.5;;;7.9;5.28;7.2;0.0;979.7;;;;;;;;;;
04/02/2021 02:30:52;04/02/2021;02:30:52;0.0;45;1020.0;0.0;0.0;2.3;0.93;0.0;;0.0;1.3;;;;;;;;;;;0.5;0.5;;;7.9;5.28;7.2;0.0;979.7;;;;;;;;;;
04/02/2021 02:33:00;04/02/2021;02:33:00;0.0;45;1020.0;0.0;0.0;2.3;0.93;0.0;;0.0;1.3;;;;;;;;;;;0.5;0.5;;;7.9;5.28;7.2;0.0;979.7;;;;;;;;;;
04/02/2021 02:35:06;04/02/2021;02:35:06;0.0;45;1020.0;0.0;0.0;2.3;0.93;0.0;;0.0;1.3;;;;;;;;;;;0.5;0.5;;;7.9;5.28;7.2;0.0;979.7;;;;;;;;;;
04/02/2021 02:37:13;04/02/2021;02:37:13;0.0;45;1020.0;0.0;0.0;2.3;0.93;0.0;;0.0;1.3;;;;;;;;;;;0.5;0.5;;;7.9;5.28;7.2;0.0;979.7;;;;;;;;;;
04/02/2021 02:39:25;04/02/2021;02:39:25;0.0;45;1020.0;0.0;0.0;2.3;0.93;0.0;;0.0;1.3;;;;;;;;;;;0.5;0.5;;;7.9;5.28;7.2;0.0;979.7;;;;;;;;;;
04/02/2021 02:41:40;04/02/2021;02:41:40;0.0;45;1020.0;0.0;0.0;2.3;0.93;0.0;;0.0;1.3;;;;;;;;;;;0.5;0.5;;;7.9;5.28;7.2;0.0;979.7;;;;;;;;;;
04/02/2021 02:43:55;04/02/2021;02:43:55;0.0;45;1020.0;0.0;0.0;2.3;0.93;0.0;;0.0;1.3;;;;;;;;;;;0.5;0.5;;;7.9;5.28;7.2;0.0;979.7;;;;;;;;;;
04/02/2021 02:46:06;04/02/2021;02:46:06;0.0;45;1020.0;0.0;0.0;2.3;0.93;0.0;;0.0;1.3;;;;;;;;;;;0.5;0.5;;;7.9;5.28;7.2;0.0;979.7;;;;;;;;;;
04/02/2021 02:48:14;04/02/2021;02:48:14;0.0;45;1020.0;0.0;0.0;2.3;0.93;0.0;;0.0;1.3;;;;;;;;;;;0.5;0.5;;;7.9;5.28;7.2;0.0;979.7;;;;;;;;;;
04/02/2021 02:50:20;04/02/2021;02:50:20;0.0;45;1020.0;0.0;0.0;2.3;0.93;0.0;;0.0;1.3;;;;;;;;;;;0.5;0.5;;;7.9;5.28;7.2;0.0;979.7;;;;;;;;;;
04/02/2021 02:52:28;04/02/2021;02:52:28;0.0;45;1020.0;0.0;0.0;2.3;0.93;0.0;;0.0;1.3;;;;;;;;;;;0.5;0.5;;;7.9;5.28;7.2;0.0;979.7;;;;;;;;;;
04/02/2021 02:54:39;04/02/2021;02:54:39;0.0;90;1020.0;0.0;0.0;2.3;0.93;0.0;;0.0;1.3;;;;;;;;;;;0.5;0.5;;;7.9;5.28;7.2;0.0;979.7;;;;;;;;;;
04/02/2021 02:56:53;04/02/2021;02:56:53;0.0;90;1020.0;0.0;0.0;2.3;0.93;0.0;;0.0;1.3;;;;;;;;;;;0.5;0.5;;;7.9;5.28;7.2;0.0;979.7;;;;;;;;;;
04/02/2021 02:59:05;04/02/2021;02:59:05;0.0;67.5;1020.0;0.0;0.0;2.3;0.93;0.0;;0.0;1.3;;;;;;;;;;;0.5;0.5;;;7.9;5.28;7.2;0.0;979.7;;;;;;;;;;
04/02/2021 03:01:15;04/02/2021;03:01:15;0.0;67.5;1020.0;0.0;0.0;2.3;0.93;0.0;;0.0;1.3;;;;;;;;;;;0.5;0.5;;;7.9;5.28;7.2;0.0;979.7;;;;;;;;;;
04/02/2021 03:03:24;04/02/2021;03:03:24;0.0;45;1020.0;0.0;0.0;2.3;0.93;0.0;;0.0;1.3;;;;;;;;;;;0.5;0.5;;;7.9;5.28;7.2;0.0;979.7;;;;;;;;;;
04/02/2021 03:05:32;04/02/2021;03:05:32;0.0;45;1020.0;0.0;0.0;2.4;0.93;0.0;;0.0;1.4;;;;;;;;;;;0.6;0.6;;;8.0;5.31;7.3;0.0;979.7;;;;;;;;;;
04/02/2021 03:07:45;04/02/2021;03:07:45;0.0;45;1020.0;0.0;0.0;2.4;0.93;0.0;;0.0;1.4;;;;;;;;;;;0.6;0.6;;;8.0;5.31;7.3;0.0;979.7;;;;;;;;;;
04/02/2021 03:09:52;04/02/2021;03:09:52;0.0;45;1020.0;0.0;0.0;2.4;0.93;0.0;;0.0;1.4;;;;;;;;;;;0.6;0.6;;;8.0;5.31;7.3;0.0;979.7;;;;;;;;;;
04/02/2021 03:12:00;04/02/2021;03:12:00;0.0;45;1020.0;0.0;0.0;2.4;0.93;0.0;;0.0;1.4;;;;;;;;;;;0.6;0.6;;;8.0;5.31;7.3;0.0;979.7;;;;;;;;;;
04/02/2021 03:14:09;04/02/2021;03:14:09;0.0;45;1020.0;0.0;0.0;2.4;0.93;0.0;;0.0;1.4;;;;;;;;;;;0.6;0.6;;;8.0;5.31;7.3;0.0;979.7;;;;;;;;;;
04/02/2021 03:16:27;04/02/2021;03:16:27;0.0;45;1020.0;0.0;0.0;2.3;0.93;0.0;;0.0;1.3;;;;;;;;;;;0.5;0.5;;;7.9;5.28;7.2;0.0;979.7;;;;;;;;;;
04/02/2021 03:18:35;04/02/2021;03:18:35;0.0;45;1020.0;0.0;0.0;2.3;0.93;0.0;;0.0;1.3;;;;;;;;;;;0.5;0.5;;;7.9;5.28;7.2;0.0;979.7;;;;;;;;;;
04/02/2021 03:20:42;04/02/2021;03:20:42;0.0;45;1020.0;0.0;0.0;2.3;0.93;0.0;;0.0;1.3;;;;;;;;;;;0.5;0.5;;;7.9;5.28;7.2;0.0;979.7;;;;;;;;;;
04/02/2021 03:23:14;04/02/2021;03:23:14;0.0;45;1020.0;0.0;0.0;2.3;0.93;0.0;;0.0;1.3;;;;;;;;;;;0.5;0.5;;;7.9;5.28;7.2;0.0;979.7;;;;;;;;;;
04/02/2021 03:25:24;04/02/2021;03:25:24;0.0;45;1020.0;0.0;0.0;2.3;0.93;0.0;;0.0;1.3;;;;;;;;;;;0.5;0.5;;;7.9;5.28;7.2;0.0;979.7;;;;;;;;;;
04/02/2021 03:27:30;04/02/2021;03:27:30;0.0;45;1020.0;0.0;0.0;2.3;0.93;0.0;;0.0;1.3;;;;;;;;;;;0.5;0.5;;;7.9;5.28;7.2;0.0;979.7;;;;;;;;;;
04/02/2021 03:29:40;04/02/2021;03:29:40;0.0;45;1020.0;0.0;0.0;2.3;0.93;0.0;;0.0;1.3;;;;;;;;;;;0.5;0.5;;;7.9;5.28;7.2;0.0;979.7;;;;;;;;;;
04/02/2021 03:31:49;04/02/2021;03:31:49;0.0;67.5;1020.0;0.0;0.0;2.3;0.93;0.0;;0.0;1.3;;;;;;;;;;;0.5;0.5;;;7.9;5.28;7.2;0.0;979.7;;;;;;;;;;
04/02/2021 03:35:03;04/02/2021;03:35:03;0.0;67.5;1020.0;0.0;0.0;2.3;0.93;0.0;;0.0;1.3;;;;;;;;;;;0.5;0.5;;;7.9;5.28;7.2;0.0;979.7;;;;;;;;;;
04/02/2021 03:37:40;04/02/2021;03:37:40;0.0;67.5;1020.0;0.0;0.0;2.2;0.93;0.0;;0.0;1.2;;;;;;;;;;;0.4;0.3;;;7.8;5.24;7.2;0.0;979.7;;;;;;;;;;
04/02/2021 03:40:12;04/02/2021;03:40:12;0.0;67.5;1020.0;0.0;0.0;2.2;0.93;0.0;;0.0;1.2;;;;;;;;;;;0.4;0.3;;;7.8;5.24;7.2;0.0;979.7;;;;;;;;;;
04/02/2021 03:42:58;04/02/2021;03:42:58;0.0;67.5;1020.0;0.0;0.0;2.2;0.93;0.0;;0.0;1.2;;;;;;;;;;;0.4;0.3;;;7.8;5.24;7.2;0.0;979.7;;;;;;;;;;
04/02/2021 03:45:29;04/02/2021;03:45:29;0.0;67.5;1020.0;0.0;0.0;2.2;0.93;0.0;;0.0;1.2;;;;;;;;;;;0.4;0.3;;;7.8;5.24;7.2;0.0;979.7;;;;;;;;;;
04/02/2021 03:47:55;04/02/2021;03:47:55;0.0;45;1020.0;0.0;0.0;2.2;0.93;0.0;;0.0;1.2;;;;;;;;;;;0.4;0.3;;;7.8;5.24;7.2;0.0;979.7;;;;;;;;;;
04/02/2021 03:50:30;04/02/2021;03:50:30;0.0;67.5;1020.0;0.0;0.0;2.2;0.93;0.0;;0.0;1.2;;;;;;;;;;;0.4;0.3;;;7.8;5.24;7.2;0.0;979.7;;;;;;;;;;
04/02/2021 03:52:58;04/02/2021;03:52:58;0.0;45;1020.0;0.0;0.0;2.2;0.93;0.0;;0.0;1.2;;;;;;;;;;;0.4;0.3;;;7.8;5.24;7.2;0.0;979.7;;;;;;;;;;
04/02/2021 03:55:25;04/02/2021;03:55:25;0.0;45;1020.0;0.0;0.0;2.2;0.93;0.0;;0.0;1.2;;;;;;;;;;;0.4;0.3;;;7.8;5.24;7.2;0.0;979.7;;;;;;;;;;
04/02/2021 03:58:05;04/02/2021;03:58:05;0.0;45;1020.0;0.0;0.0;2.2;0.93;0.0;;0.0;1.2;;;;;;;;;;;0.4;0.3;;;7.8;5.24;7.2;0.0;979.7;;;;;;;;;;
04/02/2021 04:00:49;04/02/2021;04:00:49;0.0;45;1020.0;0.0;0.0;2.2;0.93;0.0;;0.0;1.2;;;;;;;;;;;0.4;0.3;;;7.8;5.24;7.2;0.0;979.7;;;;;;;;;;
04/02/2021 04:03:17;04/02/2021;04:03:17;0.0;45;1020.0;0.0;0.0;2.2;0.93;0.0;;0.0;1.2;;;;;;;;;;;0.4;0.3;;;7.8;5.24;7.2;0.0;979.7;;;;;;;;;;
04/02/2021 04:05:56;04/02/2021;04:05:56;0.0;45;1020.0;0.0;0.0;2.2;0.93;0.0;;0.0;1.2;;;;;;;;;;;0.4;0.3;;;7.8;5.24;7.2;0.0;979.7;;;;;;;;;;
04/02/2021 04:08:18;04/02/2021;04:08:18;0.0;45;1020.0;0.0;0.0;2.2;0.93;0.0;;0.0;1.2;;;;;;;;;;;0.4;0.3;;;7.8;5.24;7.2;0.0;979.7;;;;;;;;;;
04/02/2021 04:12:28;04/02/2021;04:12:28;0.0;45;1020.0;0.0;0.0;2.2;0.93;0.0;;0.0;1.2;;;;;;;;;;;0.4;0.3;;;7.8;5.24;7.2;0.0;979.7;;;;;;;;;;
04/02/2021 04:15:15;04/02/2021;04:15:15;0.0;45;1020.0;0.0;0.0;2.3;0.93;0.0;;0.0;1.3;;;;;;;;;;;0.5;0.5;;;7.9;5.28;7.2;0.0;979.7;;;;;;;;;;
04/02/2021 04:18:10;04/02/2021;04:18:10;0.0;45;1020.0;0.0;0.0;2.3;0.93;0.0;;0.0;1.3;;;;;;;;;;;0.5;0.5;;;7.9;5.28;7.2;0.0;979.7;;;;;;;;;;
04/02/2021 04:20:42;04/02/2021;04:20:42;0.0;45;1020.0;0.0;0.0;2.3;0.93;0.0;;0.0;1.3;;;;;;;;;;;0.5;0.5;;;7.9;5.28;7.2;0.0;979.7;;;;;;;;;;
04/02/2021 04:23:11;04/02/2021;04:23:11;0.0;67.5;1020.0;0.0;0.0;2.3;0.93;0.0;;0.0;1.3;;;;;;;;;;;0.5;0.5;;;7.9;5.28;7.2;0.0;979.7;;;;;;;;;;
04/02/2021 04:25:46;04/02/2021;04:25:46;0.0;45;1020.0;0.0;0.0;2.2;0.93;0.0;;0.0;1.2;;;;;;;;;;;0.4;0.3;;;7.8;5.24;7.2;0.0;979.7;;;;;;;;;;
04/02/2021 04:28:14;04/02/2021;04:28:14;0.0;45;1020.0;0.0;0.0;2.2;0.93;0.0;;0.0;1.2;;;;;;;;;;;0.4;0.3;;;7.8;5.24;7.2;0.0;979.7;;;;;;;;;;
04/02/2021 04:30:44;04/02/2021;04:30:44;0.0;45;1020.0;0.0;0.0;2.2;0.93;0.0;;0.0;1.2;;;;;;;;;;;0.4;0.3;;;7.8;5.24;7.2;0.0;979.7;;;;;;;;;;
04/02/2021 04:33:13;04/02/2021;04:33:13;0.0;45;1020.0;0.0;0.0;2.2;0.93;0.0;;0.0;1.2;;;;;;;;;;;0.4;0.3;;;7.8;5.24;7.2;0.0;979.7;;;;;;;;;;
04/02/2021 04:35:43;04/02/2021;04:35:43;0.0;45;1020.0;0.0;0.0;2.3;0.93;0.0;;0.0;1.3;;;;;;;;;;;0.5;0.5;;;7.9;5.28;7.2;0.0;979.7;;;;;;;;;;
04/02/2021 04:38:08;04/02/2021;04:38:08;0.0;45;1020.0;0.0;0.0;2.3;0.93;0.0;;0.0;1.3;;;;;;;;;;;0.5;0.5;;;7.9;5.28;7.2;0.0;979.7;;;;;;;;;;
04/02/2021 04:40:39;04/02/2021;04:40:39;0.0;45;1020.0;0.0;0.0;2.3;0.93;0.0;;0.0;1.3;;;;;;;;;;;0.5;0.5;;;7.9;5.28;7.2;0.0;979.7;;;;;;;;;;
04/02/2021 04:43:11;04/02/2021;04:43:11;0.0;45;1020.0;0.0;0.0;2.3;0.93;0.0;;0.0;1.3;;;;;;;;;;;0.5;0.5;;;7.9;5.28;7.2;0.0;979.7;;;;;;;;;;
04/02/2021 04:45:50;04/02/2021;04:45:50;0.0;45;1020.0;0.0;0.0;2.3;0.93;0.0;;0.0;1.3;;;;;;;;;;;0.5;0.5;;;7.9;5.28;7.2;0.0;979.7;;;;;;;;;;
04/02/2021 04:48:17;04/02/2021;04:48:17;0.0;45;1020.0;0.0;0.0;2.3;0.93;0.0;;0.0;1.3;;;;;;;;;;;0.5;0.5;;;7.9;5.28;7.2;0.0;979.7;;;;;;;;;;
04/02/2021 04:50:55;04/02/2021;04:50:55;0.0;45;1020.0;0.0;0.0;2.3;0.93;0.0;;0.0;1.3;;;;;;;;;;;0.5;0.5;;;7.9;5.28;7.2;0.0;979.7;;;;;;;;;;
04/02/2021 04:53:22;04/02/2021;04:53:22;0.0;45;1020.0;0.0;0.0;2.3;0.93;0.0;;0.0;1.3;;;;;;;;;;;0.5;0.5;;;7.9;5.28;7.2;0.0;979.7;;;;;;;;;;
04/02/2021 04:55:31;04/02/2021;04:55:31;0.0;90;1020.0;0.0;0.0;2.3;0.93;0.0;;0.0;1.3;;;;;;;;;;;0.5;0.5;;;7.9;5.28;7.2;0.0;979.7;;;;;;;;;;
04/02/2021 04:57:43;04/02/2021;04:57:43;0.0;90;1020.0;0.0;0.0;2.3;0.93;0.0;;0.0;1.3;;;;;;;;;;;0.5;0.5;;;7.9;5.28;7.2;0.0;979.7;;;;;;;;;;
04/02/2021 04:59:59;04/02/2021;04:59:59;0.0;90;1020.0;0.0;0.0;2.3;0.93;0.0;;0.0;1.3;;;;;;;;;;;0.5;0.5;;;7.9;5.28;7.2;0.0;979.7;;;;;;;;;;
04/02/2021 05:02:14;04/02/2021;05:02:14;0.0;67.5;1020.0;0.0;0.0;2.2;0.93;0.0;;0.0;1.2;;;;;;;;;;;0.4;0.3;;;7.8;5.24;7.2;0.0;979.7;;;;;;;;;;
04/02/2021 05:04:36;04/02/2021;05:04:36;0.0;67.5;1020.0;0.0;0.0;2.2;0.93;0.0;;0.0;1.2;;;;;;;;;;;0.4;0.3;;;7.8;5.24;7.2;0.0;979.7;;;;;;;;;;
04/02/2021 05:06:42;04/02/2021;05:06:42;0.0;90;1021.0;0.0;0.0;2.2;0.93;0.0;;0.0;1.2;;;;;;;;;;;0.4;0.3;;;7.8;5.24;7.2;0.0;980.6;;;;;;;;;;
04/02/2021 05:08:50;04/02/2021;05:08:50;0.0;90;1021.0;0.0;0.0;2.2;0.93;0.0;;0.0;1.2;;;;;;;;;;;0.4;0.3;;;7.8;5.24;7.2;0.0;980.6;;;;;;;;;;
04/02/2021 05:10:59;04/02/2021;05:10:59;0.0;67.5;1021.0;0.0;0.0;2.2;0.93;0.0;;0.0;1.2;;;;;;;;;;;0.4;0.3;;;7.8;5.24;7.2;0.0;980.6;;;;;;;;;;
04/02/2021 05:13:09;04/02/2021;05:13:09;0.0;67.5;1021.0;0.0;0.0;2.2;0.93;0.0;;0.0;1.2;;;;;;;;;;;0.4;0.3;;;7.8;5.24;7.2;0.0;980.6;;;;;;;;;;
04/02/2021 05:15:23;04/02/2021;05:15:23;0.0;67.5;1021.0;0.0;0.0;2.2;0.93;0.0;;0.0;1.2;;;;;;;;;;;0.4;0.3;;;7.8;5.24;7.2;0.0;980.6;;;;;;;;;;
04/02/2021 05:17:38;04/02/2021;05:17:38;0.0;67.5;1021.0;0.0;0.0;2.2;0.93;0.0;;0.0;1.2;;;;;;;;;;;0.4;0.3;;;7.8;5.24;7.2;0.0;980.6;;;;;;;;;;
04/02/2021 05:19:46;04/02/2021;05:19:46;0.0;67.5;1021.0;0.0;0.0;2.2;0.93;0.0;;0.0;1.2;;;;;;;;;;;0.4;0.3;;;7.8;5.24;7.2;0.0;980.6;;;;;;;;;;
04/02/2021 05:21:54;04/02/2021;05:21:54;0.0;67.5;1021.0;0.0;0.0;2.2;0.93;0.0;;0.0;1.2;;;;;;;;;;;0.4;0.3;;;7.8;5.24;7.2;0.0;980.6;;;;;;;;;;
04/02/2021 05:24:02;04/02/2021;05:24:02;0.0;67.5;1021.0;0.0;0.0;2.2;0.93;0.0;;0.0;1.2;;;;;;;;;;;0.4;0.3;;;7.8;5.24;7.2;0.0;980.6;;;;;;;;;;
04/02/2021 05:26:11;04/02/2021;05:26:11;0.0;67.5;1021.0;0.0;0.0;2.2;0.93;0.0;;0.0;1.2;;;;;;;;;;;0.4;0.3;;;7.8;5.24;7.2;0.0;980.6;;;;;;;;;;
04/02/2021 05:28:21;04/02/2021;05:28:21;0.0;67.5;1021.0;0.0;0.0;2.2;0.93;0.0;;0.0;1.2;;;;;;;;;;;0.4;0.3;;;7.8;5.24;7.2;0.0;980.6;;;;;;;;;;
04/02/2021 05:30:32;04/02/2021;05:30:32;0.0;67.5;1021.0;0.0;0.0;2.2;0.93;0.0;;0.0;1.2;;;;;;;;;;;0.4;0.3;;;7.8;5.24;7.2;0.0;980.6;;;;;;;;;;
04/02/2021 05:32:44;04/02/2021;05:32:44;0.0;67.5;1021.0;0.0;0.0;2.3;0.93;0.0;;0.0;1.3;;;;;;;;;;;0.5;0.5;;;7.9;5.28;7.2;0.0;980.7;;;;;;;;;;
04/02/2021 05:34:59;04/02/2021;05:34:59;0.0;67.5;1021.0;0.0;0.0;2.3;0.93;0.0;;0.0;1.3;;;;;;;;;;;0.5;0.5;;;7.9;5.28;7.2;0.0;980.7;;;;;;;;;;
04/02/2021 05:37:10;04/02/2021;05:37:10;0.0;67.5;1021.0;0.0;0.0;2.3;0.93;0.0;;0.0;1.3;;;;;;;;;;;0.5;0.5;;;7.9;5.28;7.2;0.0;980.7;;;;;;;;;;
04/02/2021 05:39:23;04/02/2021;05:39:23;0.0;67.5;1021.0;0.0;0.0;2.3;0.93;0.0;;0.0;1.3;;;;;;;;;;;0.5;0.5;;;7.9;5.28;7.2;0.0;980.7;;;;;;;;;;
04/02/2021 05:41:30;04/02/2021;05:41:30;0.0;67.5;1021.0;0.0;0.0;2.3;0.93;0.0;;0.0;1.3;;;;;;;;;;;0.5;0.5;;;7.9;5.28;7.2;0.0;980.7;;;;;;;;;;
04/02/2021 05:43:37;04/02/2021;05:43:37;0.0;67.5;1021.0;0.0;0.0;2.3;0.93;0.0;;0.0;1.3;;;;;;;;;;;0.5;0.5;;;7.9;5.28;7.2;0.0;980.7;;;;;;;;;;
04/02/2021 05:45:44;04/02/2021;05:45:44;0.0;67.5;1021.0;0.0;0.0;2.3;0.93;0.0;;0.0;1.3;;;;;;;;;;;0.5;0.5;;;7.9;5.28;7.2;0.0;980.7;;;;;;;;;;
04/02/2021 05:47:50;04/02/2021;05:47:50;0.0;67.5;1021.0;0.0;0.0;2.3;0.93;0.0;;0.0;1.3;;;;;;;;;;;0.5;0.5;;;7.9;5.28;7.2;0.0;980.7;;;;;;;;;;
04/02/2021 05:50:00;04/02/2021;05:50:00;0.0;67.5;1021.0;0.0;0.0;2.3;0.93;0.0;;0.0;1.3;;;;;;;;;;;0.5;0.5;;;7.9;5.28;7.2;0.0;980.7;;;;;;;;;;
04/02/2021 05:52:09;04/02/2021;05:52:09;0.0;45;1021.0;0.0;0.0;2.3;0.93;0.0;;0.0;1.3;;;;;;;;;;;0.5;0.5;;;7.9;5.28;7.2;0.0;980.7;;;;;;;;;;
04/02/2021 05:54:16;04/02/2021;05:54:16;0.0;45;1021.0;0.0;0.0;2.3;0.93;0.0;;0.0;1.3;;;;;;;;;;;0.5;0.5;;;7.9;5.28;7.2;0.0;980.7;;;;;;;;;;
04/02/2021 05:56:24;04/02/2021;05:56:24;0.0;45;1021.0;0.0;0.0;2.3;0.93;0.0;;0.0;1.3;;;;;;;;;;;0.5;0.5;;;7.9;5.28;7.2;0.0;980.7;;;;;;;;;;
04/02/2021 05:58:31;04/02/2021;05:58:31;0.0;45;1021.0;0.0;0.0;2.3;0.93;0.0;;0.0;1.3;;;;;;;;;;;0.5;0.5;;;7.9;5.28;7.2;0.0;980.7;;;;;;;;;;
04/02/2021 06:00:38;04/02/2021;06:00:38;0.0;45;1021.0;0.0;0.0;2.3;0.93;0.0;;0.0;1.3;;;;;;;;;;;0.5;0.5;;;7.9;5.28;7.2;0.0;980.7;;;;;;;;;;
04/02/2021 06:02:45;04/02/2021;06:02:45;0.0;45;1021.0;0.0;0.0;2.3;0.93;0.0;;0.0;1.3;;;;;;;;;;;0.5;0.5;;;7.9;5.28;7.2;0.0;980.7;;;;;;;;;;
04/02/2021 06:04:52;04/02/2021;06:04:52;0.0;45;1021.0;0.0;0.0;2.3;0.93;0.0;;0.0;1.3;;;;;;;;;;;0.5;0.5;;;7.9;5.28;7.2;0.0;980.7;;;;;;;;;;
04/02/2021 06:06:59;04/02/2021;06:06:59;0.0;67.5;1021.0;0.0;0.0;2.3;0.93;0.0;;0.0;1.3;;;;;;;;;;;0.5;0.5;;;7.9;5.28;7.2;0.0;980.7;;;;;;;;;;
04/02/2021 06:09:12;04/02/2021;06:09:12;0.0;45;1021.0;0.0;0.0;2.3;0.93;0.0;;0.0;1.3;;;;;;;;;;;0.5;0.5;;;7.9;5.28;7.2;0.0;980.7;;;;;;;;;;
04/02/2021 06:11:19;04/02/2021;06:11:19;0.0;45;1021.0;0.0;0.0;2.3;0.93;0.0;;0.0;1.3;;;;;;;;;;;0.5;0.5;;;7.9;5.28;7.2;0.0;980.7;;;;;;;;;;
04/02/2021 06:13:25;04/02/2021;06:13:25;0.0;45;1021.0;0.0;0.0;2.4;0.93;0.0;;0.0;1.4;;;;;;;;;;;0.6;0.6;;;8.0;5.31;7.3;0.0;980.7;;;;;;;;;;
04/02/2021 06:15:38;04/02/2021;06:15:38;0.0;45;1021.0;0.0;0.0;2.4;0.93;0.0;;0.0;1.4;;;;;;;;;;;0.6;0.6;;;8.0;5.31;7.3;0.0;980.7;;;;;;;;;;
04/02/2021 06:17:44;04/02/2021;06:17:44;0.0;45;1021.0;0.0;0.0;2.4;0.93;0.0;;0.0;1.4;;;;;;;;;;;0.6;0.6;;;8.0;5.31;7.3;0.0;980.7;;;;;;;;;;
04/02/2021 06:19:51;04/02/2021;06:19:51;0.0;45;1021.0;0.0;0.0;2.4;0.93;0.0;;0.0;1.4;;;;;;;;;;;0.6;0.6;;;8.0;5.31;7.3;0.0;980.7;;;;;;;;;;
04/02/2021 06:21:58;04/02/2021;06:21:58;0.0;45;1021.0;0.0;0.0;2.4;0.93;0.0;;0.0;1.4;;;;;;;;;;;0.6;0.6;;;8.0;5.31;7.3;0.0;980.7;;;;;;;;;;
04/02/2021 06:24:07;04/02/2021;06:24:07;0.0;45;1021.0;0.0;0.0;2.4;0.93;0.0;;0.0;1.4;;;;;;;;;;;0.6;0.6;;;8.0;5.31;7.3;0.0;980.7;;;;;;;;;;
04/02/2021 06:26:17;04/02/2021;06:26:17;0.0;90;1021.0;0.0;0.0;2.5;0.93;0.0;;0.0;1.5;;;;;;;;;;;0.7;0.7;;;8.0;5.35;7.3;0.0;980.7;;;;;;;;;;
04/02/2021 06:28:29;04/02/2021;06:28:29;0.0;112.5;1021.0;0.0;0.0;2.5;0.93;0.0;;0.0;1.5;;;;;;;;;;;0.7;0.7;;;8.0;5.35;7.3;0.0;980.7;;;;;;;;;;
04/02/2021 06:30:36;04/02/2021;06:30:36;0.0;90;1021.0;0.0;0.0;2.5;0.93;0.0;;0.0;1.5;;;;;;;;;;;0.7;0.7;;;8.0;5.35;7.3;0.0;980.7;;;;;;;;;;
04/02/2021 06:32:44;04/02/2021;06:32:44;0.0;67.5;1021.0;0.0;0.0;2.4;0.93;0.0;;0.0;1.4;;;;;;;;;;;0.6;0.6;;;8.0;5.31;7.3;0.0;980.7;;;;;;;;;;
04/02/2021 06:34:51;04/02/2021;06:34:51;0.0;45;1021.0;0.0;0.0;2.4;0.93;0.0;;0.0;1.4;;;;;;;;;;;0.6;0.6;;;8.0;5.31;7.3;0.0;980.7;;;;;;;;;;
04/02/2021 06:36:58;04/02/2021;06:36:58;0.0;45;1021.0;0.0;0.0;2.4;0.93;0.0;;0.0;1.4;;;;;;;;;;;0.6;0.6;;;8.0;5.31;7.3;0.0;980.7;;;;;;;;;;
04/02/2021 06:39:05;04/02/2021;06:39:05;0.0;45;1021.0;0.0;0.0;2.4;0.93;0.0;;0.0;1.4;;;;;;;;;;;0.6;0.6;;;8.0;5.31;7.3;0.0;980.7;;;;;;;;;;
04/02/2021 06:41:15;04/02/2021;06:41:15;0.0;45;1021.0;0.0;0.0;2.4;0.93;0.0;;0.0;1.4;;;;;;;;;;;0.6;0.6;;;8.0;5.31;7.3;0.0;980.7;;;;;;;;;;
04/02/2021 06:43:21;04/02/2021;06:43:21;0.0;45;1021.0;0.0;0.0;2.4;0.93;0.0;;0.0;1.4;;;;;;;;;;;0.6;0.6;;;8.0;5.31;7.3;0.0;980.7;;;;;;;;;;
04/02/2021 06:45:27;04/02/2021;06:45:27;0.0;45;1021.0;0.0;0.0;2.4;0.93;0.0;;0.0;1.4;;;;;;;;;;;0.6;0.6;;;8.0;5.31;7.3;0.0;980.7;;;;;;;;;;
04/02/2021 06:47:39;04/02/2021;06:47:39;0.0;45;1021.0;0.0;0.0;2.4;0.93;0.0;;0.0;1.4;;;;;;;;;;;0.6;0.6;;;8.0;5.31;7.3;0.0;980.7;;;;;;;;;;
04/02/2021 06:49:47;04/02/2021;06:49:47;0.0;45;1021.0;0.0;0.0;2.4;0.93;0.0;;0.0;1.4;;;;;;;;;;;0.6;0.6;;;8.0;5.31;7.3;0.0;980.7;;;;;;;;;;
04/02/2021 06:51:55;04/02/2021;06:51:55;0.0;45;1022.0;0.0;0.0;2.4;0.93;0.0;;0.0;1.4;;;;;;;;;;;0.6;0.6;;;8.0;5.31;7.3;0.0;981.6;;;;;;;;;;
04/02/2021 06:54:02;04/02/2021;06:54:02;0.0;45;1022.0;0.0;0.0;2.4;0.93;0.0;;0.0;1.4;;;;;;;;;;;0.6;0.6;;;8.0;5.31;7.3;0.0;981.6;;;;;;;;;;
04/02/2021 06:56:11;04/02/2021;06:56:11;0.0;45;1022.0;0.0;0.0;2.4;0.93;0.0;;0.0;1.4;;;;;;;;;;;0.6;0.6;;;8.0;5.31;7.3;0.0;981.6;;;;;;;;;;
04/02/2021 06:58:19;04/02/2021;06:58:19;0.0;45;1022.0;0.0;0.0;2.4;0.93;0.0;;0.0;1.4;;;;;;;;;;;0.6;0.6;;;8.0;5.31;7.3;0.0;981.6;;;;;;;;;;
04/02/2021 07:00:27;04/02/2021;07:00:27;0.0;45;1022.0;0.0;0.0;2.4;0.93;0.0;;0.0;1.4;;;;;;;;;;;0.6;0.6;;;8.0;5.31;7.3;0.0;981.6;;;;;;;;;;
04/02/2021 07:02:35;04/02/2021;07:02:35;0.0;45;1022.0;0.0;0.0;2.4;0.93;0.0;;0.0;1.4;;;;;;;;;;;0.6;0.6;;;8.0;5.31;7.3;0.0;981.6;;;;;;;;;;
04/02/2021 07:04:44;04/02/2021;07:04:44;0.0;45;1022.0;0.0;0.0;2.4;0.93;0.0;;0.0;1.4;;;;;;;;;;;0.6;0.6;;;8.0;5.31;7.3;0.0;981.6;;;;;;;;;;
04/02/2021 07:06:53;04/02/2021;07:06:53;0.0;45;1022.0;0.0;0.0;2.4;0.93;0.0;;0.0;1.4;;;;;;;;;;;0.6;0.6;;;8.0;5.31;7.3;0.0;981.6;;;;;;;;;;
04/02/2021 07:09:06;04/02/2021;07:09:06;0.0;45;1022.0;0.0;0.0;2.3;0.93;0.0;;0.0;1.3;;;;;;;;;;;0.5;0.5;;;7.9;5.28;7.2;0.0;981.6;;;;;;;;;;
04/02/2021 07:11:17;04/02/2021;07:11:17;0.0;45;1022.0;0.0;0.0;2.3;0.93;0.0;;0.0;1.3;;;;;;;;;;;0.5;0.5;;;7.9;5.28;7.2;0.0;981.6;;;;;;;;;;
04/02/2021 07:13:31;04/02/2021;07:13:31;0.0;45;1022.0;0.0;0.0;2.3;0.93;0.0;;0.0;1.3;;;;;;;;;;;0.5;0.5;;;7.9;5.28;7.2;0.0;981.6;;;;;;;;;;
04/02/2021 07:15:40;04/02/2021;07:15:40;0.0;45;1022.0;0.0;0.0;2.3;0.93;0.0;;0.0;1.3;;;;;;;;;;;0.5;0.5;;;7.9;5.28;7.2;0.0;981.6;;;;;;;;;;
04/02/2021 07:17:49;04/02/2021;07:17:49;0.0;45;1022.0;0.0;0.0;2.4;0.93;0.0;;0.0;1.4;;;;;;;;;;;0.6;0.6;;;8.0;5.31;7.3;0.0;981.6;;;;;;;;;;
04/02/2021 07:22:05;04/02/2021;07:22:05;0.0;45;1022.0;0.0;0.0;2.5;0.93;0.0;;0.0;1.5;;;;;;;;;;;0.7;0.7;;;8.0;5.35;7.3;0.0;981.7;;;;;;;;;;
04/02/2021 07:24:13;04/02/2021;07:24:13;0.0;45;1022.0;0.0;0.0;2.6;0.93;0.0;;0.0;1.6;;;;;;;;;;;0.9;0.9;;;8.1;5.38;7.4;0.0;981.7;;;;;;;;;;
04/02/2021 07:26:26;04/02/2021;07:26:26;0.0;45;1022.0;0.0;0.0;2.6;0.93;0.0;;0.0;1.6;;;;;;;;;;;0.9;0.9;;;8.1;5.38;7.4;0.0;981.7;;;;;;;;;;
04/02/2021 07:28:34;04/02/2021;07:28:34;0.0;45;1022.0;0.0;0.0;2.5;0.92;0.0;;0.0;1.3;;;;;;;;;;;0.7;0.7;;;8.0;5.29;7.3;0.0;981.7;;;;;;;;;;
04/02/2021 07:30:41;04/02/2021;07:30:41;0.0;45;1022.0;0.0;0.0;2.5;0.92;0.0;;0.0;1.3;;;;;;;;;;;0.7;0.7;;;8.0;5.29;7.3;0.0;981.7;;;;;;;;;;
04/02/2021 07:32:58;04/02/2021;07:32:58;0.0;45;1022.0;0.0;0.0;2.5;0.92;0.0;;0.0;1.3;;;;;;;;;;;0.7;0.7;;;8.0;5.29;7.3;0.0;981.7;;;;;;;;;;
04/02/2021 07:35:07;04/02/2021;07:35:07;0.0;45;1022.0;0.0;0.0;2.4;0.92;0.0;;0.0;1.2;;;;;;;;;;;0.6;0.5;;;7.9;5.26;7.3;0.0;981.6;;;;;;;;;;
04/02/2021 07:37:15;04/02/2021;07:37:15;0.0;45;1022.0;0.0;0.0;2.4;0.92;0.0;;0.0;1.2;;;;;;;;;;;0.6;0.5;;;7.9;5.26;7.3;0.0;981.6;;;;;;;;;;
04/02/2021 07:39:25;04/02/2021;07:39:25;0.0;45;1022.0;0.0;0.0;2.4;0.92;0.0;;0.0;1.2;;;;;;;;;;;0.6;0.5;;;7.9;5.26;7.3;0.0;981.6;;;;;;;;;;
04/02/2021 07:41:39;04/02/2021;07:41:39;0.0;45;1022.0;0.0;0.0;2.4;0.92;0.0;;0.0;1.2;;;;;;;;;;;0.6;0.5;;;7.9;5.26;7.3;0.0;981.6;;;;;;;;;;
04/02/2021 07:43:45;04/02/2021;07:43:45;0.0;45;1022.0;0.0;0.0;2.4;0.93;0.0;;0.0;1.4;;;;;;;;;;;0.6;0.6;;;8.0;5.31;7.3;0.0;981.6;;;;;;;;;;
04/02/2021 07:45:58;04/02/2021;07:45:58;0.0;45;1022.0;0.0;0.0;2.4;0.93;0.0;;0.0;1.4;;;;;;;;;;;0.6;0.6;;;8.0;5.31;7.3;0.0;981.6;;;;;;;;;;
04/02/2021 07:48:04;04/02/2021;07:48:04;0.0;45;1022.0;0.0;0.0;2.4;0.93;0.0;;0.0;1.4;;;;;;;;;;;0.6;0.6;;;8.0;5.31;7.3;0.0;981.6;;;;;;;;;;
04/02/2021 07:50:11;04/02/2021;07:50:11;0.0;45;1022.0;0.0;0.0;2.4;0.93;0.0;;0.0;1.4;;;;;;;;;;;0.6;0.6;;;8.0;5.31;7.3;0.0;981.6;;;;;;;;;;
04/02/2021 07:52:19;04/02/2021;07:52:19;0.0;45;1022.0;0.0;0.0;2.4;0.93;0.0;;0.0;1.4;;;;;;;;;;;0.6;0.6;;;8.0;5.31;7.3;0.0;981.6;;;;;;;;;;
04/02/2021 07:54:26;04/02/2021;07:54:26;0.0;45;1022.0;0.0;0.0;2.4;0.93;0.0;;0.0;1.4;;;;;;;;;;;0.6;0.6;;;8.0;5.31;7.3;0.0;981.6;;;;;;;;;;
04/02/2021 07:56:33;04/02/2021;07:56:33;0.0;45;1022.0;0.0;0.0;2.4;0.93;0.0;;0.0;1.4;;;;;;;;;;;0.6;0.6;;;8.0;5.31;7.3;0.0;981.6;;;;;;;;;;
04/02/2021 07:58:41;04/02/2021;07:58:41;0.0;45;1022.0;0.0;0.0;2.4;0.93;0.0;;0.0;1.4;;;;;;;;;;;0.6;0.6;;;8.0;5.31;7.3;0.0;981.6;;;;;;;;;;
04/02/2021 08:00:53;04/02/2021;08:00:53;0.0;45;1022.0;0.0;0.0;2.4;0.93;0.0;;0.0;1.4;;;;;;;;;;;0.6;0.6;;;8.0;5.31;7.3;0.0;981.6;;;;;;;;;;
04/02/2021 08:03:04;04/02/2021;08:03:04;0.0;45;1022.0;0.0;0.0;2.4;0.93;0.0;;0.0;1.4;;;;;;;;;;;0.6;0.6;;;8.0;5.31;7.3;0.0;981.6;;;;;;;;;;
04/02/2021 08:05:12;04/02/2021;08:05:12;0.0;45;1022.0;0.0;0.0;2.4;0.93;0.0;;0.0;1.4;;;;;;;;;;;0.6;0.6;;;8.0;5.31;7.3;0.0;981.6;;;;;;;;;;
04/02/2021 08:07:25;04/02/2021;08:07:25;0.0;45;1022.0;0.0;0.0;2.4;0.93;0.0;;0.0;1.4;;;;;;;;;;;0.6;0.6;;;8.0;5.31;7.3;0.0;981.6;;;;;;;;;;
04/02/2021 08:09:33;04/02/2021;08:09:33;0.0;45;1022.0;0.0;0.0;2.5;0.93;0.0;;0.0;1.5;;;;;;;;;;;0.7;0.7;;;8.0;5.35;7.3;0.0;981.7;;;;;;;;;;
04/02/2021 08:11:44;04/02/2021;08:11:44;0.0;45;1022.0;0.0;0.0;2.5;0.93;0.0;;0.0;1.5;;;;;;;;;;;0.7;0.7;;;8.0;5.35;7.3;0.0;981.7;;;;;;;;;;
04/02/2021 08:13:51;04/02/2021;08:13:51;0.0;45;1022.0;0.0;0.0;2.5;0.93;0.0;;0.0;1.5;;;;;;;;;;;0.7;0.7;;;8.0;5.35;7.3;0.0;981.7;;;;;;;;;;
04/02/2021 08:15:58;04/02/2021;08:15:58;0.0;45;1022.0;0.0;0.0;2.5;0.93;0.0;;0.0;1.5;;;;;;;;;;;0.7;0.7;;;8.0;5.35;7.3;0.0;981.7;;;;;;;;;;
04/02/2021 08:18:05;04/02/2021;08:18:05;0.0;45;1022.0;0.0;0.0;2.5;0.93;0.0;;0.0;1.5;;;;;;;;;;;0.7;0.7;;;8.0;5.35;7.3;0.0;981.7;;;;;;;;;;
04/02/2021 08:20:12;04/02/2021;08:20:12;0.0;45;1022.0;0.0;0.0;2.5;0.93;0.0;;0.0;1.5;;;;;;;;;;;0.7;0.7;;;8.0;5.35;7.3;0.0;981.7;;;;;;;;;;
04/02/2021 08:24:20;04/02/2021;08:24:20;0.0;45;1023.0;0.0;0.0;2.5;0.93;0.0;;0.0;1.5;;;;;;;;;;;0.7;0.7;;;8.0;5.35;7.3;0.0;982.6;;;;;;;;;;
04/02/2021 08:26:30;04/02/2021;08:26:30;0.0;45;1023.0;0.0;0.0;2.5;0.93;0.0;;0.0;1.5;;;;;;;;;;;0.7;0.7;;;8.0;5.35;7.3;0.0;982.6;;;;;;;;;;
04/02/2021 08:28:42;04/02/2021;08:28:42;0.0;90;1023.0;0.0;0.0;2.6;0.93;0.0;;0.0;1.6;;;;;;;;;;;0.9;0.9;;;8.1;5.38;7.4;0.0;982.6;;;;;;;;;;
04/02/2021 08:34:45;04/02/2021;08:34:45;0.0;90;1023.0;0.0;0.0;2.6;0.93;0.0;;0.0;1.6;;;;;;;;;;;0.9;0.9;;;8.1;5.38;7.4;0.0;982.6;;;;;;;;;;
04/02/2021 08:36:53;04/02/2021;08:36:53;0.0;90;1023.0;0.0;0.0;2.6;0.93;0.0;;0.0;1.6;;;;;;;;;;;0.9;0.9;;;8.1;5.38;7.4;0.0;982.6;;;;;;;;;;
04/02/2021 08:39:02;04/02/2021;08:39:02;0.0;90;1023.0;0.0;0.0;2.7;0.93;0.0;;0.0;1.7;;;;;;;;;;;1.0;1.0;;;8.2;5.42;7.4;0.0;982.6;;;;;;;;;;
04/02/2021 08:43:50;04/02/2021;08:43:50;0.0;90;1023.0;0.0;0.0;2.7;0.93;0.0;;0.0;1.7;;;;;;;;;;;1.0;1.0;;;8.2;5.42;7.4;0.0;982.6;;;;;;;;;;
04/02/2021 08:49:12;04/02/2021;08:49:12;0.0;90;1023.0;0.0;0.0;2.7;0.93;0.0;;0.0;1.7;;;;;;;;;;;1.0;1.0;;;8.2;5.42;7.4;0.0;982.6;;;;;;;;;;
04/02/2021 08:52:02;04/02/2021;08:52:02;0.0;90;1023.0;0.0;0.0;2.7;0.93;0.0;;0.0;1.7;;;;;;;;;;;1.0;1.0;;;8.2;5.42;7.4;0.0;982.6;;;;;;;;;;
04/02/2021 08:54:11;04/02/2021;08:54:11;0.0;90;1023.0;0.0;0.0;2.8;0.93;0.0;;0.0;1.8;;;;;;;;;;;1.1;1.1;;;8.3;5.46;7.5;0.0;982.7;;;;;;;;;;
04/02/2021 08:56:22;04/02/2021;08:56:22;0.0;90;1023.0;0.0;0.0;2.8;0.93;0.0;;0.0;1.8;;;;;;;;;;;1.1;1.1;;;8.3;5.46;7.5;0.0;982.7;;;;;;;;;;
04/02/2021 08:58:33;04/02/2021;08:58:33;0.0;90;1023.0;0.0;0.0;2.9;0.93;0.0;;0.0;1.9;;;;;;;;;;;1.2;1.2;;;8.3;5.49;7.5;0.0;982.7;;;;;;;;;;
04/02/2021 09:00:42;04/02/2021;09:00:42;0.0;45;1023.0;0.0;0.0;2.9;0.93;0.0;;0.0;1.9;;;;;;;;;;;1.2;1.2;;;8.3;5.49;7.5;0.0;982.7;;;;;;;;;;
04/02/2021 09:02:50;04/02/2021;09:02:50;0.0;45;1023.0;0.0;0.0;3.0;0.93;0.0;;0.0;2.0;;;;;;;;;;;1.3;1.4;;;8.4;5.53;7.6;0.0;982.7;;;;;;;;;;
04/02/2021 09:06:44;04/02/2021;09:06:44;0.0;45;1024.0;0.0;0.0;3.0;0.92;0.0;;0.0;1.8;;;;;;;;;;;1.3;1.3;;;8.4;5.47;7.6;0.0;983.6;;;;;;;;;;
04/02/2021 09:08:51;04/02/2021;09:08:51;0.0;45;1024.0;0.0;0.0;3.0;0.92;0.0;;0.0;1.8;;;;;;;;;;;1.3;1.3;;;8.4;5.47;7.6;0.0;983.6;;;;;;;;;;
04/02/2021 09:11:08;04/02/2021;09:11:08;0.0;45;1024.0;0.0;0.0;3.0;0.92;0.0;;0.0;1.8;;;;;;;;;;;1.3;1.3;;;8.4;5.47;7.6;0.0;983.6;;;;;;;;;;
04/02/2021 09:13:24;04/02/2021;09:13:24;0.0;45;1024.0;0.0;0.0;3.0;0.92;0.0;;0.0;1.8;;;;;;;;;;;1.3;1.3;;;8.4;5.47;7.6;0.0;983.6;;;;;;;;;;
04/02/2021 09:15:31;04/02/2021;09:15:31;0.0;45;1024.0;0.0;0.0;3.0;0.92;0.0;;0.0;1.8;;;;;;;;;;;1.3;1.3;;;8.4;5.47;7.6;0.0;983.6;;;;;;;;;;
04/02/2021 09:17:43;04/02/2021;09:17:43;0.0;45;1024.0;0.0;0.0;3.1;0.92;0.0;;0.0;1.9;;;;;;;;;;;1.4;1.4;;;8.5;5.51;7.6;0.0;983.7;;;;;;;;;;
04/02/2021 09:19:52;04/02/2021;09:19:52;0.0;45;1024.0;0.0;0.0;3.1;0.92;0.0;;0.0;1.9;;;;;;;;;;;1.4;1.4;;;8.5;5.51;7.6;0.0;983.7;;;;;;;;;;
04/02/2021 09:21:59;04/02/2021;09:21:59;0.0;45;1024.0;0.0;0.0;3.1;0.92;0.0;;0.0;1.9;;;;;;;;;;;1.4;1.4;;;8.5;5.51;7.6;0.0;983.7;;;;;;;;;;
04/02/2021 09:24:12;04/02/2021;09:24:12;0.0;45;1024.0;0.0;0.0;3.1;0.92;0.0;;0.0;1.9;;;;;;;;;;;1.4;1.4;;;8.5;5.51;7.6;0.0;983.7;;;;;;;;;;
04/02/2021 09:26:21;04/02/2021;09:26:21;0.0;45;1024.0;0.0;0.0;3.1;0.92;0.0;;0.0;1.9;;;;;;;;;;;1.4;1.4;;;8.5;5.51;7.6;0.0;983.7;;;;;;;;;;
04/02/2021 09:28:35;04/02/2021;09:28:35;0.0;45;1024.0;0.0;0.0;3.1;0.92;0.0;;0.0;1.9;;;;;;;;;;;1.4;1.4;;;8.5;5.51;7.6;0.0;983.7;;;;;;;;;;
04/02/2021 09:30:58;04/02/2021;09:30:58;0.0;45;1024.0;0.0;0.0;3.1;0.92;0.0;;0.0;1.9;;;;;;;;;;;1.4;1.4;;;8.5;5.51;7.6;0.0;983.7;;;;;;;;;;
04/02/2021 09:35:17;04/02/2021;09:35:17;0.0;45;1024.0;0.0;0.0;3.1;0.92;0.0;;0.0;1.9;;;;;;;;;;;1.4;1.4;;;8.5;5.51;7.6;0.0;983.7;;;;;;;;;;
04/02/2021 11:37:35;04/02/2021;11:37:35;0.0;90;1025.0;0.0;0.0;5.2;0.89;0.0;;0.0;3.5;;;;;;;;;;;3.8;4.0;;;10.0;6.13;8.8;0.0;984.9;;;;;;;;;;
04/02/2021 11:39:49;04/02/2021;11:39:49;0.0;112.5;1025.0;0.0;0.0;5.3;0.89;0.0;;0.0;3.6;;;;;;;;;;;3.9;4.1;;;10.1;6.17;8.9;0.0;984.9;;;;;;;;;;
04/02/2021 11:41:55;04/02/2021;11:41:55;0.0;90;1025.0;0.0;0.0;5.4;0.89;0.0;;0.0;3.7;;;;;;;;;;;4.0;4.3;;;10.1;6.21;9.0;0.0;984.9;;;;;;;;;;
04/02/2021 11:47:04;04/02/2021;11:47:04;0.0;45;1025.0;0.0;0.0;5.5;0.88;0.0;;0.0;3.6;;;;;;;;;;;4.1;4.3;;;10.2;6.18;9.0;0.0;985.0;;;;;;;;;;
04/02/2021 11:49:15;04/02/2021;11:49:15;0.0;67.5;1025.0;0.0;0.0;5.5;0.89;0.0;;0.0;3.8;;;;;;;;;;;4.1;4.4;;;10.2;6.25;9.0;0.0;985.0;;;;;;;;;;
04/02/2021 11:51:29;04/02/2021;11:51:29;0.0;45;1024.0;0.0;0.0;5.5;0.89;0.0;;0.0;3.8;;;;;;;;;;;4.1;4.4;;;10.2;6.25;9.0;0.0;984.0;;;;;;;;;;
04/02/2021 11:53:41;04/02/2021;11:53:41;0.0;45;1024.0;0.0;0.0;5.5;0.88;0.0;;0.0;3.6;;;;;;;;;;;4.1;4.3;;;10.2;6.18;9.0;0.0;984.0;;;;;;;;;;
04/02/2021 11:55:49;04/02/2021;11:55:49;0.0;45;1024.0;0.0;0.0;5.6;0.88;0.0;;0.0;3.7;;;;;;;;;;;4.2;4.5;;;10.3;6.22;9.1;0.0;984.0;;;;;;;;;;
04/02/2021 11:58:02;04/02/2021;11:58:02;0.0;45;1024.0;0.0;0.0;5.7;0.88;0.0;;0.0;3.8;;;;;;;;;;;4.4;4.6;;;10.3;6.26;9.2;0.0;984.0;;;;;;;;;;
04/02/2021 12:00:15;04/02/2021;12:00:15;0.0;45;1024.0;0.0;0.0;5.8;0.88;0.0;;0.0;3.9;;;;;;;;;;;4.5;4.7;;;10.4;6.3;9.2;0.0;984.0;;;;;;;;;;
04/02/2021 12:02:24;04/02/2021;12:02:24;0.0;45;1024.0;0.0;0.0;6.0;0.87;0.0;;0.0;4.0;;;;;;;;;;;4.7;5.0;;;10.5;6.31;9.4;0.0;984.1;;;;;;;;;;
04/02/2021 12:04:52;04/02/2021;12:04:52;0.0;67.5;1024.0;0.0;0.0;6.0;0.87;0.0;;0.0;4.0;;;;;;;;;;;4.7;5.0;;;10.5;6.31;9.4;0.0;984.1;;;;;;;;;;
04/02/2021 12:07:02;04/02/2021;12:07:02;0.0;45;1025.0;0.0;0.0;6.1;0.88;0.0;;0.0;4.2;;;;;;;;;;;4.8;5.1;;;10.7;6.43;9.4;0.0;985.0;;;;;;;;;;
04/02/2021 12:09:09;04/02/2021;12:09:09;0.0;45;1025.0;0.0;0.0;6.1;0.87;0.0;;0.0;4.1;;;;;;;;;;;4.8;5.1;;;10.6;6.36;9.4;0.0;985.0;;;;;;;;;;
04/02/2021 12:11:26;04/02/2021;12:11:26;0.0;45;1025.0;0.0;0.0;6.1;0.87;0.0;;0.0;4.1;;;;;;;;;;;4.8;5.1;;;10.6;6.36;9.4;0.0;985.0;;;;;;;;;;
04/02/2021 12:13:42;04/02/2021;12:13:42;0.0;45;1025.0;0.0;0.0;6.1;0.87;0.0;;0.0;4.1;;;;;;;;;;;4.8;5.1;;;10.6;6.36;9.4;0.0;985.0;;;;;;;;;;
04/02/2021 12:15:52;04/02/2021;12:15:52;0.0;45;1025.0;0.0;0.0;6.1;0.87;0.0;;0.0;4.1;;;;;;;;;;;4.8;5.1;;;10.6;6.36;9.4;0.0;985.0;;;;;;;;;;
04/02/2021 12:18:01;04/02/2021;12:18:01;0.0;45;1025.0;0.0;0.0;6.1;0.87;0.0;;0.0;4.1;;;;;;;;;;;4.8;5.1;;;10.6;6.36;9.4;0.0;985.0;;;;;;;;;;
04/02/2021 12:20:12;04/02/2021;12:20:12;0.0;67.5;1025.0;0.0;0.0;6.1;0.87;0.0;;0.0;4.1;;;;;;;;;;;4.8;5.1;;;10.6;6.36;9.4;0.0;985.0;;;;;;;;;;
04/02/2021 12:23:55;04/02/2021;12:23:55;0.0;45;1025.0;0.0;0.0;6.1;0.86;0.0;;0.0;3.9;;;;;;;;;;;4.8;5.0;;;10.6;6.28;9.4;0.0;985.0;;;;;;;;;;
04/02/2021 12:26:14;04/02/2021;12:26:14;0.0;45;1025.0;0.0;0.0;6.2;0.86;0.0;;0.0;4.0;;;;;;;;;;;4.9;5.2;;;10.7;6.32;9.5;0.0;985.1;;;;;;;;;;
04/02/2021 12:28:21;04/02/2021;12:28:21;0.0;45;1025.0;0.0;0.0;6.3;0.86;0.0;;0.0;4.1;;;;;;;;;;;5.0;5.3;;;10.7;6.37;9.6;0.0;985.1;;;;;;;;;;
04/02/2021 12:30:33;04/02/2021;12:30:33;0.0;45;1025.0;0.0;0.0;6.4;0.86;0.0;;0.0;4.2;;;;;;;;;;;5.1;5.4;;;10.8;6.41;9.6;0.0;985.1;;;;;;;;;;
04/02/2021 12:32:45;04/02/2021;12:32:45;0.0;45;1025.0;0.0;0.0;6.4;0.86;0.0;;0.0;4.2;;;;;;;;;;;5.1;5.4;;;10.8;6.41;9.6;0.0;985.1;;;;;;;;;;
04/02/2021 12:34:53;04/02/2021;12:34:53;0.0;67.5;1025.0;0.0;0.0;6.5;0.85;0.0;;0.0;4.1;;;;;;;;;;;5.2;5.5;;;10.9;6.37;9.7;0.0;985.1;;;;;;;;;;
04/02/2021 12:37:00;04/02/2021;12:37:00;0.0;45;1025.0;0.0;0.0;6.6;0.85;0.0;;0.0;4.2;;;;;;;;;;;5.3;5.6;;;10.9;6.42;9.7;0.0;985.1;;;;;;;;;;
04/02/2021 12:39:05;04/02/2021;12:39:05;0.0;67.5;1025.0;0.0;0.0;6.6;0.86;0.0;;0.0;4.4;;;;;;;;;;;5.4;5.7;;;11.0;6.49;9.7;0.0;985.1;;;;;;;;;;
04/02/2021 12:41:16;04/02/2021;12:41:16;0.0;45;1025.0;0.0;0.0;6.6;0.86;0.0;;0.0;4.4;;;;;;;;;;;5.4;5.7;;;11.0;6.49;9.7;0.0;985.1;;;;;;;;;;
04/02/2021 12:43:22;04/02/2021;12:43:22;0.0;45;1025.0;0.0;0.0;6.6;0.86;0.0;;0.0;4.4;;;;;;;;;;;5.4;5.7;;;11.0;6.49;9.7;0.0;985.1;;;;;;;;;;
04/02/2021 12:45:34;04/02/2021;12:45:34;0.0;45;1025.0;0.0;0.0;6.7;0.85;0.0;;0.0;4.3;;;;;;;;;;;5.4;5.8;;;11.0;6.46;9.8;0.0;985.1;;;;;;;;;;
04/02/2021 12:47:40;04/02/2021;12:47:40;0.0;45;1025.0;0.0;0.0;6.8;0.85;0.0;;0.0;4.4;;;;;;;;;;;5.6;5.9;;;11.1;6.5;9.9;0.0;985.1;;;;;;;;;;
04/02/2021 12:49:46;04/02/2021;12:49:46;0.0;45;1025.0;0.0;0.0;6.9;0.84;0.0;;0.0;4.4;;;;;;;;;;;5.7;6.0;;;11.1;6.47;10.0;0.0;985.2;;;;;;;;;;
04/02/2021 12:51:57;04/02/2021;12:51:57;0.0;45;1024.0;0.0;0.0;7.1;0.84;0.0;;0.0;4.5;;;;;;;;;;;5.9;6.2;;;11.3;6.55;10.1;0.0;984.2;;;;;;;;;;
04/02/2021 12:54:06;04/02/2021;12:54:06;0.0;67.5;1024.0;0.0;0.0;7.1;0.85;0.0;;0.0;4.7;;;;;;;;;;;5.9;6.3;;;11.3;6.63;10.1;0.0;984.2;;;;;;;;;;
04/02/2021 12:56:19;04/02/2021;12:56:19;0.0;67.5;1024.0;0.0;0.0;7.0;0.86;0.0;;0.0;4.8;;;;;;;;;;;5.8;6.2;;;11.3;6.66;10.0;0.0;984.2;;;;;;;;;;
04/02/2021 12:58:28;04/02/2021;12:58:28;0.0;67.5;1024.0;0.0;0.0;6.8;0.86;0.0;;0.0;4.6;;;;;;;;;;;5.6;6.0;;;11.1;6.58;9.9;0.0;984.2;;;;;;;;;;
04/02/2021 13:00:34;04/02/2021;13:00:34;0.0;45;1024.0;0.0;0.0;6.7;0.86;0.0;;0.0;4.5;;;;;;;;;;;5.5;5.8;;;11.1;6.53;9.8;0.0;984.2;;;;;;;;;;
04/02/2021 13:02:41;04/02/2021;13:02:41;0.0;45;1024.0;0.0;0.0;6.6;0.86;0.0;;0.0;4.4;;;;;;;;;;;5.4;5.7;;;11.0;6.49;9.7;0.0;984.2;;;;;;;;;;
04/02/2021 13:04:49;04/02/2021;13:04:49;0.0;45;1024.0;0.0;0.0;6.7;0.85;0.0;;0.0;4.3;;;;;;;;;;;5.4;5.8;;;11.0;6.46;9.8;0.0;984.2;;;;;;;;;;
04/02/2021 13:06:56;04/02/2021;13:06:56;0.0;67.5;1025.0;0.0;0.0;6.8;0.85;0.0;;0.0;4.4;;;;;;;;;;;5.6;5.9;;;11.1;6.5;9.9;0.0;985.1;;;;;;;;;;
04/02/2021 13:09:03;04/02/2021;13:09:03;0.0;45;1025.0;0.0;0.0;6.9;0.85;0.0;;0.0;4.5;;;;;;;;;;;5.7;6.0;;;11.2;6.54;10.0;0.0;985.2;;;;;;;;;;
04/02/2021 13:11:15;04/02/2021;13:11:15;0.0;45;1025.0;0.0;0.0;7.0;0.85;0.0;;0.0;4.6;;;;;;;;;;;5.8;6.2;;;11.3;6.59;10.0;0.0;985.2;;;;;;;;;;
04/02/2021 13:13:23;04/02/2021;13:13:23;0.0;67.5;1025.0;0.0;0.0;7.1;0.85;0.0;;0.0;4.7;;;;;;;;;;;5.9;6.3;;;11.3;6.63;10.1;0.0;985.2;;;;;;;;;;
04/02/2021 13:15:30;04/02/2021;13:15:30;0.0;45;1025.0;0.0;0.0;7.1;0.85;0.0;;0.0;4.7;;;;;;;;;;;5.9;6.3;;;11.3;6.63;10.1;0.0;985.2;;;;;;;;;;
04/02/2021 13:17:37;04/02/2021;13:17:37;0.0;45;1025.0;0.0;0.0;7.1;0.85;0.0;;0.0;4.7;;;;;;;;;;;5.9;6.3;;;11.3;6.63;10.1;0.0;985.2;;;;;;;;;;
04/02/2021 13:19:46;04/02/2021;13:19:46;0.0;45;1025.0;0.0;0.0;7.0;0.85;0.0;;0.0;4.6;;;;;;;;;;;5.8;6.2;;;11.3;6.59;10.0;0.0;985.2;;;;;;;;;;
04/02/2021 15:23:11;04/02/2021;15:23:11;0.7559395248380129;67.5;1024.0;0.0;0.0;6.1;0.88;0.0;;0.7559395248380129;4.2;;;;;;;;;;;4.6;5.1;;;10.7;6.43;9.4;0.07;984.1;;;;;;;;;;
04/02/2021 15:25:24;04/02/2021;15:25:24;0.0;67.5;1024.0;0.0;0.0;6.0;0.88;0.0;;0.0;4.1;;;;;;;;;;;4.7;5.0;;;10.6;6.39;9.4;0.07;984.1;;;;;;;;;;
04/02/2021 15:27:34;04/02/2021;15:27:34;0.0;45;1024.0;0.0;0.0;6.0;0.88;0.0;;0.0;4.1;;;;;;;;;;;4.7;5.0;;;10.6;6.39;9.4;0.07;984.1;;;;;;;;;;
04/02/2021 15:29:56;04/02/2021;15:29:56;0.0;45;1024.0;0.0;0.0;6.0;0.87;0.0;;0.0;4.0;;;;;;;;;;;4.7;5.0;;;10.5;6.31;9.4;0.07;984.1;;;;;;;;;;
04/02/2021 15:32:04;04/02/2021;15:32:04;0.0;45;1024.0;0.0;0.0;6.1;0.88;0.0;;0.0;4.2;;;;;;;;;;;4.8;5.1;;;10.7;6.43;9.4;0.07;984.1;;;;;;;;;;
04/02/2021 15:34:10;04/02/2021;15:34:10;0.0;45;1024.0;0.0;0.0;6.1;0.87;0.0;;0.0;4.1;;;;;;;;;;;4.8;5.1;;;10.6;6.36;9.4;0.09;984.1;;;;;;;;;;
04/02/2021 15:36:23;04/02/2021;15:36:23;0.0;45;1024.0;0.0;0.0;6.2;0.87;0.0;;0.0;4.2;;;;;;;;;;;4.9;5.2;;;10.7;6.4;9.5;0.09;984.1;;;;;;;;;;
04/02/2021 15:39:15;04/02/2021;15:39:15;0.0;45;1024.0;0.0;0.0;6.3;0.87;0.0;;0.0;4.3;;;;;;;;;;;5.0;5.4;;;10.8;6.44;9.6;0.09;984.1;;;;;;;;;;
04/02/2021 15:41:22;04/02/2021;15:41:22;0.0;45;1024.0;0.0;0.0;6.3;0.87;0.0;;0.0;4.3;;;;;;;;;;;5.0;5.4;;;10.8;6.44;9.6;0.09;984.1;;;;;;;;;;
04/02/2021 15:43:30;04/02/2021;15:43:30;0.0;45;1024.0;0.0;0.0;6.4;0.87;0.0;;0.0;4.4;;;;;;;;;;;5.2;5.5;;;10.9;6.48;9.6;0.09;984.1;;;;;;;;;;
04/02/2021 15:45:39;04/02/2021;15:45:39;0.0;45;1024.0;0.0;0.0;6.4;0.87;0.0;;0.0;4.4;;;;;;;;;;;5.2;5.5;;;10.9;6.48;9.6;0.09;984.1;;;;;;;;;;
04/02/2021 15:47:49;04/02/2021;15:47:49;0.0;45;1024.0;0.0;0.0;6.4;0.87;0.0;;0.0;4.4;;;;;;;;;;;5.2;5.5;;;10.9;6.48;9.6;0.09;984.1;;;;;;;;;;
04/02/2021 15:49:56;04/02/2021;15:49:56;0.0;45;1024.0;0.0;0.0;6.3;0.87;0.0;;0.0;4.3;;;;;;;;;;;5.0;5.4;;;10.8;6.44;9.6;0.09;984.1;;;;;;;;;;
04/02/2021 15:52:03;04/02/2021;15:52:03;0.0;45;1024.0;0.0;0.0;6.3;0.87;0.0;;0.0;4.3;;;;;;;;;;;5.0;5.4;;;10.8;6.44;9.6;0.09;984.1;;;;;;;;;;
04/02/2021 15:54:13;04/02/2021;15:54:13;0.0;45;1024.0;0.0;0.0;6.3;0.87;0.0;;0.0;4.3;;;;;;;;;;;5.0;5.4;;;10.8;6.44;9.6;0.09;984.1;;;;;;;;;;
04/02/2021 15:56:21;04/02/2021;15:56:21;0.0;45;1024.0;0.0;0.0;6.2;0.87;0.0;;0.0;4.2;;;;;;;;;;;4.9;5.2;;;10.7;6.4;9.5;0.09;984.1;;;;;;;;;;
04/02/2021 15:58:31;04/02/2021;15:58:31;0.0;45;1024.0;0.0;0.0;6.2;0.88;0.0;;0.0;4.3;;;;;;;;;;;5.0;5.3;;;10.7;6.47;9.5;0.09;984.1;;;;;;;;;;
04/02/2021 16:00:40;04/02/2021;16:00:40;0.0;45;1024.0;0.0;0.0;6.2;0.88;0.0;;0.0;4.3;;;;;;;;;;;5.0;5.3;;;10.7;6.47;9.5;0.09;984.1;;;;;;;;;;
04/02/2021 16:02:52;04/02/2021;16:02:52;0.0;45;1024.0;0.0;0.0;6.2;0.87;0.0;;0.0;4.2;;;;;;;;;;;4.9;5.2;;;10.7;6.4;9.5;0.09;984.1;;;;;;;;;;
04/02/2021 16:04:58;04/02/2021;16:04:58;0.0;45;1024.0;0.0;0.0;6.1;0.88;0.0;;0.0;4.2;;;;;;;;;;;4.8;5.1;;;10.7;6.43;9.4;0.09;984.1;;;;;;;;;;
04/02/2021 16:07:05;04/02/2021;16:07:05;0.0;45;1024.0;0.0;0.0;6.1;0.88;0.0;;0.0;4.2;;;;;;;;;;;4.8;5.1;;;10.7;6.43;9.4;0.09;984.1;;;;;;;;;;
04/02/2021 16:09:13;04/02/2021;16:09:13;0.0;45;1024.0;0.0;0.0;6.1;0.88;0.0;;0.0;4.2;;;;;;;;;;;4.8;5.1;;;10.7;6.43;9.4;0.09;984.1;;;;;;;;;;
04/02/2021 16:11:22;04/02/2021;16:11:22;0.0;45;1024.0;0.0;0.0;6.1;0.88;0.0;;0.0;4.2;;;;;;;;;;;4.8;5.1;;;10.7;6.43;9.4;0.09;984.1;;;;;;;;;;
04/02/2021 16:14:30;04/02/2021;16:14:30;0.0;45;1024.0;0.0;0.0;6.0;0.88;0.0;;0.0;4.1;;;;;;;;;;;4.7;5.0;;;10.6;6.39;9.4;0.09;984.1;;;;;;;;;;
04/02/2021 16:16:40;04/02/2021;16:16:40;0.0;45;1024.0;0.0;0.0;6.0;0.88;0.0;;0.0;4.1;;;;;;;;;;;4.7;5.0;;;10.6;6.39;9.4;0.09;984.1;;;;;;;;;;
04/02/2021 16:18:47;04/02/2021;16:18:47;0.0;45;1024.0;0.0;0.0;6.0;0.88;0.0;;0.0;4.1;;;;;;;;;;;4.7;5.0;;;10.6;6.39;9.4;0.09;984.1;;;;;;;;;;
04/02/2021 16:20:55;04/02/2021;16:20:55;0.0;45;1024.0;0.0;0.0;6.0;0.88;0.0;;0.0;4.1;;;;;;;;;;;4.7;5.0;;;10.6;6.39;9.4;0.09;984.1;;;;;;;;;;
04/02/2021 16:23:02;04/02/2021;16:23:02;0.0;45;1024.0;0.0;0.0;6.0;0.88;0.0;;0.0;4.1;;;;;;;;;;;4.7;5.0;;;10.6;6.39;9.4;0.09;984.1;;;;;;;;;;
04/02/2021 16:25:14;04/02/2021;16:25:14;0.0;45;1024.0;0.0;0.0;6.1;0.88;0.0;;0.0;4.2;;;;;;;;;;;4.8;5.1;;;10.7;6.43;9.4;0.09;984.1;;;;;;;;;;
04/02/2021 16:27:20;04/02/2021;16:27:20;0.0;45;1024.0;0.0;0.0;6.1;0.88;0.0;;0.0;4.2;;;;;;;;;;;4.8;5.1;;;10.7;6.43;9.4;0.09;984.1;;;;;;;;;;
04/02/2021 16:29:31;04/02/2021;16:29:31;0.0;45;1024.0;0.0;0.0;6.1;0.88;0.0;;0.0;4.2;;;;;;;;;;;4.8;5.1;;;10.7;6.43;9.4;0.09;984.1;;;;;;;;;;
04/02/2021 16:31:38;04/02/2021;16:31:38;0.0;45;1024.0;0.0;0.0;6.1;0.88;0.0;;0.0;4.2;;;;;;;;;;;4.8;5.1;;;10.7;6.43;9.4;0.09;984.1;;;;;;;;;;
04/02/2021 16:33:56;04/02/2021;16:33:56;0.0;45;1024.0;0.0;0.0;6.1;0.88;0.0;;0.0;4.2;;;;;;;;;;;4.8;5.1;;;10.7;6.43;9.4;0.09;984.1;;;;;;;;;;
04/02/2021 16:36:12;04/02/2021;16:36:12;0.0;45;1024.0;0.0;0.0;6.1;0.88;0.0;;0.0;4.2;;;;;;;;;;;4.8;5.1;;;10.7;6.43;9.4;0.09;984.1;;;;;;;;;;
04/02/2021 16:38:22;04/02/2021;16:38:22;0.0;45;1024.0;0.0;0.0;6.1;0.88;0.0;;0.0;4.2;;;;;;;;;;;4.8;5.1;;;10.7;6.43;9.4;0.09;984.1;;;;;;;;;;
04/02/2021 16:40:29;04/02/2021;16:40:29;0.0;45;1024.0;0.0;0.0;6.1;0.88;0.0;;0.0;4.2;;;;;;;;;;;4.8;5.1;;;10.7;6.43;9.4;0.09;984.1;;;;;;;;;;
04/02/2021 16:42:40;04/02/2021;16:42:40;0.0;45;1024.0;0.0;0.0;6.1;0.88;0.0;;0.0;4.2;;;;;;;;;;;4.8;5.1;;;10.7;6.43;9.4;0.09;984.1;;;;;;;;;;
04/02/2021 16:45:16;04/02/2021;16:45:16;0.0;45;1024.0;0.0;0.0;6.0;0.88;0.0;;0.0;4.1;;;;;;;;;;;4.7;5.0;;;10.6;6.39;9.4;0.09;984.1;;;;;;;;;;
04/02/2021 16:47:24;04/02/2021;16:47:24;0.0;45;1024.0;0.0;0.0;6.0;0.88;0.0;;0.0;4.1;;;;;;;;;;;4.7;5.0;;;10.6;6.39;9.4;0.09;984.1;;;;;;;;;;
04/02/2021 16:49:38;04/02/2021;16:49:38;0.0;45;1024.0;0.0;0.0;5.9;0.88;0.0;;0.0;4.0;;;;;;;;;;;4.6;4.9;;;10.5;6.35;9.3;0.09;984.1;;;;;;;;;;
04/02/2021 16:51:45;04/02/2021;16:51:45;0.0;45;1024.0;0.0;0.0;5.8;0.88;0.0;;0.0;3.9;;;;;;;;;;;4.5;4.7;;;10.4;6.3;9.2;0.09;984.0;;;;;;;;;;
04/02/2021 16:53:54;04/02/2021;16:53:54;0.0;45;1024.0;0.0;0.0;5.7;0.88;0.0;;0.0;3.8;;;;;;;;;;;4.4;4.6;;;10.3;6.26;9.2;0.09;984.0;;;;;;;;;;
04/02/2021 16:56:05;04/02/2021;16:56:05;0.0;45;1024.0;0.0;0.0;5.7;0.88;0.0;;0.0;3.8;;;;;;;;;;;4.4;4.6;;;10.3;6.26;9.2;0.09;984.0;;;;;;;;;;
04/02/2021 16:58:17;04/02/2021;16:58:17;0.0;45;1024.0;0.0;0.0;5.6;0.88;0.0;;0.0;3.7;;;;;;;;;;;4.2;4.5;;;10.3;6.22;9.1;0.09;984.0;;;;;;;;;;
04/02/2021 17:00:24;04/02/2021;17:00:24;0.0;90;1024.0;0.0;0.0;5.5;0.89;0.0;;0.0;3.8;;;;;;;;;;;4.1;4.4;;;10.2;6.25;9.0;0.09;984.0;;;;;;;;;;
04/02/2021 17:02:39;04/02/2021;17:02:39;0.0;90;1024.0;0.0;0.0;5.4;0.89;0.0;;0.0;3.7;;;;;;;;;;;4.0;4.3;;;10.1;6.21;9.0;0.09;984.0;;;;;;;;;;
04/02/2021 17:04:45;04/02/2021;17:04:45;0.0;67.5;1024.0;0.0;0.0;5.3;0.89;0.0;;0.0;3.6;;;;;;;;;;;3.9;4.1;;;10.1;6.17;8.9;0.09;984.0;;;;;;;;;;
04/02/2021 17:06:50;04/02/2021;17:06:50;0.0;67.5;1024.0;0.0;0.0;5.2;0.89;0.0;;0.0;3.5;;;;;;;;;;;3.8;4.0;;;10.0;6.13;8.8;0.09;984.0;;;;;;;;;;
04/02/2021 17:09:04;04/02/2021;17:09:04;0.0;67.5;1024.0;0.0;0.0;5.1;0.89;0.0;;0.0;3.4;;;;;;;;;;;3.7;3.9;;;9.9;6.09;8.8;0.09;983.9;;;;;;;;;;
04/02/2021 17:11:25;04/02/2021;17:11:25;0.0;67.5;1024.0;0.0;0.0;5.1;0.89;0.0;;0.0;3.4;;;;;;;;;;;3.7;3.9;;;9.9;6.09;8.8;0.09;983.9;;;;;;;;;;
04/02/2021 17:13:35;04/02/2021;17:13:35;0.0;67.5;1024.0;0.0;0.0;5.1;0.89;0.0;;0.0;3.4;;;;;;;;;;;3.7;3.9;;;9.9;6.09;8.8;0.09;983.9;;;;;;;;;;
04/02/2021 17:15:47;04/02/2021;17:15:47;0.0;67.5;1024.0;0.0;0.0;5.1;0.89;0.0;;0.0;3.4;;;;;;;;;;;3.7;3.9;;;9.9;6.09;8.8;0.09;983.9;;;;;;;;;;
04/02/2021 17:17:55;04/02/2021;17:17:55;0.0;67.5;1024.0;0.0;0.0;5.1;0.89;0.0;;0.0;3.4;;;;;;;;;;;3.7;3.9;;;9.9;6.09;8.8;0.09;983.9;;;;;;;;;;
04/02/2021 17:20:14;04/02/2021;17:20:14;0.0;67.5;1024.0;0.0;0.0;5.1;0.89;0.0;;0.0;3.4;;;;;;;;;;;3.7;3.9;;;9.9;6.09;8.8;0.09;983.9;;;;;;;;;;
04/02/2021 17:23:52;04/02/2021;17:23:52;0.0;45;1024.0;0.0;0.0;5.1;0.89;0.0;;0.0;3.4;;;;;;;;;;;3.7;3.9;;;9.9;6.09;8.8;0.09;983.9;;;;;;;;;;
04/02/2021 17:26:00;04/02/2021;17:26:00;0.0;45;1024.0;0.0;0.0;5.0;0.89;0.0;;0.0;3.3;;;;;;;;;;;3.6;3.7;;;9.8;6.05;8.7;0.09;983.9;;;;;;;;;;
04/02/2021 17:28:07;04/02/2021;17:28:07;0.0;45;1024.0;0.0;0.0;5.0;0.89;0.0;;0.0;3.3;;;;;;;;;;;3.6;3.7;;;9.8;6.05;8.7;0.09;983.9;;;;;;;;;;
04/02/2021 17:30:25;04/02/2021;17:30:25;0.0;45;1024.0;0.0;0.0;4.9;0.89;0.0;;0.0;3.2;;;;;;;;;;;3.4;3.6;;;9.7;6.01;8.7;0.09;983.9;;;;;;;;;;
04/02/2021 17:32:34;04/02/2021;17:32:34;0.0;45;1024.0;0.0;0.0;4.8;0.89;0.0;;0.0;3.1;;;;;;;;;;;3.3;3.5;;;9.7;5.97;8.6;0.09;983.9;;;;;;;;;;
04/02/2021 17:34:41;04/02/2021;17:34:41;0.0;67.5;1024.0;0.0;0.0;4.6;0.9;0.0;;0.0;3.1;;;;;;;;;;;3.1;3.3;;;9.5;5.96;8.5;0.09;983.9;;;;;;;;;;
04/02/2021 17:36:49;04/02/2021;17:36:49;0.7559395248380129;45;1025.0;0.0;0.0;4.4;0.9;0.0;;0.7559395248380129;2.9;;;;;;;;;;;2.6;3.0;;;9.4;5.88;8.4;0.09;984.8;;;;;;;;;;
04/02/2021 17:39:00;04/02/2021;17:39:00;1.0259179265658747;45;1025.0;0.0;0.0;4.2;0.9;0.0;;1.3498920086393087;2.7;;;;;;;;;;;2.3;2.8;;;9.2;5.8;8.3;0.15;984.8;;;;;;;;;;
04/02/2021 17:41:08;04/02/2021;17:41:08;0.7559395248380129;45;1025.0;0.0;0.0;4.0;0.9;0.0;;0.7559395248380129;2.5;;;;;;;;;;;2.1;2.5;;;9.1;5.72;8.1;0.15;984.7;;;;;;;;;;
04/02/2021 17:43:15;04/02/2021;17:43:15;0.0;45;1025.0;0.0;0.0;3.9;0.9;0.0;;0.0;2.4;;;;;;;;;;;2.3;2.4;;;9.0;5.69;8.1;0.15;984.7;;;;;;;;;;
04/02/2021 17:45:22;04/02/2021;17:45:22;0.0;45;1025.0;0.0;0.0;3.9;0.9;0.0;;0.0;2.4;;;;;;;;;;;2.3;2.4;;;9.0;5.69;8.1;0.15;984.7;;;;;;;;;;
04/02/2021 17:47:33;04/02/2021;17:47:33;0.0;45;1025.0;0.0;0.0;3.8;0.91;0.0;;0.0;2.4;;;;;;;;;;;2.2;2.3;;;9.0;5.71;8.0;0.15;984.7;;;;;;;;;;
04/02/2021 17:49:49;04/02/2021;17:49:49;0.0;45;1025.0;0.0;0.0;3.8;0.91;0.0;;0.0;2.4;;;;;;;;;;;2.2;2.3;;;9.0;5.71;8.0;0.28;984.7;;;;;;;;;;
04/02/2021 17:51:57;04/02/2021;17:51:57;0.0;45;1025.0;0.0;0.0;3.8;0.9;0.0;;0.0;2.3;;;;;;;;;;;2.2;2.3;;;8.9;5.65;8.0;0.28;984.7;;;;;;;;;;
04/02/2021 17:54:04;04/02/2021;17:54:04;0.0;45;1025.0;0.0;0.0;3.7;0.91;0.0;;0.0;2.3;;;;;;;;;;;2.1;2.2;;;8.9;5.67;8.0;0.28;984.7;;;;;;;;;;
04/02/2021 17:56:11;04/02/2021;17:56:11;0.0;45;1025.0;0.0;0.0;3.7;0.91;0.0;;0.0;2.3;;;;;;;;;;;2.1;2.2;;;8.9;5.67;8.0;0.28;984.7;;;;;;;;;;
04/02/2021 17:58:19;04/02/2021;17:58:19;0.0;45;1025.0;0.0;0.0;3.7;0.91;0.0;;0.0;2.3;;;;;;;;;;;2.1;2.2;;;8.9;5.67;8.0;0.28;984.7;;;;;;;;;;
04/02/2021 18:00:25;04/02/2021;18:00:25;0.0;45;1025.0;0.0;0.0;3.7;0.91;0.0;;0.0;2.3;;;;;;;;;;;2.1;2.2;;;8.9;5.67;8.0;0.28;984.7;;;;;;;;;;
04/02/2021 18:02:33;04/02/2021;18:02:33;0.0;45;1025.0;0.0;0.0;3.7;0.91;0.0;;0.0;2.3;;;;;;;;;;;2.1;2.2;;;8.9;5.67;8.0;0.28;984.7;;;;;;;;;;
04/02/2021 18:04:43;04/02/2021;18:04:43;0.0;45;1025.0;0.0;0.0;3.7;0.91;0.0;;0.0;2.3;;;;;;;;;;;2.1;2.2;;;8.9;5.67;8.0;0.28;984.7;;;;;;;;;;
04/02/2021 18:06:52;04/02/2021;18:06:52;0.0;45;1025.0;0.0;0.0;3.6;0.91;0.0;;0.0;2.2;;;;;;;;;;;2.0;2.0;;;8.8;5.63;7.9;0.28;984.7;;;;;;;;;;
04/02/2021 18:08:59;04/02/2021;18:08:59;0.0;45;1025.0;0.0;0.0;3.6;0.9;0.0;;0.0;2.1;;;;;;;;;;;1.9;2.0;;;8.8;5.57;7.9;0.28;984.7;;;;;;;;;;
04/02/2021 18:11:09;04/02/2021;18:11:09;0.0;45;1025.0;0.0;0.0;3.5;0.9;0.0;;0.0;2.0;;;;;;;;;;;1.8;1.9;;;8.7;5.54;7.9;0.28;984.7;;;;;;;;;;
04/02/2021 18:13:16;04/02/2021;18:13:16;0.0;45;1025.0;0.0;0.0;3.5;0.91;0.0;;0.0;2.2;;;;;;;;;;;1.9;1.9;;;8.7;5.6;7.9;0.28;984.7;;;;;;;;;;
04/02/2021 18:15:26;04/02/2021;18:15:26;0.0;45;1025.0;0.0;0.0;3.5;0.9;0.0;;0.0;2.0;;;;;;;;;;;1.8;1.9;;;8.7;5.54;7.9;0.28;984.7;;;;;;;;;;
04/02/2021 18:17:34;04/02/2021;18:17:34;0.0;45;1025.0;0.0;0.0;3.4;0.91;0.0;;0.0;2.1;;;;;;;;;;;1.7;1.8;;;8.7;5.56;7.8;0.28;984.7;;;;;;;;;;
04/02/2021 18:19:47;04/02/2021;18:19:47;0.0;45;1025.0;0.0;0.0;3.4;0.91;0.0;;0.0;2.1;;;;;;;;;;;1.7;1.8;;;8.7;5.56;7.8;0.28;984.7;;;;;;;;;;
04/02/2021 18:23:25;04/02/2021;18:23:25;0.0;45;1025.0;0.0;0.0;3.2;0.91;0.0;;0.0;1.9;;;;;;;;;;;1.5;1.5;;;8.5;5.49;7.7;0.28;984.6;;;;;;;;;;
04/02/2021 18:25:33;04/02/2021;18:25:33;0.0;45;1025.0;0.0;0.0;3.1;0.91;0.0;;0.0;1.8;;;;;;;;;;;1.4;1.4;;;8.4;5.45;7.6;0.28;984.6;;;;;;;;;;
04/02/2021 18:27:44;04/02/2021;18:27:44;0.0;45;1025.0;0.0;0.0;3.0;0.91;0.0;;0.0;1.7;;;;;;;;;;;1.3;1.3;;;8.3;5.41;7.6;0.28;984.6;;;;;;;;;;
04/02/2021 18:29:54;04/02/2021;18:29:54;0.0;45;1025.0;0.0;0.0;3.0;0.91;0.0;;0.0;1.7;;;;;;;;;;;1.3;1.3;;;8.3;5.41;7.6;0.28;984.6;;;;;;;;;;
04/02/2021 18:32:00;04/02/2021;18:32:00;0.3239740820734341;45;1025.0;0.0;0.0;3.0;0.91;0.0;;0.593952483801296;1.7;;;;;;;;;;;1.2;1.3;;;8.3;5.41;7.6;0.29;984.6;;;;;;;;;;
04/02/2021 18:34:06;04/02/2021;18:34:06;0.48596112311015116;67.5;1025.0;0.0;0.0;2.8;0.92;0.0;;0.7559395248380129;1.6;;;;;;;;;;;0.9;1.1;;;8.2;5.4;7.5;0.29;984.6;;;;;;;;;;
04/02/2021 18:36:13;04/02/2021;18:36:13;0.0;45;1025.0;0.0;0.0;2.8;0.92;0.0;;0.0;1.6;;;;;;;;;;;1.1;1.1;;;8.2;5.4;7.5;0.29;984.6;;;;;;;;;;
04/02/2021 18:38:29;04/02/2021;18:38:29;0.0;45;1025.0;0.0;0.0;2.7;0.92;0.0;;0.0;1.5;;;;;;;;;;;1.0;0.9;;;8.2;5.36;7.4;0.29;984.6;;;;;;;;;;
04/02/2021 18:40:36;04/02/2021;18:40:36;0.0;45;1025.0;0.0;0.0;2.7;0.92;0.0;;0.0;1.5;;;;;;;;;;;1.0;0.9;;;8.2;5.36;7.4;0.29;984.6;;;;;;;;;;
04/02/2021 18:42:48;04/02/2021;18:42:48;0.0;45;1025.0;0.0;0.0;2.7;0.92;0.0;;0.0;1.5;;;;;;;;;;;1.0;0.9;;;8.2;5.36;7.4;0.32;984.6;;;;;;;;;;
04/02/2021 18:45:14;04/02/2021;18:45:14;0.0;45;1025.0;0.0;0.0;2.7;0.92;0.0;;0.0;1.5;;;;;;;;;;;1.0;0.9;;;8.2;5.36;7.4;0.32;984.6;;;;;;;;;;
04/02/2021 18:47:28;04/02/2021;18:47:28;0.0;45;1025.0;0.0;0.0;2.7;0.92;0.0;;0.0;1.5;;;;;;;;;;;1.0;0.9;;;8.2;5.36;7.4;0.32;984.6;;;;;;;;;;
04/02/2021 18:49:41;04/02/2021;18:49:41;0.0;45;1025.0;0.0;0.0;2.8;0.92;0.0;;0.0;1.6;;;;;;;;;;;1.1;1.1;;;8.2;5.4;7.5;0.32;984.6;;;;;;;;;;
04/02/2021 18:51:51;04/02/2021;18:51:51;0.0;45;1025.0;0.0;0.0;2.8;0.92;0.0;;0.0;1.6;;;;;;;;;;;1.1;1.1;;;8.2;5.4;7.5;0.32;984.6;;;;;;;;;;
04/02/2021 18:53:58;04/02/2021;18:53:58;0.0;45;1025.0;0.0;0.0;2.8;0.92;0.0;;0.0;1.6;;;;;;;;;;;1.1;1.1;;;8.2;5.4;7.5;0.33;984.6;;;;;;;;;;
04/02/2021 18:56:05;04/02/2021;18:56:05;0.0;45;1025.0;0.0;0.0;2.8;0.92;0.0;;0.0;1.6;;;;;;;;;;;1.1;1.1;;;8.2;5.4;7.5;0.33;984.6;;;;;;;;;;
04/02/2021 18:58:16;04/02/2021;18:58:16;0.0;45;1025.0;0.0;0.0;2.8;0.92;0.0;;0.0;1.6;;;;;;;;;;;1.1;1.1;;;8.2;5.4;7.5;0.33;984.6;;;;;;;;;;
04/02/2021 19:03:21;04/02/2021;19:03:21;0.0;45;1025.0;0.0;0.0;2.8;0.92;0.0;;0.0;1.6;;;;;;;;;;;1.1;1.1;;;8.2;5.4;7.5;0.33;984.6;;;;;;;;;;
04/02/2021 19:05:30;04/02/2021;19:05:30;0.0;45;1026.0;0.0;0.0;2.8;0.92;0.0;;0.0;1.6;;;;;;;;;;;1.1;1.1;;;8.2;5.4;7.5;0.33;985.5;;;;;;;;;;
04/02/2021 19:07:47;04/02/2021;19:07:47;0.0;45;1026.0;0.0;0.0;2.8;0.92;0.0;;0.0;1.6;;;;;;;;;;;1.1;1.1;;;8.2;5.4;7.5;0.33;985.5;;;;;;;;;;
04/02/2021 19:09:57;04/02/2021;19:09:57;0.0;45;1026.0;0.0;0.0;2.8;0.92;0.0;;0.0;1.6;;;;;;;;;;;1.1;1.1;;;8.2;5.4;7.5;0.33;985.5;;;;;;;;;;
04/02/2021 19:12:17;04/02/2021;19:12:17;0.0;45;1026.0;0.0;0.0;2.9;0.92;0.0;;0.0;1.7;;;;;;;;;;;1.2;1.2;;;8.3;5.44;7.5;0.33;985.6;;;;;;;;;;
04/02/2021 19:14:25;04/02/2021;19:14:25;0.0;45;1026.0;0.0;0.0;2.9;0.92;0.0;;0.0;1.7;;;;;;;;;;;1.2;1.2;;;8.3;5.44;7.5;0.33;985.6;;;;;;;;;;
04/02/2021 19:17:11;04/02/2021;19:17:11;0.0;45;1026.0;0.0;0.0;2.9;0.92;0.0;;0.0;1.7;;;;;;;;;;;1.2;1.2;;;8.3;5.44;7.5;0.33;985.6;;;;;;;;;;
04/02/2021 19:19:21;04/02/2021;19:19:21;0.0;45;1026.0;0.0;0.0;2.9;0.92;0.0;;0.0;1.7;;;;;;;;;;;1.2;1.2;;;8.3;5.44;7.5;0.33;985.6;;;;;;;;;;
04/02/2021 19:23:41;04/02/2021;19:23:41;0.0;45;1025.0;0.0;0.0;2.8;0.92;0.0;;0.0;1.6;;;;;;;;;;;1.1;1.1;;;8.2;5.4;7.5;0.33;984.6;;;;;;;;;;
04/02/2021 19:28:58;04/02/2021;19:28:58;0.0;45;1025.0;0.0;0.0;2.8;0.92;0.0;;0.0;1.6;;;;;;;;;;;1.1;1.1;;;8.2;5.4;7.5;0.33;984.6;;;;;;;;;;
04/02/2021 19:31:06;04/02/2021;19:31:06;0.0;45;1025.0;0.0;0.0;2.8;0.92;0.0;;0.0;1.6;;;;;;;;;;;1.1;1.1;;;8.2;5.4;7.5;0.33;984.6;;;;;;;;;;
04/02/2021 19:33:15;04/02/2021;19:33:15;0.0;45;1025.0;0.0;0.0;2.8;0.92;0.0;;0.0;1.6;;;;;;;;;;;1.1;1.1;;;8.2;5.4;7.5;0.33;984.6;;;;;;;;;;
04/02/2021 19:36:35;04/02/2021;19:36:35;0.0;45;1026.0;0.0;0.0;2.8;0.92;0.0;;0.0;1.6;;;;;;;;;;;1.1;1.1;;;8.2;5.4;7.5;0.33;985.5;;;;;;;;;;
04/02/2021 19:38:42;04/02/2021;19:38:42;0.0;45;1026.0;0.0;0.0;2.8;0.92;0.0;;0.0;1.6;;;;;;;;;;;1.1;1.1;;;8.2;5.4;7.5;0.33;985.5;;;;;;;;;;
04/02/2021 19:40:51;04/02/2021;19:40:51;0.0;45;1026.0;0.0;0.0;2.9;0.92;0.0;;0.0;1.7;;;;;;;;;;;1.2;1.2;;;8.3;5.44;7.5;0.33;985.6;;;;;;;;;;
