timestamp_string;timestamp_string_date;timestamp_string_time;wind_speed_knots;wind_direction_deg;barometric_pressure_hPa;rain_today_mm;rain_rate_mmph;temperature_cels;rel_humidity;uv_index;heat_index_cels;wind_gust_knots;dew_point_cels;wind_chill_cels;ground_temperature_cels;solar_irradiance_wpsm;rel_leaf_wetness;soil_moisture_cb;rain_this_month_mm;rain_this_year_mm;evapotranspiration_today_mm;evapotranspiration_this_month_mm;evapotranspiration_this_year_mm
04/11/2020 15:26:00;04/11/2020;15:26:00;0.0;180;1024.7;0.0;0.0;11.8;0.89;;11.7;3.4557235421166306;10.0;11.7;12.2;9;0.0;8;0.2;1120.0;0.3;2.8;713.0
04/11/2020 15:58:00;04/11/2020;15:58:00;0.0;180;1024.8;0.0;0.0;11.8;0.9;;12.2;3.4557235421166306;10.6;11.7;12.2;9;0.0;9;0.2;1120.0;0.3;2.8;713.0
04/11/2020 16:04:00;04/11/2020;16:04:00;0.0;180;1024.9;0.0;0.0;11.8;0.91;;12.2;3.4557235421166306;10.6;11.7;12.2;11;0.0;9;0.2;1120.0;0.3;2.8;713.0
04/11/2020 16:05:00;04/11/2020;16:05:00;0.0;180;1024.9;0.0;0.0;11.8;0.91;;12.2;3.4557235421166306;10.6;11.7;12.2;9;0.0;9;0.2;1120.0;0.3;2.8;713.0
04/11/2020 16:07:00;04/11/2020;16:07:00;0.0;180;1024.8;0.0;0.0;11.8;0.91;;11.7;3.4557235421166306;10.6;11.7;12.2;9;0.0;9;0.2;1120.0;0.3;2.8;713.0
04/11/2020 16:08:00;04/11/2020;16:08:00;0.0;180;1024.9;0.0;0.0;11.8;0.91;;11.7;3.4557235421166306;10.6;11.7;12.2;7;0.0;9;0.2;1120.0;0.3;2.8;713.0
04/11/2020 16:09:00;04/11/2020;16:09:00;0.0;180;1024.9;0.0;0.0;11.8;0.91;;12.2;3.4557235421166306;10.6;11.7;12.2;7;0.0;9;0.2;1120.0;0.3;2.8;713.0
04/11/2020 16:10:00;04/11/2020;16:10:00;0.0;180;1024.9;0.0;0.0;11.8;0.9;;12.2;3.4557235421166306;10.6;11.7;12.2;7;0.0;9;0.2;1120.0;0.3;2.8;713.0
04/11/2020 16:11:00;04/11/2020;16:11:00;0.0;180;1024.9;0.0;0.0;11.8;0.9;;11.7;3.4557235421166306;10.0;11.7;12.2;7;0.0;9;0.2;1120.0;0.3;2.8;713.0
04/11/2020 16:12:00;04/11/2020;16:12:00;0.0;180;1025.0;0.0;0.0;11.8;0.9;;11.7;3.4557235421166306;10.0;11.7;12.2;7;0.0;9;0.2;1120.0;0.3;2.8;713.0
04/11/2020 16:13:00;04/11/2020;16:13:00;0.0;180;1025.0;0.0;0.0;11.8;0.9;;11.7;3.4557235421166306;10.0;11.7;12.2;7;0.0;9;0.2;1120.0;0.3;2.8;713.0
04/11/2020 16:14:00;04/11/2020;16:14:00;0.0;180;1024.9;0.0;0.0;11.8;0.9;;11.7;3.4557235421166306;10.0;11.7;12.2;7;0.0;9;0.2;1120.0;0.3;2.8;713.0
04/11/2020 16:15:00;04/11/2020;16:15:00;0.0;180;1024.9;0.0;0.0;11.8;0.91;;11.7;3.4557235421166306;10.6;11.7;12.2;7;0.0;9;0.2;1120.0;0.3;2.8;713.0
04/11/2020 16:16:00;04/11/2020;16:16:00;0.0;180;1024.9;0.0;0.0;11.8;0.91;;11.7;3.4557235421166306;10.6;11.7;12.2;5;0.0;9;0.2;1120.0;0.3;2.8;713.0
04/11/2020 16:17:00;04/11/2020;16:17:00;0.0;180;1024.9;0.0;0.0;11.8;0.9;;11.7;3.4557235421166306;10.0;11.7;12.2;5;0.0;9;0.2;1120.0;0.3;2.8;713.0
04/11/2020 16:18:00;04/11/2020;16:18:00;0.0;180;1024.9;0.0;0.0;11.8;0.91;;11.7;3.4557235421166306;10.6;11.7;12.2;5;0.0;9;0.2;1120.0;0.3;2.8;713.0
04/11/2020 16:19:00;04/11/2020;16:19:00;0.0;180;1024.9;0.0;0.0;11.8;0.91;;11.7;3.4557235421166306;10.6;11.7;12.2;5;0.0;9;0.2;1120.0;0.3;2.8;713.0
04/11/2020 16:20:00;04/11/2020;16:20:00;0.0;180;1024.9;0.0;0.0;11.8;0.91;;11.7;3.4557235421166306;10.6;11.7;12.2;5;0.0;9;0.2;1120.0;0.3;2.8;713.0
04/11/2020 16:21:00;04/11/2020;16:21:00;0.0;180;1025.0;0.0;0.0;11.8;0.91;;11.7;3.4557235421166306;10.6;11.7;12.2;5;0.0;9;0.2;1120.0;0.3;2.8;713.0
04/11/2020 16:22:00;04/11/2020;16:22:00;0.0;180;1025.0;0.0;0.0;11.8;0.91;;11.7;3.4557235421166306;10.6;11.7;12.2;5;0.0;9;0.2;1120.0;0.3;2.8;713.0
04/11/2020 16:23:00;04/11/2020;16:23:00;0.0;180;1025.0;0.0;0.0;11.8;0.91;;11.7;3.4557235421166306;10.6;11.7;12.2;5;0.0;9;0.2;1120.0;0.3;2.8;713.0
04/11/2020 16:24:00;04/11/2020;16:24:00;0.0;180;1025.0;0.0;0.0;11.8;0.91;;11.7;3.4557235421166306;10.6;11.7;12.2;0;0.0;9;0.2;1120.0;0.3;2.8;713.0
04/11/2020 16:25:00;04/11/2020;16:25:00;0.8639308855291576;180;1025.0;0.0;0.0;11.8;0.91;;11.7;3.4557235421166306;10.6;11.7;12.2;0;0.0;9;0.2;1120.0;0.3;2.8;713.0
04/11/2020 16:26:00;04/11/2020;16:26:00;0.0;180;1025.0;0.0;0.0;11.8;0.91;;11.7;3.4557235421166306;10.6;11.7;12.2;0;0.0;9;0.2;1120.0;0.3;2.8;713.0
04/11/2020 16:27:00;04/11/2020;16:27:00;0.0;180;1025.0;0.0;0.0;11.8;0.91;;11.7;3.4557235421166306;10.6;11.7;12.2;0;0.0;9;0.2;1120.0;0.3;2.8;713.0
04/11/2020 16:28:00;04/11/2020;16:28:00;0.0;180;1025.1;0.0;0.0;11.8;0.91;;11.7;3.4557235421166306;10.6;11.7;12.2;0;0.0;9;0.2;1120.0;0.3;2.8;713.0
04/11/2020 16:29:00;04/11/2020;16:29:00;0.8639308855291576;180;1025.0;0.0;0.0;11.8;0.91;;11.7;3.4557235421166306;10.6;11.7;12.2;0;0.0;9;0.2;1120.0;0.3;2.8;713.0
04/11/2020 16:30:00;04/11/2020;16:30:00;0.0;180;1025.1;0.0;0.0;11.8;0.91;;11.7;3.4557235421166306;10.6;11.7;12.2;0;0.0;9;0.2;1120.0;0.3;2.8;713.0
04/11/2020 16:31:00;04/11/2020;16:31:00;0.0;180;1025.0;0.0;0.0;11.7;0.91;;11.7;3.4557235421166306;10.6;11.7;12.2;0;0.0;9;0.2;1120.0;0.3;2.8;713.0
04/11/2020 16:32:00;04/11/2020;16:32:00;0.0;180;1025.0;0.0;0.0;11.8;0.91;;11.7;3.4557235421166306;10.6;11.7;12.2;0;0.0;9;0.2;1120.0;0.3;2.8;713.0
04/11/2020 16:33:00;04/11/2020;16:33:00;0.0;180;1025.1;0.0;0.0;11.8;0.91;;11.7;3.4557235421166306;10.6;11.7;12.2;0;0.0;9;0.2;1120.0;0.3;2.8;713.0
04/11/2020 16:34:00;04/11/2020;16:34:00;0.0;180;1025.2;0.0;0.0;11.7;0.91;;11.7;3.4557235421166306;10.6;11.7;12.2;0;0.0;9;0.2;1120.0;0.3;2.8;713.0
04/11/2020 16:35:00;04/11/2020;16:35:00;0.0;180;1025.1;0.0;0.0;11.7;0.91;;11.7;3.4557235421166306;10.6;11.7;12.2;0;0.0;9;0.2;1120.0;0.3;2.8;713.0
04/11/2020 16:36:00;04/11/2020;16:36:00;0.0;180;1025.1;0.0;0.0;11.7;0.91;;11.7;3.4557235421166306;10.6;11.7;12.2;0;0.0;9;0.2;1120.0;0.3;2.8;713.0
04/11/2020 16:37:00;04/11/2020;16:37:00;0.0;180;1025.2;0.0;0.0;11.7;0.91;;11.7;3.4557235421166306;10.6;11.7;12.2;0;0.0;9;0.2;1120.0;0.3;2.8;713.0
04/11/2020 16:38:00;04/11/2020;16:38:00;0.0;180;1025.2;0.0;0.0;11.7;0.91;;11.7;3.4557235421166306;10.6;11.7;12.2;0;0.0;9;0.2;1120.0;0.3;2.8;713.0
04/11/2020 16:39:00;04/11/2020;16:39:00;0.0;180;1025.2;0.0;0.0;11.7;0.91;;11.7;3.4557235421166306;10.6;11.7;12.2;0;0.0;9;0.2;1120.0;0.3;2.8;713.0
04/11/2020 16:40:00;04/11/2020;16:40:00;0.0;180;1025.2;0.0;0.0;11.7;0.91;;11.7;3.4557235421166306;10.6;11.7;12.2;0;0.0;9;0.2;1120.0;0.3;2.8;713.0
04/11/2020 16:41:00;04/11/2020;16:41:00;0.0;180;1025.3;0.0;0.0;11.7;0.91;;11.7;3.4557235421166306;10.6;11.7;12.2;0;0.0;9;0.2;1120.0;0.3;2.8;713.0
04/11/2020 16:42:00;04/11/2020;16:42:00;0.0;180;1025.3;0.0;0.0;11.7;0.91;;11.7;3.4557235421166306;10.6;11.7;12.2;0;0.0;9;0.2;1120.0;0.3;2.8;713.0
04/11/2020 16:43:00;04/11/2020;16:43:00;0.0;180;1025.3;0.0;0.0;11.7;0.91;;11.7;3.4557235421166306;10.6;11.7;12.2;0;0.0;9;0.2;1120.0;0.3;2.8;713.0
04/11/2020 16:44:00;04/11/2020;16:44:00;0.0;180;1025.3;0.0;0.0;11.7;0.91;;11.7;3.4557235421166306;10.6;11.7;12.2;0;0.0;9;0.2;1120.0;0.3;2.8;713.0
04/11/2020 16:45:00;04/11/2020;16:45:00;0.0;180;1025.3;0.0;0.0;11.7;0.91;;11.7;3.4557235421166306;10.6;11.7;12.2;0;0.0;9;0.2;1120.0;0.3;2.8;713.0
04/11/2020 16:46:00;04/11/2020;16:46:00;0.0;180;1025.2;0.0;0.0;11.7;0.91;;11.7;3.4557235421166306;10.6;11.7;12.2;0;0.0;9;0.2;1120.0;0.3;2.8;713.0
04/11/2020 16:47:00;04/11/2020;16:47:00;0.0;180;1025.3;0.0;0.0;11.7;0.91;;11.7;3.4557235421166306;10.6;11.7;12.2;0;0.0;9;0.2;1120.0;0.3;2.8;713.0
04/11/2020 16:48:00;04/11/2020;16:48:00;0.0;180;1025.4;0.0;0.0;11.7;0.91;;11.7;3.4557235421166306;10.6;11.7;12.2;0;0.0;9;0.2;1120.0;0.3;2.8;713.0
04/11/2020 16:49:00;04/11/2020;16:49:00;0.0;180;1025.4;0.0;0.0;11.7;0.91;;11.7;3.4557235421166306;10.6;11.7;12.2;0;0.0;9;0.2;1120.0;0.3;2.8;713.0
04/11/2020 16:50:00;04/11/2020;16:50:00;0.0;180;1025.2;0.0;0.0;11.7;0.91;;11.7;3.4557235421166306;10.6;11.7;12.2;0;0.0;9;0.2;1120.0;0.3;2.8;713.0
04/11/2020 16:51:00;04/11/2020;16:51:00;0.0;180;1025.3;0.0;0.0;11.7;0.91;;11.7;3.4557235421166306;10.6;11.7;12.2;0;0.0;9;0.2;1120.0;0.3;2.8;713.0
04/11/2020 16:52:00;04/11/2020;16:52:00;0.0;180;1025.3;0.0;0.0;11.7;0.91;;11.7;3.4557235421166306;10.6;11.7;12.2;0;0.0;9;0.2;1120.0;0.3;2.8;713.0
04/11/2020 16:58:00;04/11/2020;16:58:00;0.8639308855291576;180;1025.4;0.0;0.0;11.7;0.91;;11.7;3.4557235421166306;10.6;11.7;12.2;0;0.0;9;0.2;1120.0;0.3;2.8;713.0
04/11/2020 16:59:00;04/11/2020;16:59:00;0.0;180;1025.5;0.0;0.0;11.7;0.91;;11.7;3.4557235421166306;10.6;11.7;12.2;0;0.0;9;0.2;1120.0;0.3;2.8;713.0
04/11/2020 17:00:00;04/11/2020;17:00:00;0.0;180;1025.3;0.0;0.0;11.7;0.91;;11.7;3.4557235421166306;10.6;11.7;12.2;0;0.0;9;0.2;1120.0;0.3;2.8;713.0
04/11/2020 17:01:00;04/11/2020;17:01:00;0.0;180;1025.4;0.0;0.0;11.7;0.91;;11.7;3.4557235421166306;10.6;11.7;12.2;0;0.0;9;0.2;1120.0;0.3;2.8;713.0
04/11/2020 17:02:00;04/11/2020;17:02:00;0.0;180;1025.3;0.0;0.0;11.7;0.91;;11.7;3.4557235421166306;10.6;11.7;12.2;0;0.0;9;0.2;1120.0;0.3;2.8;713.0
04/11/2020 17:03:00;04/11/2020;17:03:00;0.0;180;1025.4;0.0;0.0;11.7;0.91;;11.7;3.4557235421166306;10.6;11.7;12.2;0;0.0;9;0.2;1120.0;0.3;2.8;713.0
04/11/2020 17:04:00;04/11/2020;17:04:00;0.0;180;1025.4;0.0;0.0;11.7;0.91;;11.7;3.4557235421166306;10.6;11.7;12.2;0;0.0;9;0.2;1120.0;0.3;2.8;713.0
04/11/2020 17:05:00;04/11/2020;17:05:00;0.0;180;1025.4;0.0;0.0;11.7;0.91;;11.7;3.4557235421166306;10.6;11.7;12.2;0;0.0;9;0.2;1120.0;0.3;2.8;713.0
04/11/2020 17:06:00;04/11/2020;17:06:00;0.0;180;1025.4;0.0;0.0;11.7;0.91;;11.7;3.4557235421166306;10.6;11.7;12.2;0;0.0;9;0.2;1120.0;0.3;2.8;713.0
04/11/2020 17:07:00;04/11/2020;17:07:00;0.0;180;1025.4;0.0;0.0;11.6;0.91;;11.7;3.4557235421166306;10.0;11.7;12.2;0;0.0;9;0.2;1120.0;0.3;2.8;713.0
04/11/2020 17:08:00;04/11/2020;17:08:00;0.0;180;1025.3;0.0;0.0;11.7;0.91;;11.7;3.4557235421166306;10.6;11.7;12.2;0;0.0;9;0.2;1120.0;0.3;2.8;713.0
04/11/2020 17:09:00;04/11/2020;17:09:00;0.0;180;1025.3;0.0;0.0;11.6;0.91;;11.7;3.4557235421166306;10.0;11.7;12.2;0;0.0;9;0.2;1120.0;0.3;2.8;713.0
04/11/2020 17:10:00;04/11/2020;17:10:00;0.0;180;1025.2;0.0;0.0;11.7;0.91;;11.7;3.4557235421166306;10.6;11.7;12.2;0;0.0;9;0.2;1120.0;0.3;2.8;713.0
04/11/2020 17:11:00;04/11/2020;17:11:00;0.0;180;1025.3;0.0;0.0;11.7;0.91;;11.7;3.4557235421166306;10.6;11.7;12.2;0;0.0;9;0.2;1120.0;0.3;2.8;713.0
04/11/2020 17:12:00;04/11/2020;17:12:00;0.0;180;1025.3;0.0;0.0;11.7;0.91;;11.7;3.4557235421166306;10.6;11.7;12.2;0;0.0;9;0.2;1120.0;0.3;2.8;713.0
04/11/2020 17:13:00;04/11/2020;17:13:00;0.0;180;1025.5;0.0;0.0;11.7;0.91;;11.7;3.4557235421166306;10.6;11.7;12.2;0;0.0;9;0.2;1120.0;0.3;2.8;713.0
04/11/2020 17:14:00;04/11/2020;17:14:00;0.0;180;1025.3;0.0;0.0;11.7;0.91;;11.7;3.4557235421166306;10.6;11.7;12.2;0;0.0;9;0.2;1120.0;0.3;2.8;713.0
04/11/2020 17:15:00;04/11/2020;17:15:00;0.0;180;1025.3;0.0;0.0;11.7;0.91;;11.7;3.4557235421166306;10.6;11.7;12.2;0;0.0;9;0.2;1120.0;0.3;2.8;713.0
04/11/2020 17:16:00;04/11/2020;17:16:00;0.0;180;1025.3;0.0;0.0;11.6;0.91;;11.7;3.4557235421166306;10.0;11.7;12.2;0;0.0;9;0.2;1120.0;0.3;2.8;713.0
04/11/2020 17:17:00;04/11/2020;17:17:00;0.0;180;1025.4;0.0;0.0;11.6;0.91;;11.7;3.4557235421166306;10.0;11.7;12.2;0;0.0;9;0.2;1120.0;0.3;2.8;713.0
04/11/2020 17:18:00;04/11/2020;17:18:00;0.0;180;1025.4;0.0;0.0;11.6;0.91;;11.7;3.4557235421166306;10.0;11.7;12.2;0;0.0;9;0.2;1120.0;0.3;2.8;713.0
04/11/2020 17:19:00;04/11/2020;17:19:00;0.0;180;1025.4;0.0;0.0;11.6;0.91;;11.7;3.4557235421166306;10.0;11.7;12.2;0;0.0;9;0.2;1120.0;0.3;2.8;713.0
04/11/2020 17:20:00;04/11/2020;17:20:00;0.0;180;1025.5;0.0;0.0;11.6;0.91;;11.7;3.4557235421166306;10.0;11.7;12.2;0;0.0;9;0.2;1120.0;0.3;2.8;713.0
04/11/2020 17:21:00;04/11/2020;17:21:00;0.0;180;1025.4;0.0;0.0;11.6;0.91;;11.7;3.4557235421166306;10.0;11.7;12.2;0;0.0;9;0.2;1120.0;0.3;2.8;713.0
04/11/2020 17:22:00;04/11/2020;17:22:00;0.0;180;1025.4;0.0;0.0;11.6;0.92;;11.7;3.4557235421166306;10.6;11.7;12.2;0;0.0;9;0.2;1120.0;0.3;2.8;713.0
04/11/2020 17:23:00;04/11/2020;17:23:00;0.0;180;1025.4;0.0;0.0;11.6;0.92;;11.7;3.4557235421166306;10.6;11.7;12.2;0;0.0;9;0.2;1120.0;0.3;2.8;713.0
04/11/2020 17:24:00;04/11/2020;17:24:00;0.0;180;1025.5;0.0;0.0;11.6;0.92;;11.7;3.4557235421166306;10.6;11.7;12.2;0;0.0;9;0.2;1120.0;0.3;2.8;713.0
04/11/2020 17:25:00;04/11/2020;17:25:00;0.0;180;1025.4;0.0;0.0;11.6;0.92;;11.7;3.4557235421166306;10.6;11.7;12.2;0;0.0;9;0.2;1120.0;0.3;2.8;713.0
04/11/2020 17:26:00;04/11/2020;17:26:00;0.0;180;1025.4;0.0;0.0;11.6;0.92;;11.7;3.4557235421166306;10.6;11.7;12.2;0;0.0;9;0.2;1120.0;0.3;2.8;713.0
04/11/2020 17:27:00;04/11/2020;17:27:00;0.0;180;1025.4;0.0;0.0;11.6;0.92;;11.7;3.4557235421166306;10.6;11.7;12.2;0;0.0;9;0.2;1120.0;0.3;2.8;713.0
04/11/2020 17:28:00;04/11/2020;17:28:00;0.0;180;1025.5;0.0;0.0;11.6;0.92;;11.7;3.4557235421166306;10.6;11.7;12.2;0;0.0;9;0.2;1120.0;0.3;2.8;713.0
04/11/2020 17:29:00;04/11/2020;17:29:00;0.0;180;1025.4;0.0;0.0;11.6;0.92;;11.7;3.4557235421166306;10.6;11.7;12.2;0;0.0;9;0.2;1120.0;0.3;2.8;713.0
04/11/2020 17:30:00;04/11/2020;17:30:00;0.0;180;1025.4;0.0;0.0;11.6;0.92;;11.7;3.4557235421166306;10.6;11.7;12.2;0;0.0;9;0.2;1120.0;0.3;2.8;713.0
04/11/2020 17:31:00;04/11/2020;17:31:00;0.0;180;1025.5;0.0;0.0;11.6;0.92;;11.7;3.4557235421166306;10.6;11.7;12.2;0;0.0;9;0.2;1120.0;0.3;2.8;713.0
04/11/2020 17:32:00;04/11/2020;17:32:00;0.0;180;1025.4;0.0;0.0;11.6;0.91;;11.7;3.4557235421166306;10.0;11.7;12.2;0;0.0;9;0.2;1120.0;0.3;2.8;713.0
04/11/2020 17:32:00;04/11/2020;17:32:00;0.0;180;1025.4;0.0;0.0;11.6;0.91;;11.7;3.4557235421166306;10.0;11.7;12.2;0;0.0;9;0.2;1120.0;0.3;2.8;713.0
04/11/2020 17:33:00;04/11/2020;17:33:00;0.0;180;1025.4;0.0;0.0;11.6;0.91;;11.7;3.4557235421166306;10.0;11.7;12.2;0;0.0;9;0.2;1120.0;0.3;2.8;713.0
04/11/2020 17:34:00;04/11/2020;17:34:00;0.0;180;1025.4;0.0;0.0;11.6;0.91;;11.7;3.4557235421166306;10.0;11.7;12.2;0;0.0;9;0.2;1120.0;0.3;2.8;713.0
04/11/2020 17:35:00;04/11/2020;17:35:00;0.0;180;1025.5;0.0;0.0;11.6;0.91;;11.7;3.4557235421166306;10.0;11.7;12.2;0;0.0;9;0.2;1120.0;0.3;2.8;713.0
04/11/2020 17:36:00;04/11/2020;17:36:00;0.0;180;1025.5;0.0;0.0;11.6;0.92;;11.7;3.4557235421166306;10.6;11.7;12.2;0;0.0;9;0.2;1120.0;0.3;2.8;713.0
04/11/2020 17:37:00;04/11/2020;17:37:00;0.0;180;1025.5;0.0;0.0;11.6;0.92;;11.7;3.4557235421166306;10.6;11.7;12.2;0;0.0;9;0.2;1120.0;0.3;2.8;713.0
04/11/2020 17:38:00;04/11/2020;17:38:00;0.0;180;1025.5;0.0;0.0;11.6;0.92;;11.7;3.4557235421166306;10.6;11.7;12.2;0;0.0;9;0.2;1120.0;0.3;2.8;713.0
04/11/2020 17:39:00;04/11/2020;17:39:00;0.0;180;1025.4;0.0;0.0;11.5;0.92;;11.7;3.4557235421166306;10.6;11.7;12.2;0;0.0;9;0.2;1120.0;0.3;2.8;713.0
04/11/2020 17:40:00;04/11/2020;17:40:00;0.0;180;1025.5;0.0;0.0;11.5;0.92;;11.7;3.4557235421166306;10.6;11.7;12.2;0;0.0;9;0.2;1120.0;0.3;2.8;713.0
04/11/2020 17:41:00;04/11/2020;17:41:00;0.0;180;1025.5;0.0;0.0;11.6;0.92;;11.7;3.4557235421166306;10.6;11.7;12.2;0;0.0;9;0.2;1120.0;0.3;2.8;713.0
04/11/2020 17:42:00;04/11/2020;17:42:00;0.0;180;1025.5;0.0;0.0;11.5;0.92;;11.7;3.4557235421166306;10.6;11.7;12.2;0;0.0;9;0.2;1120.0;0.3;2.8;713.0
04/11/2020 17:43:00;04/11/2020;17:43:00;0.0;180;1025.5;0.0;0.0;11.5;0.92;;11.7;3.4557235421166306;10.6;11.7;12.2;0;0.0;9;0.2;1120.0;0.3;2.8;713.0
04/11/2020 17:44:00;04/11/2020;17:44:00;0.0;180;1025.5;0.0;0.0;11.6;0.92;;11.7;3.4557235421166306;10.6;11.7;12.2;0;0.0;9;0.2;1120.0;0.3;2.8;713.0
04/11/2020 17:45:00;04/11/2020;17:45:00;0.0;180;1025.5;0.0;0.0;11.5;0.92;;11.7;3.4557235421166306;10.6;11.7;12.2;0;0.0;9;0.2;1120.0;0.3;2.8;713.0
04/11/2020 17:46:00;04/11/2020;17:46:00;0.0;180;1025.5;0.0;0.0;11.5;0.92;;11.7;3.4557235421166306;10.6;11.7;12.2;0;0.0;9;0.2;1120.0;0.3;2.8;713.0
04/11/2020 17:47:00;04/11/2020;17:47:00;0.0;180;1025.6;0.0;0.0;11.5;0.92;;11.7;3.4557235421166306;10.6;11.7;12.2;0;0.0;9;0.2;1120.0;0.3;2.8;713.0
04/11/2020 17:48:00;04/11/2020;17:48:00;0.0;180;1025.5;0.0;0.0;11.5;0.92;;11.7;3.4557235421166306;10.6;11.7;12.2;0;0.0;9;0.2;1120.0;0.3;2.8;713.0
04/11/2020 17:49:00;04/11/2020;17:49:00;0.0;180;1025.5;0.0;0.0;11.5;0.92;;11.7;3.4557235421166306;10.6;11.7;12.2;0;0.0;9;0.2;1120.0;0.3;2.8;713.0
04/11/2020 17:50:00;04/11/2020;17:50:00;0.0;180;1025.6;0.0;0.0;11.5;0.92;;11.7;3.4557235421166306;10.6;11.7;12.2;0;0.0;9;0.2;1120.0;0.3;2.8;713.0
04/11/2020 17:51:00;04/11/2020;17:51:00;0.0;180;1025.5;0.0;0.0;11.5;0.92;;11.7;3.4557235421166306;10.6;11.7;12.2;0;0.0;9;0.2;1120.0;0.3;2.8;713.0
04/11/2020 17:52:00;04/11/2020;17:52:00;0.8639308855291576;180;1025.5;0.0;0.0;11.5;0.92;;11.7;3.4557235421166306;10.6;11.7;12.2;0;0.0;9;0.2;1120.0;0.3;2.8;713.0
04/11/2020 17:57:00;04/11/2020;17:57:00;0.0;180;1025.5;0.0;0.0;11.5;0.92;;11.7;3.4557235421166306;10.6;11.7;12.2;0;0.0;9;0.2;1120.0;0.3;2.8;713.0
04/11/2020 17:58:00;04/11/2020;17:58:00;0.0;180;1025.5;0.0;0.0;11.6;0.92;;11.7;3.4557235421166306;10.6;11.7;12.2;0;0.0;9;0.2;1120.0;0.3;2.8;713.0
04/11/2020 17:59:00;04/11/2020;17:59:00;0.0;180;1025.6;0.0;0.0;11.5;0.92;;11.7;3.4557235421166306;10.6;11.7;12.2;0;0.0;9;0.2;1120.0;0.3;2.8;713.0
04/11/2020 18:00:00;04/11/2020;18:00:00;0.8639308855291576;180;1025.7;0.0;0.0;11.5;0.91;;11.7;3.4557235421166306;10.0;11.7;12.2;0;0.0;9;0.2;1120.0;0.3;2.8;713.0
04/11/2020 18:01:00;04/11/2020;18:01:00;0.8639308855291576;180;1025.6;0.0;0.0;11.5;0.92;;11.7;3.4557235421166306;10.6;11.7;12.2;0;0.0;9;0.2;1120.0;0.3;2.8;713.0
04/11/2020 18:02:00;04/11/2020;18:02:00;0.8639308855291576;180;1025.6;0.0;0.0;11.5;0.92;;11.7;3.4557235421166306;10.6;11.7;12.2;0;0.0;9;0.2;1120.0;0.3;2.8;713.0
04/11/2020 18:03:00;04/11/2020;18:03:00;0.8639308855291576;180;1025.6;0.0;0.0;11.5;0.92;;11.7;3.4557235421166306;10.6;11.7;12.2;0;0.0;9;0.2;1120.0;0.3;2.8;713.0
04/11/2020 18:04:00;04/11/2020;18:04:00;0.8639308855291576;180;1025.7;0.0;0.0;11.6;0.92;;11.7;3.4557235421166306;10.6;11.7;12.2;0;0.0;9;0.2;1120.0;0.3;2.8;713.0
04/11/2020 18:05:00;04/11/2020;18:05:00;0.8639308855291576;180;1025.7;0.0;0.0;11.6;0.91;;11.7;3.4557235421166306;10.0;11.7;12.2;0;0.0;9;0.2;1120.0;0.3;2.8;713.0
04/11/2020 18:06:00;04/11/2020;18:06:00;0.0;180;1025.7;0.0;0.0;11.5;0.92;;11.7;3.4557235421166306;10.6;11.7;12.2;0;0.0;9;0.2;1120.0;0.3;2.8;713.0
04/11/2020 18:07:00;04/11/2020;18:07:00;0.8639308855291576;180;1025.7;0.0;0.0;11.6;0.92;;11.7;3.4557235421166306;10.6;11.7;12.2;0;0.0;9;0.2;1120.0;0.3;2.8;713.0
04/11/2020 18:10:00;04/11/2020;18:10:00;0.0;180;1025.7;0.0;0.0;11.6;0.92;;11.7;3.4557235421166306;10.6;11.7;12.2;0;0.0;9;0.2;1120.0;0.3;2.8;713.0
04/11/2020 18:11:00;04/11/2020;18:11:00;0.8639308855291576;180;1025.7;0.0;0.0;11.6;0.92;;11.7;3.4557235421166306;10.6;11.7;12.2;0;0.0;9;0.2;1120.0;0.3;2.8;713.0
04/11/2020 18:12:00;04/11/2020;18:12:00;0.0;180;1025.7;0.0;0.0;11.6;0.92;;11.7;3.4557235421166306;10.6;11.7;12.2;0;0.0;9;0.2;1120.0;0.3;2.8;713.0
04/11/2020 18:13:00;04/11/2020;18:13:00;0.0;180;1025.7;0.0;0.0;11.5;0.92;;11.7;3.4557235421166306;10.6;11.7;12.2;0;0.0;9;0.2;1120.0;0.3;2.8;713.0
04/11/2020 18:14:00;04/11/2020;18:14:00;0.0;180;1025.7;0.0;0.0;11.5;0.92;;11.7;3.4557235421166306;10.6;11.7;12.2;0;0.0;9;0.2;1120.0;0.3;2.8;713.0
04/11/2020 18:15:00;04/11/2020;18:15:00;0.0;180;1025.8;0.0;0.0;11.6;0.92;;11.7;3.4557235421166306;10.6;11.7;12.2;0;0.0;9;0.2;1120.0;0.3;2.8;713.0
04/11/2020 18:16:00;04/11/2020;18:16:00;0.0;180;1025.7;0.0;0.0;11.5;0.92;;11.7;3.4557235421166306;10.6;11.7;12.2;0;0.0;9;0.2;1120.0;0.3;2.8;713.0
04/11/2020 18:17:00;04/11/2020;18:17:00;0.0;180;1025.8;0.0;0.0;11.5;0.92;;11.7;3.4557235421166306;10.6;11.7;12.2;0;0.0;9;0.2;1120.0;0.3;2.8;713.0
04/11/2020 18:18:00;04/11/2020;18:18:00;0.0;180;1025.8;0.0;0.0;11.5;0.92;;11.7;3.4557235421166306;10.6;11.7;12.2;0;0.0;9;0.2;1120.0;0.3;2.8;713.0
04/11/2020 18:19:00;04/11/2020;18:19:00;0.0;180;1025.9;0.0;0.0;11.5;0.92;;11.7;3.4557235421166306;10.6;11.7;12.2;0;0.0;9;0.2;1120.0;0.3;2.8;713.0
04/11/2020 18:20:00;04/11/2020;18:20:00;0.0;180;1025.8;0.0;0.0;11.5;0.92;;11.7;3.4557235421166306;10.6;11.7;12.2;0;0.0;9;0.2;1120.0;0.3;2.8;713.0
04/11/2020 18:21:00;04/11/2020;18:21:00;0.0;180;1025.9;0.0;0.0;11.5;0.92;;11.7;3.4557235421166306;10.6;11.7;12.2;0;0.0;9;0.2;1120.0;0.3;2.8;713.0
04/11/2020 18:21:00;04/11/2020;18:21:00;0.0;180;1025.9;0.0;0.0;11.5;0.92;;11.7;3.4557235421166306;10.6;11.7;12.2;0;0.0;9;0.2;1120.0;0.3;2.8;713.0
04/11/2020 18:22:00;04/11/2020;18:22:00;0.0;180;1025.9;0.0;0.0;11.5;0.92;;11.7;3.4557235421166306;10.6;11.7;12.2;0;0.0;9;0.2;1120.0;0.3;2.8;713.0
04/11/2020 18:23:00;04/11/2020;18:23:00;0.0;180;1026.0;0.0;0.0;11.5;0.92;;11.7;3.4557235421166306;10.6;11.7;12.2;0;0.0;9;0.2;1120.0;0.3;2.8;713.0
04/11/2020 18:24:00;04/11/2020;18:24:00;0.0;180;1026.0;0.0;0.0;11.4;0.92;;11.7;3.4557235421166306;10.0;11.7;12.2;0;0.0;9;0.2;1120.0;0.3;2.8;713.0
04/11/2020 18:25:00;04/11/2020;18:25:00;0.0;180;1025.9;0.0;0.0;11.4;0.92;;11.7;3.4557235421166306;10.0;11.7;12.2;0;0.0;9;0.2;1120.0;0.3;2.8;713.0
04/11/2020 18:26:00;04/11/2020;18:26:00;0.0;180;1025.9;0.0;0.0;11.5;0.92;;11.7;3.4557235421166306;10.6;11.7;12.2;0;0.0;9;0.2;1120.0;0.3;2.8;713.0
04/11/2020 18:27:00;04/11/2020;18:27:00;0.0;180;1025.9;0.0;0.0;11.4;0.92;;11.7;3.4557235421166306;10.0;11.7;12.2;0;0.0;9;0.2;1120.0;0.3;2.8;713.0
04/11/2020 18:28:00;04/11/2020;18:28:00;0.0;180;1025.9;0.0;0.0;11.4;0.92;;11.7;3.4557235421166306;10.0;11.7;12.2;0;0.0;9;0.2;1120.0;0.3;2.8;713.0
04/11/2020 18:29:00;04/11/2020;18:29:00;0.0;180;1025.9;0.0;0.0;11.4;0.92;;11.7;3.4557235421166306;10.0;11.7;12.2;0;0.0;9;0.2;1120.0;0.3;2.8;713.0
04/11/2020 18:30:00;04/11/2020;18:30:00;0.0;180;1026.0;0.0;0.0;11.4;0.92;;11.7;3.4557235421166306;10.0;11.7;12.2;0;0.0;9;0.2;1120.0;0.3;2.8;713.0
04/11/2020 18:31:00;04/11/2020;18:31:00;0.0;180;1026.0;0.0;0.0;11.4;0.92;;11.7;3.4557235421166306;10.0;11.7;12.2;0;0.0;9;0.2;1120.0;0.3;2.8;713.0
04/11/2020 18:33:00;04/11/2020;18:33:00;0.0;180;1025.9;0.0;0.0;11.4;0.92;;11.7;3.4557235421166306;10.0;11.7;12.2;0;0.0;9;0.2;1120.0;0.3;2.8;713.0
04/11/2020 18:34:00;04/11/2020;18:34:00;0.0;180;1026.0;0.0;0.0;11.4;0.92;;11.7;3.4557235421166306;10.0;11.7;12.2;0;0.0;9;0.2;1120.0;0.3;2.8;713.0
04/11/2020 18:35:00;04/11/2020;18:35:00;0.0;180;1026.0;0.0;0.0;11.4;0.92;;11.7;3.4557235421166306;10.0;11.7;12.2;0;0.0;9;0.2;1120.0;0.3;2.8;713.0
04/11/2020 18:36:00;04/11/2020;18:36:00;0.0;180;1026.0;0.0;0.0;11.4;0.92;;11.7;3.4557235421166306;10.0;11.7;12.2;0;0.0;9;0.2;1120.0;0.3;2.8;713.0
04/11/2020 18:38:00;04/11/2020;18:38:00;0.0;180;1026.1;0.0;0.0;11.4;0.92;;11.7;3.4557235421166306;10.0;11.7;12.2;0;0.0;9;0.2;1120.0;0.3;2.8;713.0
04/11/2020 18:39:00;04/11/2020;18:39:00;0.0;180;1026.1;0.0;0.0;11.4;0.92;;11.7;3.4557235421166306;10.0;11.7;12.2;0;0.0;9;0.2;1120.0;0.3;2.8;713.0
04/11/2020 18:39:00;04/11/2020;18:39:00;0.0;180;1026.1;0.0;0.0;11.4;0.92;;11.7;3.4557235421166306;10.0;11.7;12.2;0;0.0;9;0.2;1120.0;0.3;2.8;713.0
04/11/2020 18:40:00;04/11/2020;18:40:00;0.0;180;1026.1;0.0;0.0;11.4;0.92;;11.7;3.4557235421166306;10.0;11.7;12.2;0;0.0;9;0.2;1120.0;0.3;2.8;713.0
04/11/2020 18:41:00;04/11/2020;18:41:00;0.0;180;1026.1;0.0;0.0;11.4;0.92;;11.7;3.4557235421166306;10.0;11.7;12.2;0;0.0;9;0.2;1120.0;0.3;2.8;713.0
04/11/2020 18:42:00;04/11/2020;18:42:00;0.0;180;1026.2;0.0;0.0;11.4;0.92;;11.7;3.4557235421166306;10.0;11.7;12.2;0;0.0;9;0.2;1120.0;0.3;2.8;713.0
04/11/2020 18:43:00;04/11/2020;18:43:00;0.0;180;1026.2;0.0;0.0;11.4;0.92;;11.7;3.4557235421166306;10.0;11.7;12.2;0;0.0;9;0.2;1120.0;0.3;2.8;713.0
04/11/2020 18:44:00;04/11/2020;18:44:00;0.0;180;1026.2;0.0;0.0;11.4;0.92;;11.7;3.4557235421166306;10.0;11.7;12.2;0;0.0;9;0.2;1120.0;0.3;2.8;713.0
04/11/2020 18:45:00;04/11/2020;18:45:00;0.0;180;1026.2;0.0;0.0;11.4;0.92;;11.7;3.4557235421166306;10.0;11.7;12.2;0;0.0;9;0.2;1120.0;0.3;2.8;713.0
04/11/2020 18:45:00;04/11/2020;18:45:00;0.0;180;1026.2;0.0;0.0;11.4;0.92;;11.7;3.4557235421166306;10.0;11.7;12.2;0;0.0;9;0.2;1120.0;0.3;2.8;713.0
04/11/2020 18:46:00;04/11/2020;18:46:00;0.0;180;1026.2;0.0;0.0;11.4;0.92;;11.7;3.4557235421166306;10.0;11.7;12.2;0;0.0;9;0.2;1120.0;0.3;2.8;713.0
04/11/2020 18:47:00;04/11/2020;18:47:00;0.0;180;1026.3;0.0;0.0;11.4;0.92;;11.7;3.4557235421166306;10.0;11.7;12.2;0;0.0;9;0.2;1120.0;0.3;2.8;713.0
04/11/2020 18:48:00;04/11/2020;18:48:00;0.0;180;1026.2;0.0;0.0;11.4;0.92;;11.7;3.4557235421166306;10.0;11.7;12.2;0;0.0;9;0.2;1120.0;0.3;2.8;713.0
04/11/2020 18:49:00;04/11/2020;18:49:00;0.0;180;1026.2;0.0;0.0;11.4;0.92;;11.7;3.4557235421166306;10.0;11.7;12.2;0;0.0;9;0.2;1120.0;0.3;2.8;713.0
04/11/2020 18:50:00;04/11/2020;18:50:00;0.0;180;1026.2;0.0;0.0;11.4;0.92;;11.7;3.4557235421166306;10.0;11.7;12.2;0;0.0;9;0.2;1120.0;0.3;2.8;713.0
04/11/2020 18:51:00;04/11/2020;18:51:00;0.8639308855291576;180;1026.2;0.0;0.0;11.4;0.92;;11.7;3.4557235421166306;10.0;11.7;12.2;0;0.0;9;0.2;1120.0;0.3;2.8;713.0
04/11/2020 18:52:00;04/11/2020;18:52:00;0.8639308855291576;225;1026.3;0.0;0.0;11.4;0.92;;11.7;3.4557235421166306;10.0;11.7;12.2;0;0.0;9;0.2;1120.0;0.3;2.8;713.0
04/11/2020 18:57:00;04/11/2020;18:57:00;0.0;225;1026.4;0.0;0.0;11.4;0.92;;11.7;3.4557235421166306;10.0;11.7;12.2;0;0.0;9;0.2;1120.0;0.3;2.8;713.0
04/11/2020 18:58:00;04/11/2020;18:58:00;0.0;225;1026.3;0.0;0.0;11.4;0.92;;11.7;3.4557235421166306;10.0;11.7;12.2;0;0.0;9;0.2;1120.0;0.3;2.8;713.0
04/11/2020 18:59:00;04/11/2020;18:59:00;0.0;225;1026.4;0.0;0.0;11.4;0.92;;11.7;3.4557235421166306;10.0;11.7;12.2;0;0.0;9;0.2;1120.0;0.3;2.8;713.0
04/11/2020 19:00:00;04/11/2020;19:00:00;0.0;225;1026.4;0.0;0.0;11.4;0.92;;11.7;3.4557235421166306;10.0;11.7;12.2;0;0.0;9;0.2;1120.0;0.3;2.8;713.0
04/11/2020 19:01:00;04/11/2020;19:01:00;0.0;225;1026.4;0.0;0.0;11.4;0.92;;11.7;3.4557235421166306;10.0;11.7;12.2;0;0.0;9;0.2;1120.0;0.3;2.8;713.0
04/11/2020 19:02:00;04/11/2020;19:02:00;0.0;225;1026.6;0.0;0.0;11.4;0.92;;11.7;3.4557235421166306;10.0;11.7;12.2;0;0.0;9;0.2;1120.0;0.3;2.8;713.0
04/11/2020 19:03:00;04/11/2020;19:03:00;0.0;225;1026.4;0.0;0.0;11.4;0.92;;11.7;3.4557235421166306;10.0;11.7;12.2;0;0.0;9;0.2;1120.0;0.3;2.8;713.0
04/11/2020 19:04:00;04/11/2020;19:04:00;0.0;225;1026.5;0.0;0.0;11.4;0.92;;11.7;3.4557235421166306;10.0;11.7;12.2;0;0.0;9;0.2;1120.0;0.3;2.8;713.0
04/11/2020 19:05:00;04/11/2020;19:05:00;0.0;225;1026.5;0.0;0.0;11.4;0.91;;11.7;3.4557235421166306;10.0;11.7;12.2;0;0.0;9;0.2;1120.0;0.3;2.8;713.0
04/11/2020 19:06:00;04/11/2020;19:06:00;0.0;225;1026.6;0.0;0.0;11.4;0.92;;11.7;3.4557235421166306;10.0;11.7;12.2;0;0.0;9;0.2;1120.0;0.3;2.8;713.0
04/11/2020 19:07:00;04/11/2020;19:07:00;0.0;225;1026.6;0.0;0.0;11.5;0.91;;11.7;3.4557235421166306;10.0;11.7;12.2;0;0.0;9;0.2;1120.0;0.3;2.8;713.0
04/11/2020 19:08:00;04/11/2020;19:08:00;0.0;225;1026.6;0.0;0.0;11.4;0.91;;11.7;3.4557235421166306;10.0;11.7;12.2;0;0.0;9;0.2;1120.0;0.3;2.8;713.0
04/11/2020 19:09:00;04/11/2020;19:09:00;0.0;225;1026.6;0.0;0.0;11.4;0.91;;11.7;3.4557235421166306;10.0;11.7;12.2;0;0.0;9;0.2;1120.0;0.3;2.8;713.0
04/11/2020 19:10:00;04/11/2020;19:10:00;0.0;225;1026.6;0.0;0.0;11.4;0.91;;11.7;3.4557235421166306;10.0;11.7;12.2;0;0.0;9;0.2;1120.0;0.3;2.8;713.0
04/11/2020 19:11:00;04/11/2020;19:11:00;0.0;225;1026.6;0.0;0.0;11.4;0.91;;11.7;3.4557235421166306;10.0;11.7;12.2;0;0.0;9;0.2;1120.0;0.3;2.8;713.0
04/11/2020 19:12:00;04/11/2020;19:12:00;0.0;225;1026.7;0.0;0.0;11.4;0.91;;11.7;3.4557235421166306;10.0;11.7;12.2;0;0.0;9;0.2;1120.0;0.3;2.8;713.0
04/11/2020 19:13:00;04/11/2020;19:13:00;0.0;225;1026.7;0.0;0.0;11.4;0.91;;11.7;3.4557235421166306;10.0;11.7;12.2;0;0.0;9;0.2;1120.0;0.3;2.8;713.0
04/11/2020 19:14:00;04/11/2020;19:14:00;0.0;225;1026.6;0.0;0.0;11.5;0.92;;11.7;3.4557235421166306;10.6;11.7;12.2;0;0.0;9;0.2;1120.0;0.3;2.8;713.0
04/11/2020 19:16:00;04/11/2020;19:16:00;0.0;225;1026.6;0.0;0.0;11.5;0.92;;11.7;3.4557235421166306;10.6;11.7;12.2;0;0.0;9;0.2;1120.0;0.3;2.8;713.0
04/11/2020 19:17:00;04/11/2020;19:17:00;0.0;225;1026.7;0.0;0.0;11.5;0.92;;11.7;3.4557235421166306;10.6;11.7;12.2;0;0.0;9;0.2;1120.0;0.3;2.8;713.0
04/11/2020 19:18:00;04/11/2020;19:18:00;0.0;225;1026.7;0.0;0.0;11.5;0.92;;11.7;3.4557235421166306;10.6;11.7;12.2;0;0.0;9;0.2;1120.0;0.3;2.8;713.0
04/11/2020 19:19:00;04/11/2020;19:19:00;0.0;225;1026.7;0.0;0.0;11.4;0.92;;11.7;3.4557235421166306;10.0;11.7;12.2;0;0.0;9;0.2;1120.0;0.3;2.8;713.0
04/11/2020 19:20:00;04/11/2020;19:20:00;0.0;225;1026.6;0.0;0.0;11.4;0.92;;11.7;3.4557235421166306;10.0;11.7;12.2;0;0.0;9;0.2;1120.0;0.3;2.8;713.0
04/11/2020 19:21:00;04/11/2020;19:21:00;0.0;225;1026.7;0.0;0.0;11.4;0.92;;11.7;3.4557235421166306;10.0;11.7;12.2;0;0.0;9;0.2;1120.0;0.3;2.8;713.0
04/11/2020 19:22:00;04/11/2020;19:22:00;0.0;225;1026.7;0.0;0.0;11.4;0.92;;11.7;3.4557235421166306;10.0;11.7;12.2;0;0.0;9;0.2;1120.0;0.3;2.8;713.0
04/11/2020 19:24:00;04/11/2020;19:24:00;0.0;225;1026.7;0.0;0.0;11.4;0.92;;11.7;3.4557235421166306;10.0;11.7;12.2;0;0.0;9;0.2;1120.0;0.3;2.8;713.0
04/11/2020 19:25:00;04/11/2020;19:25:00;0.0;225;1026.9;0.0;0.0;11.4;0.92;;11.7;3.4557235421166306;10.0;11.7;12.2;0;0.0;9;0.2;1120.0;0.3;2.8;713.0
04/11/2020 19:26:00;04/11/2020;19:26:00;0.0;225;1026.7;0.0;0.0;11.4;0.92;;11.7;3.4557235421166306;10.0;11.7;12.2;0;0.0;9;0.2;1120.0;0.3;2.8;713.0
04/11/2020 19:27:00;04/11/2020;19:27:00;0.0;225;1026.8;0.0;0.0;11.4;0.92;;11.7;3.4557235421166306;10.0;11.7;12.2;0;0.0;9;0.2;1120.0;0.3;2.8;713.0
