timestamp_string;timestamp_string_date;timestamp_string_time;wind_speed_knots;wind_direction_deg;barometric_pressure_ssl_hPa;rain_today_mm;rain_rate_mmh;temperature_cels;rel_humidity;uv_index;heat_index_cels;wind_gust_knots;dew_point_cels;wind_chill_cels;ground_temperature_cels;solar_irradiance_wpsm;rel_leaf_wetness;soil_moisture_cb;rain_this_month_mm;rain_this_year_mm;evapotranspiration_today_mm;evapotranspiration_this_month_mm;evapotranspiration_this_year_mm;perceived_temperature_cels;humidex_cels;wind_temperature_cels;current_weather;wet_bulb_temperature_cels;absolute_humidity_gm3;saturated_vapor_pressure_hPa;windrun_km;barometric_pressure_wsl_hPa;average_wind_speed_knots;storm_rain_mm
19/11/2020 16:45:04;19/11/2020;16:45:04;0.0;180.0;1019.0;0.0;0.0;4.0;0.92;0.0;;0.0;;4.0;;0.0;;;5.1;1296.9;0.0;;;;;;;;;;;;;
19/11/2020 16:50:05;19/11/2020;16:50:05;0.0;202.0;1019.0;0.0;0.0;3.9;0.92;0.0;;0.0;;3.9;;0.0;;;5.1;1296.9;0.0;;;;;;;;;;;;;
19/11/2020 16:55:05;19/11/2020;16:55:05;0.0;202.0;1019.0;0.0;0.0;3.9;0.92;0.0;;0.0;;3.9;;0.0;;;5.1;1296.9;0.0;;;;;;;;;;;;;
19/11/2020 17:00:04;19/11/2020;17:00:04;0.0;202.0;1019.0;0.0;0.0;3.8;0.93;0.0;;0.0;;3.8;;0.0;;;5.1;1296.9;0.0;;;;;;;;;;;;;
19/11/2020 17:05:04;19/11/2020;17:05:04;0.0;202.0;1019.0;0.0;0.0;3.6;0.93;0.0;;0.0;;3.7;;0.0;;;5.1;1296.9;0.0;;;;;;;;;;;;;
19/11/2020 17:10:05;19/11/2020;17:10:05;0.0;225.0;1019.0;0.0;0.0;3.6;0.93;0.0;;0.0;;3.6;;0.0;;;5.1;1296.9;0.0;;;;;;;;;;;;;
19/11/2020 17:15:04;19/11/2020;17:15:04;0.0;180.0;1019.0;0.0;0.0;3.6;0.93;0.0;;0.0;;3.6;;0.0;;;5.1;1296.9;0.0;;;;;;;;;;;;;
19/11/2020 17:20:04;19/11/2020;17:20:04;0.0;270.0;1019.0;0.0;0.0;3.6;0.94;0.0;;0.0;;3.5;;0.0;;;5.1;1296.9;0.0;;;;;;;;;;;;;
19/11/2020 17:25:05;19/11/2020;17:25:05;0.0;315.0;1019.0;0.0;0.0;3.6;0.95;0.0;;0.0;;3.6;;0.0;;;5.1;1296.9;0.0;;;;;;;;;;;;;
19/11/2020 17:30:05;19/11/2020;17:30:05;0.0;292.0;1019.0;0.0;0.0;3.7;0.95;0.0;;0.0;;3.7;;0.0;;;5.1;1296.9;0.0;;;;;;;;;;;;;
19/11/2020 17:35:04;19/11/2020;17:35:04;0.0;292.0;1019.0;0.0;0.0;3.6;0.95;0.0;;0.0;;3.6;;0.0;;;5.1;1296.9;0.0;;;;;;;;;;;;;
19/11/2020 17:40:04;19/11/2020;17:40:04;0.0;225.0;1019.0;0.0;0.0;3.5;0.95;0.0;;0.0;;3.5;;0.0;;;5.1;1296.9;0.0;;;;;;;;;;;;;
19/11/2020 17:45:04;19/11/2020;17:45:04;0.0;180.0;1019.0;0.0;0.0;3.4;0.95;0.0;;0.0;;3.4;;0.0;;;5.1;1296.9;0.0;;;;;;;;;;;;;
19/11/2020 17:50:05;19/11/2020;17:50:05;0.0;292.0;1019.0;0.0;0.0;3.3;0.95;0.0;;0.0;;3.3;;0.0;;;5.1;1296.9;0.0;;;;;;;;;;;;;
19/11/2020 17:55:04;19/11/2020;17:55:04;0.0;292.0;1019.0;0.0;0.0;3.3;0.96;0.0;;0.0;;3.3;;0.0;;;5.1;1296.9;0.0;;;;;;;;;;;;;
19/11/2020 18:00:05;19/11/2020;18:00:05;0.0;292.0;1019.0;0.0;0.0;3.2;0.96;0.0;;0.0;;3.2;;0.0;;;5.1;1296.9;0.0;;;;;;;;;;;;;
19/11/2020 18:05:05;19/11/2020;18:05:05;0.0;292.0;1019.0;0.0;0.0;3.1;0.96;0.0;;0.0;;3.2;;0.0;;;5.1;1296.9;0.0;;;;;;;;;;;;;
19/11/2020 18:10:04;19/11/2020;18:10:04;0.0;225.0;1019.0;0.0;0.0;3.0;0.96;0.0;;0.0;;3.0;;0.0;;;5.1;1296.9;0.0;;;;;;;;;;;;;
19/11/2020 18:15:04;19/11/2020;18:15:04;0.0;225.0;1019.0;0.0;0.0;2.9;0.96;0.0;;0.0;;3.0;;0.0;;;5.1;1296.9;0.0;;;;;;;;;;;;;
19/11/2020 18:20:05;19/11/2020;18:20:05;0.0;225.0;1019.0;0.0;0.0;2.8;0.96;0.0;;0.0;;2.8;;0.0;;;5.1;1296.9;0.0;;;;;;;;;;;;;
19/11/2020 18:25:04;19/11/2020;18:25:04;0.0;225.0;1019.0;0.0;0.0;2.8;0.97;0.0;;0.0;;2.8;;0.0;;;5.1;1296.9;0.0;;;;;;;;;;;;;
19/11/2020 18:30:04;19/11/2020;18:30:04;0.0;225.0;1019.0;0.0;0.0;2.7;0.97;0.0;;0.0;;2.7;;0.0;;;5.1;1296.9;0.0;;;;;;;;;;;;;
19/11/2020 18:35:04;19/11/2020;18:35:04;0.0;225.0;1019.0;0.0;0.0;2.6;0.97;0.0;;0.0;;2.7;;0.0;;;5.1;1296.9;0.0;;;;;;;;;;;;;
19/11/2020 18:40:05;19/11/2020;18:40:05;0.0;225.0;1019.0;0.0;0.0;2.5;0.97;0.0;;0.0;;2.5;;0.0;;;5.1;1296.9;0.0;;;;;;;;;;;;;
19/11/2020 18:45:04;19/11/2020;18:45:04;0.0;225.0;1019.0;0.0;0.0;2.5;0.98;0.0;;0.0;;2.5;;0.0;;;5.1;1296.9;0.0;;;;;;;;;;;;;
19/11/2020 18:50:04;19/11/2020;18:50:04;0.0;225.0;1018.0;0.0;0.0;2.4;0.98;0.0;;0.0;;2.4;;0.0;;;5.1;1296.9;0.0;;;;;;;;;;;;;
19/11/2020 18:55:04;19/11/2020;18:55:04;0.0;360.0;1018.0;0.0;0.0;2.5;0.98;0.0;;0.0;;2.4;;0.0;;;5.1;1296.9;0.0;;;;;;;;;;;;;
19/11/2020 19:00:04;19/11/2020;19:00:04;0.0;158.0;1018.0;0.0;0.0;2.6;0.99;0.0;;0.0;;2.6;;0.0;;;5.1;1296.9;0.0;;;;;;;;;;;;;
19/11/2020 19:10:04;19/11/2020;19:10:04;0.0;158.0;1018.0;0.0;0.0;2.4;0.98;0.0;;0.0;;2.4;;0.0;;;5.1;1296.9;0.0;;;;;;;;;;;;;
19/11/2020 19:15:04;19/11/2020;19:15:04;0.0;158.0;1018.0;0.0;0.0;2.3;0.98;0.0;;0.0;;2.3;;0.0;;;5.1;1296.9;0.0;;;;;;;;;;;;;
19/11/2020 19:20:04;19/11/2020;19:20:04;0.0;158.0;1018.0;0.0;0.0;2.3;0.98;0.0;;0.0;;2.3;;0.0;;;5.1;1296.9;0.0;;;;;;;;;;;;;
19/11/2020 19:25:03;19/11/2020;19:25:03;0.0;158.0;1018.0;0.0;0.0;2.3;0.99;0.0;;0.0;;2.3;;0.0;;;5.1;1296.9;0.0;;;;;;;;;;;;;
19/11/2020 19:30:04;19/11/2020;19:30:04;0.0;158.0;1018.0;0.0;0.0;2.3;0.99;0.0;;0.0;;2.3;;0.0;;;5.1;1296.9;0.0;;;;;;;;;;;;;
19/11/2020 19:35:04;19/11/2020;19:35:04;0.0;158.0;1018.0;0.0;0.0;2.2;0.99;0.0;;0.0;;2.2;;0.0;;;5.1;1296.9;0.0;;;;;;;;;;;;;
19/11/2020 19:40:05;19/11/2020;19:40:05;0.0;270.0;1018.0;0.0;0.0;2.2;0.99;0.0;;0.0;;2.2;;0.0;;;5.1;1296.9;0.0;;;;;;;;;;;;;
19/11/2020 19:45:04;19/11/2020;19:45:04;0.0;270.0;1018.0;0.0;0.0;2.2;1.0;0.0;;0.0;;2.2;;0.0;;;5.1;1296.9;0.0;;;;;;;;;;;;;
19/11/2020 19:50:05;19/11/2020;19:50:05;0.0;22.0;1018.0;0.0;0.0;2.2;1.0;0.0;;0.0;;2.2;;0.0;;;5.1;1296.9;0.0;;;;;;;;;;;;;
19/11/2020 19:55:04;19/11/2020;19:55:04;0.0;22.0;1018.0;0.0;0.0;2.3;1.0;0.0;;0.0;;2.2;;0.0;;;5.1;1296.9;0.0;;;;;;;;;;;;;
19/11/2020 20:00:05;19/11/2020;20:00:05;0.0;270.0;1018.0;0.0;0.0;2.3;1.0;0.0;;0.0;;2.3;;0.0;;;5.1;1296.9;0.0;;;;;;;;;;;;;
19/11/2020 20:05:05;19/11/2020;20:05:05;0.0;248.0;1018.0;0.0;0.0;2.3;1.0;0.0;;0.0;;2.3;;0.0;;;5.1;1296.9;0.0;;;;;;;;;;;;;
19/11/2020 20:10:04;19/11/2020;20:10:04;0.0;135.0;1018.0;0.0;0.0;2.3;1.0;0.0;;0.0;;2.3;;0.0;;;5.1;1296.9;0.0;;;;;;;;;;;;;
19/11/2020 20:15:03;19/11/2020;20:15:03;0.0;135.0;1018.0;0.0;0.0;2.3;1.0;0.0;;0.0;;2.3;;0.0;;;5.1;1296.9;0.0;;;;;;;;;;;;;
19/11/2020 20:20:04;19/11/2020;20:20:04;0.9719222462203023;135.0;1018.0;0.0;0.0;2.3;1.0;0.0;;1.8;;2.3;;0.0;;;5.1;1296.9;0.0;;;;;;;;;;;;;
19/11/2020 20:25:04;19/11/2020;20:25:04;0.0;135.0;1018.0;0.0;0.0;2.4;1.0;0.0;;1.8;;2.4;;0.0;;;5.1;1296.9;0.0;;;;;;;;;;;;;
19/11/2020 20:30:04;19/11/2020;20:30:04;0.0;135.0;1018.0;0.0;0.0;2.5;1.0;0.0;;0.0;;2.5;;0.0;;;5.1;1296.9;0.0;;;;;;;;;;;;;
19/11/2020 20:40:04;19/11/2020;20:40:04;0.0;292.0;1018.0;0.0;0.0;2.7;1.0;0.0;;0.0;;2.7;;0.0;;;5.1;1296.9;0.0;;;;;;;;;;;;;
19/11/2020 20:45:04;19/11/2020;20:45:04;0.0;225.0;1018.0;0.0;0.0;2.9;1.0;0.0;;0.0;;2.9;;0.0;;;5.1;1296.9;0.0;;;;;;;;;;;;;
19/11/2020 20:50:04;19/11/2020;20:50:04;0.0;225.0;1018.0;0.0;0.0;3.0;1.0;0.0;;0.0;;3.0;;0.0;;;5.1;1296.9;0.0;;;;;;;;;;;;;
19/11/2020 20:55:03;19/11/2020;20:55:03;0.0;158.0;1018.0;0.0;0.0;3.0;1.0;0.0;;0.0;;3.0;;0.0;;;5.1;1296.9;0.0;;;;;;;;;;;;;
19/11/2020 21:00:04;19/11/2020;21:00:04;0.0;158.0;1018.0;0.0;0.0;3.2;1.0;0.0;;0.0;;3.1;;0.0;;;5.1;1296.9;0.0;;;;;;;;;;;;;
19/11/2020 21:05:04;19/11/2020;21:05:04;0.0;158.0;1018.0;0.0;0.0;3.3;1.0;0.0;;0.0;;3.2;;0.0;;;5.1;1296.9;0.0;;;;;;;;;;;;;
19/11/2020 21:10:05;19/11/2020;21:10:05;0.0;158.0;1018.0;0.0;0.0;3.3;1.0;0.0;;0.0;;3.3;;0.0;;;5.1;1296.9;0.0;;;;;;;;;;;;;
19/11/2020 21:15:03;19/11/2020;21:15:03;0.0;135.0;1018.0;0.0;0.0;3.3;1.0;0.0;;0.0;;3.3;;0.0;;;5.1;1296.9;0.0;;;;;;;;;;;;;
19/11/2020 21:20:04;19/11/2020;21:20:04;0.0;135.0;1018.0;0.0;0.0;3.3;1.0;0.0;;0.0;;3.3;;0.0;;;5.1;1296.9;0.0;;;;;;;;;;;;;
19/11/2020 21:25:04;19/11/2020;21:25:04;0.0;135.0;1018.0;0.0;0.0;3.4;1.0;0.0;;0.0;;3.4;;0.0;;;5.1;1296.9;0.0;;;;;;;;;;;;;
19/11/2020 21:30:04;19/11/2020;21:30:04;0.0;22.0;1018.0;0.0;0.0;3.5;1.0;0.0;;0.0;;3.4;;0.0;;;5.1;1296.9;0.0;;;;;;;;;;;;;
19/11/2020 21:35:04;19/11/2020;21:35:04;0.0;90.0;1018.0;0.0;0.0;3.5;1.0;0.0;;0.0;;3.5;;0.0;;;5.1;1296.9;0.0;;;;;;;;;;;;;
19/11/2020 21:40:04;19/11/2020;21:40:04;0.0;90.0;1018.0;0.0;0.0;3.6;1.0;0.0;;0.0;;3.6;;0.0;;;5.1;1296.9;0.0;;;;;;;;;;;;;
19/11/2020 21:45:03;19/11/2020;21:45:03;0.0;90.0;1018.0;0.0;0.0;3.6;1.0;0.0;;0.0;;3.6;;0.0;;;5.1;1296.9;0.0;;;;;;;;;;;;;
19/11/2020 21:50:04;19/11/2020;21:50:04;0.0;90.0;1018.0;0.0;0.0;3.6;1.0;0.0;;0.0;;3.6;;0.0;;;5.1;1296.9;0.0;;;;;;;;;;;;;
19/11/2020 21:55:04;19/11/2020;21:55:04;0.0;90.0;1018.0;0.0;0.0;3.7;1.0;0.0;;0.0;;3.6;;0.0;;;5.1;1296.9;0.0;;;;;;;;;;;;;
19/11/2020 22:00:04;19/11/2020;22:00:04;0.0;135.0;1018.0;0.0;0.0;3.7;1.0;0.0;;0.0;;3.7;;0.0;;;5.1;1296.9;0.0;;;;;;;;;;;;;
19/11/2020 22:05:04;19/11/2020;22:05:04;0.0;135.0;1018.0;0.0;0.0;3.7;1.0;0.0;;0.0;;3.7;;0.0;;;5.1;1296.9;0.0;;;;;;;;;;;;;
19/11/2020 22:10:04;19/11/2020;22:10:04;0.0;135.0;1018.0;0.0;0.0;3.7;1.0;0.0;;0.0;;3.7;;0.0;;;5.1;1296.9;0.0;;;;;;;;;;;;;
19/11/2020 22:15:03;19/11/2020;22:15:03;0.0;135.0;1018.0;0.0;0.0;3.8;1.0;0.0;;0.0;;3.8;;0.0;;;5.1;1296.9;0.0;;;;;;;;;;;;;
19/11/2020 22:20:04;19/11/2020;22:20:04;0.0;135.0;1018.0;0.0;0.0;3.8;1.0;0.0;;0.0;;3.8;;0.0;;;5.1;1296.9;0.0;;;;;;;;;;;;;
19/11/2020 22:25:04;19/11/2020;22:25:04;0.0;135.0;1018.0;0.0;0.0;3.9;1.0;0.0;;0.0;;3.8;;0.0;;;5.1;1296.9;0.0;;;;;;;;;;;;;
19/11/2020 22:30:04;19/11/2020;22:30:04;0.0;315.0;1018.0;0.0;0.0;3.9;1.0;0.0;;0.0;;3.9;;0.0;;;5.1;1296.9;0.0;;;;;;;;;;;;;
19/11/2020 22:35:04;19/11/2020;22:35:04;0.0;292.0;1018.0;0.0;0.0;4.0;1.0;0.0;;0.0;;4.0;;0.0;;;5.1;1296.9;0.0;;;;;;;;;;;;;
19/11/2020 22:40:04;19/11/2020;22:40:04;0.7559395248380129;315.0;1018.0;0.0;0.0;4.1;1.0;0.0;;1.8;;4.1;;0.0;;;5.1;1296.9;0.0;;;;;;;;;;;;;
19/11/2020 22:45:04;19/11/2020;22:45:04;0.0;158.0;1018.0;0.0;0.0;4.2;1.0;0.0;;1.8;;4.2;;0.0;;;5.1;1296.9;0.0;;;;;;;;;;;;;
19/11/2020 22:50:04;19/11/2020;22:50:04;0.0;158.0;1017.0;0.0;0.0;4.3;1.0;0.0;;0.0;;4.3;;0.0;;;5.1;1296.9;0.0;;;;;;;;;;;;;
19/11/2020 22:55:04;19/11/2020;22:55:04;0.0;158.0;1017.0;0.0;0.0;4.3;1.0;0.0;;0.0;;4.3;;0.0;;;5.1;1296.9;0.0;;;;;;;;;;;;;
19/11/2020 23:00:04;19/11/2020;23:00:04;0.0;338.0;1017.0;0.0;0.0;4.2;1.0;0.0;;0.0;;4.2;;0.0;;;5.1;1296.9;0.0;;;;;;;;;;;;;
19/11/2020 23:05:04;19/11/2020;23:05:04;0.0;315.0;1017.0;0.0;0.0;4.1;1.0;0.0;;0.0;;4.2;;0.0;;;5.1;1296.9;0.0;;;;;;;;;;;;;
19/11/2020 23:15:04;19/11/2020;23:15:04;0.0;135.0;1017.0;0.0;0.0;4.0;1.0;0.0;;0.0;;4.1;;0.0;;;5.1;1296.9;0.0;;;;;;;;;;;;;
19/11/2020 23:20:04;19/11/2020;23:20:04;1.187904967602592;135.0;1018.0;0.0;0.0;4.0;1.0;0.0;;2.2;;4.0;;0.0;;;5.1;1296.9;0.0;;;;;;;;;;;;;
19/11/2020 23:25:03;19/11/2020;23:25:03;0.0;180.0;1018.0;0.0;0.0;4.3;1.0;0.0;;3.2;;4.2;;0.0;;;5.1;1296.9;0.0;;;;;;;;;;;;;
19/11/2020 23:30:04;19/11/2020;23:30:04;0.9719222462203023;135.0;1018.0;0.0;0.0;4.3;1.0;0.0;;3.2;;4.3;;0.0;;;5.1;1296.9;0.0;;;;;;;;;;;;;
19/11/2020 23:35:03;19/11/2020;23:35:03;1.9438444924406046;90.0;1018.0;0.0;0.0;4.3;1.0;0.0;;3.6;;4.3;;0.0;;;5.1;1296.9;0.0;;;;;;;;;;;;;
19/11/2020 23:40:04;19/11/2020;23:40:04;1.7278617710583153;135.0;1018.0;0.0;0.0;4.4;1.0;0.0;;4.7;;4.4;;0.0;;;5.1;1296.9;0.0;;;;;;;;;;;;;
19/11/2020 23:45:03;19/11/2020;23:45:03;0.0;338.0;1018.0;0.0;0.0;4.5;1.0;0.0;;5.0;;4.5;;0.0;;;5.1;1296.9;0.0;;;;;;;;;;;;;
19/11/2020 23:50:04;19/11/2020;23:50:04;0.0;225.0;1018.0;0.0;0.0;4.6;1.0;0.0;;5.0;;4.5;;0.0;;;5.1;1296.9;0.0;;;;;;;;;;;;;
19/11/2020 23:55:04;19/11/2020;23:55:04;0.0;90.0;1018.0;0.0;0.0;4.6;1.0;0.0;;0.0;;4.6;;0.0;;;5.1;1296.9;0.0;;;;;;;;;;;;;
20/11/2020 00:00:05;20/11/2020;00:00:05;0.0;338.0;1018.0;0.0;0.0;4.6;1.0;0.0;;0.0;;4.6;;0.0;;;5.1;1296.9;0.0;;;;;;;;;;;;;
20/11/2020 00:05:03;20/11/2020;00:05:03;0.0;90.0;1018.0;0.0;0.0;4.6;1.0;0.0;;0.0;;4.6;;0.0;;;5.1;1296.9;0.0;;;;;;;;;;;;;
20/11/2020 00:10:06;20/11/2020;00:10:06;1.187904967602592;135.0;1018.0;0.0;0.0;4.6;1.0;0.0;;2.2;;4.6;;0.0;;;5.1;1296.9;0.0;;;;;;;;;;;;;
20/11/2020 07:00:05;20/11/2020;07:00:05;0.0;135.0;1021.0;4.3;0.0;5.5;1.0;0.0;;0.0;;5.5;;0.0;;;9.4;1301.2;0.0;;;;;;;;;;;;;
20/11/2020 07:05:04;20/11/2020;07:05:04;0.0;248.0;1021.0;4.3;0.0;5.6;1.0;0.0;;0.0;;5.6;;0.0;;;9.4;1301.2;0.0;;;;;;;;;;;;;
20/11/2020 07:10:04;20/11/2020;07:10:04;0.0;225.0;1021.0;4.3;0.0;5.6;1.0;0.0;;0.0;;5.6;;0.0;;;9.4;1301.2;0.0;;;;;;;;;;;;;
20/11/2020 07:15:03;20/11/2020;07:15:03;0.0;225.0;1021.0;4.3;0.0;5.6;1.0;0.0;;0.0;;5.6;;0.0;;;9.4;1301.2;0.0;;;;;;;;;;;;;
20/11/2020 07:20:04;20/11/2020;07:20:04;0.0;248.0;1021.0;4.3;0.0;5.5;1.0;0.0;;0.0;;5.5;;0.0;;;9.4;1301.2;0.0;;;;;;;;;;;;;
20/11/2020 07:25:04;20/11/2020;07:25:04;0.0;225.0;1021.0;4.3;0.0;5.6;1.0;0.0;;0.0;;5.6;;0.0;;;9.4;1301.2;0.0;;;;;;;;;;;;;
20/11/2020 07:30:04;20/11/2020;07:30:04;0.0;158.0;1021.0;4.3;0.0;5.5;1.0;0.0;;0.0;;5.6;;0.0;;;9.4;1301.2;0.0;;;;;;;;;;;;;
20/11/2020 07:35:03;20/11/2020;07:35:03;0.0;158.0;1021.0;4.3;0.0;5.5;1.0;0.0;;0.0;;5.5;;0.0;;;9.4;1301.2;0.0;;;;;;;;;;;;;
20/11/2020 07:40:04;20/11/2020;07:40:04;0.0;158.0;1021.0;4.3;0.0;5.5;1.0;0.0;;0.0;;5.5;;0.0;;;9.4;1301.2;0.0;;;;;;;;;;;;;
20/11/2020 07:45:04;20/11/2020;07:45:04;0.0;315.0;1021.0;4.3;0.0;5.5;1.0;0.0;;0.0;;5.5;;0.0;;;9.4;1301.2;0.0;;;;;;;;;;;;;
20/11/2020 07:50:04;20/11/2020;07:50:04;0.0;315.0;1021.0;4.3;0.0;5.5;1.0;0.0;;0.0;;5.5;;0.0;;;9.4;1301.2;0.0;;;;;;;;;;;;;
20/11/2020 07:55:03;20/11/2020;07:55:03;0.0;315.0;1021.0;4.3;0.0;5.5;1.0;0.0;;0.0;;5.5;;0.0;;;9.4;1301.2;0.0;;;;;;;;;;;;;
20/11/2020 08:00:04;20/11/2020;08:00:04;0.0;315.0;1021.0;4.3;0.0;5.5;1.0;0.0;;0.0;;5.5;;0.0;;;9.4;1301.2;0.0;;;;;;;;;;;;;
20/11/2020 08:05:05;20/11/2020;08:05:05;0.0;315.0;1021.0;4.3;0.0;5.6;1.0;0.0;;0.0;;5.6;;0.0;;;9.4;1301.2;0.0;;;;;;;;;;;;;
20/11/2020 08:10:04;20/11/2020;08:10:04;0.0;315.0;1021.0;4.3;0.0;5.6;1.0;0.0;;0.0;;5.6;;0.0;;;9.4;1301.2;0.0;;;;;;;;;;;;;
20/11/2020 08:15:04;20/11/2020;08:15:04;0.0;225.0;1021.0;4.3;0.0;5.7;1.0;0.0;;0.0;;5.7;;0.0;;;9.4;1301.2;0.0;;;;;;;;;;;;;
20/11/2020 08:20:04;20/11/2020;08:20:04;0.0;225.0;1021.0;4.3;0.0;5.7;1.0;0.0;;0.0;;5.7;;0.0;;;9.4;1301.2;0.0;;;;;;;;;;;;;
20/11/2020 08:25:04;20/11/2020;08:25:04;0.0;225.0;1021.0;4.3;0.0;5.9;1.0;0.0;;0.0;;5.9;;0.0;;;9.4;1301.2;0.0;;;;;;;;;;;;;
20/11/2020 08:30:04;20/11/2020;08:30:04;0.0;225.0;1021.0;4.3;0.0;5.9;1.0;0.0;;0.0;;5.9;;0.0;;;9.4;1301.2;0.0;;;;;;;;;;;;;
20/11/2020 08:35:04;20/11/2020;08:35:04;0.0;158.0;1021.0;4.3;0.0;5.9;1.0;0.0;;0.0;;5.9;;0.0;;;9.4;1301.2;0.0;;;;;;;;;;;;;
20/11/2020 08:40:04;20/11/2020;08:40:04;0.0;292.0;1021.0;4.3;0.0;6.0;1.0;0.0;;0.0;;5.9;;0.0;;;9.4;1301.2;0.0;;;;;;;;;;;;;
20/11/2020 08:45:04;20/11/2020;08:45:04;0.0;158.0;1021.0;4.3;0.0;6.0;1.0;0.0;;0.0;;6.0;;0.0;;;9.4;1301.2;0.0;;;;;;;;;;;;;
20/11/2020 08:50:05;20/11/2020;08:50:05;1.3498920086393087;112.0;1021.0;4.3;0.0;6.1;1.0;0.0;;2.5;;6.1;;0.0;;;9.4;1301.2;0.0;;;;;;;;;;;;;
20/11/2020 08:55:05;20/11/2020;08:55:05;0.7559395248380129;135.0;1021.0;4.3;0.0;6.2;1.0;0.0;;4.3;;6.2;;0.0;;;9.4;1301.2;0.0;;;;;;;;;;;;;
20/11/2020 09:00:05;20/11/2020;09:00:05;2.321814254859611;90.0;1021.0;4.3;0.0;6.4;1.0;0.0;;4.3;;6.4;;0.0;;;9.4;1301.2;0.0;;;;;;;;;;;;;
20/11/2020 09:05:04;20/11/2020;09:05:04;0.7559395248380129;135.0;1021.0;4.3;0.0;6.5;1.0;0.0;;4.3;;6.5;;0.0;;;9.4;1301.2;0.0;;;;;;;;;;;;;
20/11/2020 09:10:04;20/11/2020;09:10:04;0.0;202.0;1021.0;4.3;0.0;6.6;1.0;0.0;;3.2;;6.6;;0.0;;;9.4;1301.2;0.0;;;;;;;;;;;;;
20/11/2020 09:15:04;20/11/2020;09:15:04;1.3498920086393087;158.0;1021.0;4.3;0.0;6.6;1.0;0.0;;4.7;;6.6;;0.0;;;9.4;1301.2;0.0;;;;;;;;;;;;;
20/11/2020 09:20:04;20/11/2020;09:20:04;0.0;338.0;1021.0;4.3;0.0;6.7;1.0;0.0;;4.7;;6.7;;0.0;;;9.4;1301.2;0.0;;;;;;;;;;;;;
20/11/2020 09:25:04;20/11/2020;09:25:04;0.0;22.0;1021.0;4.3;0.0;6.7;1.0;0.0;;2.5;;6.7;;0.0;;;9.4;1301.2;0.0;;;;;;;;;;;;;
20/11/2020 09:30:04;20/11/2020;09:30:04;0.0;338.0;1021.0;4.3;0.0;6.9;1.0;0.0;;0.0;;6.9;;0.0;;;9.4;1301.2;0.0;;;;;;;;;;;;;
20/11/2020 09:35:03;20/11/2020;09:35:03;0.0;315.0;1022.0;4.3;0.0;7.0;1.0;0.0;;0.0;;7.0;;0.0;;;9.4;1301.2;0.0;;;;;;;;;;;;;
20/11/2020 11:15:03;20/11/2020;11:15:03;2.915766738660907;180.0;1022.0;4.3;0.0;13.5;0.89;0.0;;5.4;;13.5;;0.0;;;9.4;1301.2;0.0;;;;;;;;;;;;;
20/11/2020 11:20:04;20/11/2020;11:20:04;0.9719222462203023;68.0;1022.0;4.3;0.0;13.6;0.86;0.0;;5.4;;13.7;;0.0;;;9.4;1301.2;0.0;;;;;;;;;;;;;
20/11/2020 11:25:04;20/11/2020;11:25:04;0.0;90.0;1022.0;4.3;0.0;13.8;0.84;0.0;;5.4;;13.7;;0.0;;;9.4;1301.2;0.0;;;;;;;;;;;;;
20/11/2020 11:30:04;20/11/2020;11:30:04;0.7559395248380129;135.0;1022.0;4.3;0.0;13.9;0.81;0.0;;2.5;;13.8;;0.0;;;9.4;1301.2;0.0;;;;;;;;;;;;;
20/11/2020 11:40:05;20/11/2020;11:40:05;1.187904967602592;45.0;1022.0;4.3;0.0;14.2;0.78;0.0;;2.5;;14.1;;0.0;;;9.4;1301.2;0.0;;;;;;;;;;;;;
20/11/2020 11:40:05;20/11/2020;11:40:05;1.187904967602592;45.0;1022.0;4.3;0.0;14.2;0.78;0.0;;2.5;;14.1;;0.0;;;9.4;1301.2;0.0;;;;;;;;;;;;;
20/11/2020 11:45:04;20/11/2020;11:45:04;1.187904967602592;90.0;1022.0;4.3;0.0;14.4;0.76;0.0;;2.2;;14.5;;0.0;;;9.4;1301.2;0.0;;;;;;;;;;;;;
20/11/2020 11:50:05;20/11/2020;11:50:05;0.0;22.0;1021.0;4.3;0.0;14.4;0.75;0.0;;2.2;;14.4;;0.0;;;9.4;1301.2;0.0;;;;;;;;;;;;;
20/11/2020 12:15:05;20/11/2020;12:15:05;0.0;90.0;1021.0;4.3;0.0;14.7;0.7;0.0;;1.4;;14.6;;0.0;;;9.4;1301.2;0.0;;;;;;;;;;;;;
20/11/2020 12:20:05;20/11/2020;12:20:05;0.0;45.0;1021.0;4.3;0.0;14.8;0.68;0.0;;1.4;;14.8;;0.0;;;9.4;1301.2;0.0;;;;;;;;;;;;;
20/11/2020 12:25:04;20/11/2020;12:25:04;0.0;68.0;1021.0;4.3;0.0;14.9;0.68;0.0;;1.4;;14.8;;0.0;;;9.4;1301.2;0.0;;;;;;;;;;;;;
20/11/2020 12:30:05;20/11/2020;12:30:05;1.187904967602592;180.0;1021.0;4.3;0.0;14.7;0.67;0.0;;2.2;;14.8;;0.0;;;9.4;1301.2;0.0;;;;;;;;;;;;;
20/11/2020 12:35:05;20/11/2020;12:35:05;0.0;135.0;1021.0;4.3;0.0;14.6;0.64;0.0;;2.2;;14.6;;0.0;;;9.4;1301.2;0.0;;;;;;;;;;;;;
20/11/2020 12:40:05;20/11/2020;12:40:05;1.3498920086393087;135.0;1021.0;4.3;0.0;14.5;0.63;0.0;;2.5;;14.5;;0.0;;;9.4;1301.2;0.0;;;;;;;;;;;;;
20/11/2020 12:45:04;20/11/2020;12:45:04;0.0;202.0;1021.0;4.3;0.0;14.4;0.65;0.0;;2.5;;14.4;;0.0;;;9.4;1301.2;0.0;;;;;;;;;;;;;
20/11/2020 12:50:05;20/11/2020;12:50:05;0.0;338.0;1021.0;4.3;0.0;13.9;0.65;0.0;;0.0;;13.9;;0.0;;;9.4;1301.2;0.0;;;;;;;;;;;;;
20/11/2020 12:55:05;20/11/2020;12:55:05;1.9438444924406046;135.0;1021.0;4.3;0.0;13.7;0.65;0.0;;3.6;;13.7;;0.0;;;9.4;1301.2;0.0;;;;;;;;;;;;;
20/11/2020 13:00:05;20/11/2020;13:00:05;0.0;225.0;1021.0;4.3;0.0;13.6;0.65;0.0;;3.6;;13.6;;0.0;;;9.4;1301.2;0.0;;;;;;;;;;;;;
20/11/2020 13:10:04;20/11/2020;13:10:04;0.0;68.0;1021.0;4.3;0.0;13.2;0.68;0.0;;2.2;;13.3;;0.0;;;9.4;1301.2;0.0;;;;;;;;;;;;;
20/11/2020 13:15:05;20/11/2020;13:15:05;0.0;45.0;1021.0;4.3;0.0;13.2;0.69;0.0;;0.0;;13.1;;0.0;;;9.4;1301.2;0.0;;;;;;;;;;;;;
20/11/2020 13:20:05;20/11/2020;13:20:05;0.0;22.0;1021.0;4.3;0.0;13.4;0.68;0.0;;0.0;;13.3;;0.0;;;9.4;1301.2;0.0;;;;;;;;;;;;;
20/11/2020 13:25:04;20/11/2020;13:25:04;0.0;112.0;1021.0;4.3;0.0;13.6;0.68;0.0;;0.0;;13.5;;0.0;;;9.4;1301.2;0.0;;;;;;;;;;;;;
20/11/2020 13:30:04;20/11/2020;13:30:04;0.0;135.0;1021.0;4.3;0.0;14.0;0.68;0.0;;2.5;;13.8;;0.0;;;9.4;1301.2;0.0;;;;;;;;;;;;;
20/11/2020 13:35:04;20/11/2020;13:35:04;0.0;292.0;1021.0;4.3;0.0;13.9;0.64;0.0;;2.5;;14.0;;0.0;;;9.4;1301.2;0.0;;;;;;;;;;;;;
20/11/2020 13:40:05;20/11/2020;13:40:05;0.0;135.0;1021.0;4.3;0.0;13.8;0.65;0.0;;0.0;;13.8;;0.0;;;9.4;1301.2;0.0;;;;;;;;;;;;;
20/11/2020 13:45:04;20/11/2020;13:45:04;0.0;338.0;1021.0;4.3;0.0;13.8;0.63;0.0;;0.0;;13.8;;0.0;;;9.4;1301.2;0.0;;;;;;;;;;;;;
20/11/2020 13:50:04;20/11/2020;13:50:04;0.0;360.0;1021.0;4.3;0.0;13.7;0.64;0.0;;0.0;;13.7;;0.0;;;9.4;1301.2;0.0;;;;;;;;;;;;;
20/11/2020 13:55:04;20/11/2020;13:55:04;0.0;180.0;1021.0;4.3;0.0;13.8;0.64;0.0;;0.0;;13.8;;0.0;;;9.4;1301.2;0.0;;;;;;;;;;;;;
20/11/2020 14:00:05;20/11/2020;14:00:05;0.0;135.0;1021.0;4.3;0.0;12.9;0.61;0.0;;0.0;;13.3;;0.0;;;9.4;1301.2;0.0;;;;;;;;;;;;;
20/11/2020 14:05:05;20/11/2020;14:05:05;0.0;315.0;1021.0;4.3;0.0;11.6;0.61;0.0;;0.0;;12.0;;0.0;;;9.4;1301.2;0.0;;;;;;;;;;;;;
20/11/2020 14:15:05;20/11/2020;14:15:05;0.0;315.0;1021.0;4.3;0.0;9.9;0.67;0.0;;0.0;;10.2;;0.0;;;9.4;1301.2;0.0;;;;;;;;;;;;;
20/11/2020 14:20:04;20/11/2020;14:20:04;0.0;315.0;1020.0;4.3;0.0;9.5;0.68;0.0;;0.0;;9.5;;0.0;;;9.4;1301.2;0.0;;;;;;;;;;;;;
20/11/2020 14:25:04;20/11/2020;14:25:04;0.0;315.0;1020.0;4.3;0.0;9.0;0.7;0.0;;0.0;;9.2;;0.0;;;9.4;1301.2;0.0;;;;;;;;;;;;;
20/11/2020 14:30:04;20/11/2020;14:30:04;0.0;315.0;1020.0;4.3;0.0;8.5;0.73;0.0;;0.0;;8.7;;0.0;;;9.4;1301.2;0.0;;;;;;;;;;;;;
20/11/2020 14:35:04;20/11/2020;14:35:04;0.0;315.0;1020.0;4.3;0.0;8.1;0.75;0.0;;0.0;;8.3;;0.0;;;9.4;1301.2;0.0;;;;;;;;;;;;;
20/11/2020 14:40:04;20/11/2020;14:40:04;0.0;315.0;1020.0;4.3;0.0;7.9;0.76;0.0;;0.0;;7.9;;0.0;;;9.4;1301.2;0.0;;;;;;;;;;;;;
20/11/2020 14:45:04;20/11/2020;14:45:04;0.0;135.0;1020.0;4.3;0.0;7.6;0.76;0.0;;0.0;;7.6;;0.0;;;9.4;1301.2;0.0;;;;;;;;;;;;;
20/11/2020 14:50:05;20/11/2020;14:50:05;0.0;338.0;1020.0;4.3;0.0;7.4;0.77;0.0;;0.0;;7.4;;0.0;;;9.4;1301.2;0.0;;;;;;;;;;;;;
20/11/2020 14:55:05;20/11/2020;14:55:05;0.0;270.0;1020.0;4.3;0.0;7.2;0.78;0.0;;0.0;;7.2;;0.0;;;9.4;1301.2;0.0;;;;;;;;;;;;;
20/11/2020 15:00:05;20/11/2020;15:00:05;0.0;292.0;1020.0;4.3;0.0;6.9;0.8;0.0;;0.0;;7.0;;0.0;;;9.4;1301.2;0.0;;;;;;;;;;;;;
20/11/2020 15:05:04;20/11/2020;15:05:04;0.0;315.0;1020.0;4.3;0.0;6.7;0.8;0.0;;0.0;;6.8;;0.0;;;9.4;1301.2;0.0;;;;;;;;;;;;;
20/11/2020 15:10:04;20/11/2020;15:10:04;0.0;248.0;1020.0;4.3;0.0;6.7;0.81;0.0;;0.0;;6.7;;0.0;;;9.4;1301.2;0.0;;;;;;;;;;;;;
20/11/2020 15:15:05;20/11/2020;15:15:05;0.0;248.0;1020.0;4.3;0.0;6.6;0.81;0.0;;0.0;;6.6;;0.0;;;9.4;1301.2;0.0;;;;;;;;;;;;;
20/11/2020 15:20:05;20/11/2020;15:20:05;0.0;225.0;1020.0;4.3;0.0;6.4;0.82;0.0;;0.0;;6.5;;0.0;;;9.4;1301.2;0.0;;;;;;;;;;;;;
20/11/2020 15:25:04;20/11/2020;15:25:04;0.0;270.0;1020.0;4.3;0.0;6.3;0.83;0.0;;0.0;;6.3;;0.0;;;9.4;1301.2;0.0;;;;;;;;;;;;;
20/11/2020 15:35:04;20/11/2020;15:35:04;0.0;158.0;1021.0;4.3;0.0;6.1;0.84;0.0;;0.0;;6.2;;0.0;;;9.4;1301.2;0.0;;;;;;;;;;;;;
20/11/2020 15:40:04;20/11/2020;15:40:04;0.0;158.0;1021.0;4.3;0.0;5.9;0.84;0.0;;0.0;;5.9;;0.0;;;9.4;1301.2;0.0;;;;;;;;;;;;;
20/11/2020 15:45:04;20/11/2020;15:45:04;0.0;158.0;1021.0;4.3;0.0;5.7;0.85;0.0;;0.0;;5.7;;0.0;;;9.4;1301.2;0.0;;;;;;;;;;;;;
