timestamp_string;timestamp_string_date;timestamp_string_time;wind_speed_knots;wind_direction_deg;barometric_pressure_ssl_hPa;rain_today_mm;rain_rate_mmh;temperature_cels;rel_humidity;uv_index;heat_index_cels;wind_gust_knots;dew_point_cels;wind_chill_cels;ground_temperature_cels;solar_irradiance_wpsm;rel_leaf_wetness;soil_moisture_cb;rain_this_month_mm;rain_this_year_mm;evapotranspiration_today_mm;evapotranspiration_this_month_mm;evapotranspiration_this_year_mm;perceived_temperature_cels;humidex_cels;wind_temperature_cels;current_weather;wet_bulb_temperature_cels;absolute_humidity_gm3;saturated_vapor_pressure_hPa;windrun_km;barometric_pressure_wsl_hPa;average_wind_speed_knots;storm_rain_mmm, rain_in_last_storm_event_mm;cloud_height_m;air_density_kgm3;rel_equilibrium_moisture_content;wind_force_beaufort_desc;moon_phase_desc;sunrise_timestamp;sunset_timestamp;last_rain_event_timestamp
10/02/2021 19:21:30;10/02/2021;19:21:30;0.0;0;1000.0;16.0;0.0;5.0;0.93;0.0;;0.0;3.9;;;;;;59.9;266.0;;;;3.7;3.9;;rain;10.0;6.32;8.7;0.37;965.6;;;;;;;;;;;10.02.2021 13.05
10/02/2021 19:23:40;10/02/2021;19:23:40;0.0;225;1000.0;16.0;0.0;5.1;0.93;0.0;;0.0;4.0;;;;;;59.9;266.0;;;;3.8;4.1;;rain;10.0;6.36;8.8;0.37;965.6;;;;;;;;;;;10.02.2021 13.05
10/02/2021 19:25:55;10/02/2021;19:25:55;1.3498920086393087;225;1000.0;16.0;0.0;5.1;0.93;0.0;;1.565874730021598;4.0;;;;;;59.9;266.0;;;;3.3;4.1;;rain;10.0;6.36;8.8;0.46;965.6;;;;;;;;;;;10.02.2021 13.05
10/02/2021 19:28:11;10/02/2021;19:28:11;1.7278617710583153;225;1000.0;16.0;0.0;5.2;0.92;0.0;;1.9438444924406046;4.0;;;;;;59.9;266.0;;;;3.3;4.2;;rain;10.1;6.34;8.8;0.46;965.6;;;;;;;;;;;10.02.2021 13.05
10/02/2021 19:30:41;10/02/2021;19:30:41;0.48596112311015116;202.5;1000.0;16.0;0.0;5.2;0.92;0.0;;1.7278617710583153;4.0;;;;;;59.9;266.0;;;;3.7;4.2;;rain;10.1;6.34;8.8;0.46;965.6;;;;;;;;;;;10.02.2021 13.05
10/02/2021 19:34:14;10/02/2021;19:34:14;1.565874730021598;225;1000.0;16.0;0.0;5.3;0.92;0.0;;1.7278617710583153;4.1;;;;;;59.9;266.0;;;;3.4;4.3;;rain;10.2;6.38;8.9;0.46;965.6;;;;;;;;;;;10.02.2021 13.05
10/02/2021 19:36:22;10/02/2021;19:36:22;0.0;225;1000.0;16.0;0.0;5.3;0.92;0.0;;0.0;4.1;;;;;;59.9;266.0;;;;4.0;4.3;;rain;10.2;6.38;8.9;0.65;965.6;;;;;;;;;;;10.02.2021 13.05
10/02/2021 19:39:57;10/02/2021;19:39:57;0.2159827213822894;225;1000.0;16.0;0.0;5.4;0.92;0.0;;0.2159827213822894;4.2;;;;;;59.9;266.0;;;;4.0;4.4;;rain;10.2;6.42;9.0;0.65;965.7;;;;;;;;;;;10.02.2021 13.05
10/02/2021 19:42:07;10/02/2021;19:42:07;1.7278617710583153;225;1000.0;16.0;0.0;5.4;0.92;0.0;;1.7278617710583153;4.2;;;;;;59.9;266.0;;;;3.5;4.4;;rain;10.2;6.42;9.0;0.65;965.7;;;;;;;;;;;10.02.2021 13.05
10/02/2021 19:44:23;10/02/2021;19:44:23;0.0;225;1000.0;16.0;0.0;5.4;0.92;0.0;;0.0;4.2;;;;;;59.9;266.0;;;;4.1;4.4;;rain;10.2;6.42;9.0;0.65;965.7;;;;;;;;;;;10.02.2021 13.05
10/02/2021 21:31:33;10/02/2021;21:31:33;0.0;202.5;1001.0;16.0;0.0;4.6;0.94;0.0;;0.0;3.7;;;;;;59.9;266.0;;;;3.2;3.5;;rain;9.7;6.22;8.5;0.89;966.5;;;;;;;;;;;10.02.2021 13.05
10/02/2021 21:33:40;10/02/2021;21:33:40;0.0;202.5;1001.0;16.0;0.0;4.5;0.94;0.0;;0.0;3.6;;;;;;59.9;266.0;;;;3.1;3.3;;rain;9.6;6.18;8.4;0.89;966.5;;;;;;;;;;;10.02.2021 13.05
10/02/2021 21:36:26;10/02/2021;21:36:26;0.0;202.5;1001.0;16.0;0.0;4.5;0.94;0.0;;0.0;3.6;;;;;;59.9;266.0;;;;3.1;3.3;;rain;9.6;6.18;8.4;0.89;966.5;;;;;;;;;;;10.02.2021 13.05
10/02/2021 21:41:38;10/02/2021;21:41:38;0.0;202.5;1001.0;16.0;0.0;4.4;0.94;0.0;;0.0;3.5;;;;;;59.9;266.0;;;;3.0;3.2;;rain;9.5;6.14;8.4;0.89;966.5;;;;;;;;;;;10.02.2021 13.05
10/02/2021 21:43:43;10/02/2021;21:43:43;0.0;202.5;1001.0;16.0;0.0;4.4;0.94;0.0;;0.0;3.5;;;;;;59.9;266.0;;;;3.0;3.2;;rain;9.5;6.14;8.4;0.89;966.5;;;;;;;;;;;10.02.2021 13.05
10/02/2021 21:45:54;10/02/2021;21:45:54;0.0;225;1001.0;16.0;0.0;4.4;0.94;0.0;;0.0;3.5;;;;;;59.9;266.0;;;;3.0;3.2;;rain;9.5;6.14;8.4;0.89;966.5;;;;;;;;;;;10.02.2021 13.05
10/02/2021 21:48:04;10/02/2021;21:48:04;0.0;225;1001.0;16.0;0.0;4.4;0.94;0.0;;0.0;3.5;;;;;;59.9;266.0;;;;3.0;3.2;;rain;9.5;6.14;8.4;0.89;966.5;;;;;;;;;;;10.02.2021 13.05
10/02/2021 21:52:28;10/02/2021;21:52:28;0.0;225;1001.0;16.0;0.0;4.4;0.94;0.0;;0.0;3.5;;;;;;59.9;266.0;;;;3.0;3.2;;rain;9.5;6.14;8.4;0.89;966.5;;;;;;;;;;;10.02.2021 13.05
10/02/2021 21:54:35;10/02/2021;21:54:35;0.0;225;1001.0;16.0;0.0;4.4;0.94;0.0;;0.0;3.5;;;;;;59.9;266.0;;;;3.0;3.2;;rain;9.5;6.14;8.4;0.9;966.5;;;;;;;;;;;10.02.2021 13.05
10/02/2021 21:56:47;10/02/2021;21:56:47;0.0;225;1001.0;16.0;0.0;4.3;0.95;0.0;;0.0;3.6;;;;;;59.9;266.0;;;;2.9;3.1;;rain;9.5;6.16;8.3;0.9;966.5;;;;;;;;;;;10.02.2021 13.05
10/02/2021 21:59:03;10/02/2021;21:59:03;0.0;225;1001.0;16.0;0.0;4.3;0.95;0.0;;0.0;3.6;;;;;;59.9;266.0;;;;2.9;3.1;;rain;9.5;6.16;8.3;0.9;966.5;;;;;;;;;;;10.02.2021 13.05
10/02/2021 22:01:16;10/02/2021;22:01:16;0.0;225;1001.0;16.0;0.0;4.2;0.95;0.0;;0.0;3.5;;;;;;59.9;266.0;;;;2.8;3.0;;rain;9.4;6.12;8.3;0.9;966.5;;;;;;;;;;;10.02.2021 13.05
10/02/2021 22:03:24;10/02/2021;22:03:24;0.0;225;1001.0;16.0;0.0;4.2;0.95;0.0;;0.0;3.5;;;;;;59.9;266.0;;;;2.8;3.0;;rain;9.4;6.12;8.3;0.9;966.5;;;;;;;;;;;10.02.2021 13.05
10/02/2021 22:05:40;10/02/2021;22:05:40;0.0;225;1002.0;16.0;0.0;4.2;0.95;0.0;;0.0;3.5;;;;;;59.9;266.0;;;;2.8;3.0;;rain;9.4;6.12;8.3;0.9;967.4;;;;;;;;;;;10.02.2021 13.05
10/02/2021 22:07:46;10/02/2021;22:07:46;0.0;225;1002.0;16.0;0.0;4.2;0.94;0.0;;0.0;3.3;;;;;;59.9;266.0;;;;2.8;2.9;;rain;9.4;6.06;8.3;0.9;967.4;;;;;;;;;;;10.02.2021 13.05
10/02/2021 22:09:57;10/02/2021;22:09:57;0.0;225;1002.0;16.0;0.0;4.2;0.94;0.0;;0.0;3.3;;;;;;59.9;266.0;;;;2.8;2.9;;rain;9.4;6.06;8.3;0.9;967.4;;;;;;;;;;;10.02.2021 13.05
10/02/2021 22:12:48;10/02/2021;22:12:48;0.0;225;1002.0;16.0;0.0;4.3;0.94;0.0;;0.0;3.4;;;;;;59.9;266.0;;;;2.9;3.1;;rain;9.4;6.1;8.3;0.9;967.4;;;;;;;;;;;10.02.2021 13.05
10/02/2021 22:14:57;10/02/2021;22:14:57;0.0;225;1002.0;16.0;0.0;4.3;0.94;0.0;;0.0;3.4;;;;;;59.9;266.0;;;;2.9;3.1;;rain;9.4;6.1;8.3;0.9;967.4;;;;;;;;;;;10.02.2021 13.05
10/02/2021 22:17:04;10/02/2021;22:17:04;0.0;225;1002.0;16.0;0.0;4.3;0.95;0.0;;0.0;3.6;;;;;;59.9;266.0;;;;2.9;3.1;;rain;9.5;6.16;8.3;0.9;967.4;;;;;;;;;;;10.02.2021 13.05
10/02/2021 22:19:16;10/02/2021;22:19:16;0.0;225;1002.0;16.0;0.0;4.3;0.95;0.0;;0.0;3.5;;;;;;59.9;266.0;;;;2.8;3.0;;rain;9.4;6.12;8.3;0.9;967.4;;;;;;;;;;;10.02.2021 13.05
10/02/2021 22:21:35;10/02/2021;22:21:35;0.0;180;1002.0;16.0;0.0;4.2;0.94;0.0;;0.0;3.3;;;;;;59.9;266.0;;;;2.8;2.9;;rain;9.4;6.06;8.3;0.9;967.4;;;;;;;;;;;10.02.2021 13.05
10/02/2021 22:23:42;10/02/2021;22:23:42;0.0;180;1002.0;16.0;0.0;4.2;0.94;0.0;;0.0;3.3;;;;;;59.9;266.0;;;;2.8;2.9;;rain;9.4;6.06;8.3;0.9;967.4;;;;;;;;;;;10.02.2021 13.05
10/02/2021 22:25:51;10/02/2021;22:25:51;0.0;180;1002.0;16.0;0.0;4.2;0.94;0.0;;0.0;3.3;;;;;;59.9;266.0;;;;2.8;2.9;;rain;9.4;6.06;8.3;0.91;967.4;;;;;;;;;;;10.02.2021 13.05
10/02/2021 22:28:05;10/02/2021;22:28:05;0.0;180;1002.0;16.0;0.0;4.2;0.94;0.0;;0.0;3.3;;;;;;59.9;266.0;;;;2.8;2.9;;rain;9.4;6.06;8.3;0.91;967.4;;;;;;;;;;;10.02.2021 13.05
10/02/2021 22:30:13;10/02/2021;22:30:13;0.0;180;1002.0;16.0;0.0;4.2;0.94;0.0;;0.0;3.3;;;;;;59.9;266.0;;;;2.8;2.9;;rain;9.4;6.06;8.3;0.91;967.4;;;;;;;;;;;10.02.2021 13.05
10/02/2021 22:32:20;10/02/2021;22:32:20;0.0;180;1002.0;16.0;0.0;4.2;0.94;0.0;;0.0;3.3;;;;;;59.9;266.0;;;;2.8;2.9;;rain;9.4;6.06;8.3;0.91;967.4;;;;;;;;;;;10.02.2021 13.05
10/02/2021 22:34:31;10/02/2021;22:34:31;0.0;180;1002.0;16.0;0.0;4.1;0.94;0.0;;0.0;3.2;;;;;;59.9;266.0;;;;2.6;2.8;;rain;9.3;6.02;8.2;0.91;967.4;;;;;;;;;;;10.02.2021 13.05
10/02/2021 22:36:40;10/02/2021;22:36:40;0.0;180;1002.0;16.0;0.0;4.1;0.94;0.0;;0.0;3.2;;;;;;59.9;266.0;;;;2.6;2.8;;rain;9.3;6.02;8.2;0.91;967.4;;;;;;;;;;;10.02.2021 13.05
11/02/2021 00:38:59;11/02/2021;00:38:59;0.0;180;1002.0;16.0;0.0;4.0;0.94;0.0;;0.0;3.1;;;;;;59.9;266.0;;;;2.5;2.7;;rain;9.2;5.98;8.1;0.91;967.4;;;;;;;;;;;10.02.2021 13.05
11/02/2021 00:41:12;11/02/2021;00:41:12;0.0;180;1004.0;0.0;0.0;3.8;0.95;0.0;;0.0;3.1;;;;;;59.9;266.0;;;;2.3;2.5;;rain;9.1;5.96;8.0;0.01;969.3;;;;;;;;;;;10.02.2021 13.05
11/02/2021 00:43:19;11/02/2021;00:43:19;0.0;180;1004.0;0.0;0.0;3.7;0.95;0.0;;0.0;3.0;;;;;;59.9;266.0;;;;2.2;2.4;;rain;9.0;5.92;8.0;0.01;969.3;;;;;;;;;;;10.02.2021 13.05
11/02/2021 00:45:28;11/02/2021;00:45:28;0.0;180;1004.0;0.0;0.0;3.7;0.95;0.0;;0.0;3.0;;;;;;59.9;266.0;;;;2.2;2.4;;rain;9.0;5.92;8.0;0.01;969.3;;;;;;;;;;;10.02.2021 13.05
11/02/2021 00:47:34;11/02/2021;00:47:34;0.0;180;1004.0;0.0;0.0;3.7;0.95;0.0;;0.0;3.0;;;;;;59.9;266.0;;;;2.2;2.4;;rain;9.0;5.92;8.0;0.01;969.3;;;;;;;;;;;10.02.2021 13.05
11/02/2021 00:49:39;11/02/2021;00:49:39;0.0;180;1004.0;0.0;0.0;3.7;0.95;0.0;;0.0;3.0;;;;;;59.9;266.0;;;;2.2;2.4;;rain;9.0;5.92;8.0;0.01;969.3;;;;;;;;;;;10.02.2021 13.05
11/02/2021 00:51:45;11/02/2021;00:51:45;0.0;180;1004.0;0.0;0.0;3.7;0.95;0.0;;0.0;3.0;;;;;;59.9;266.0;;;;2.2;2.4;;rain;9.0;5.92;8.0;0.01;969.3;;;;;;;;;;;10.02.2021 13.05
11/02/2021 00:53:53;11/02/2021;00:53:53;0.0;180;1004.0;0.0;0.0;3.6;0.95;0.0;;0.0;2.9;;;;;;59.9;266.0;;;;2.1;2.2;;rain;8.9;5.88;7.9;0.01;969.3;;;;;;;;;;;10.02.2021 13.05
11/02/2021 00:55:59;11/02/2021;00:55:59;0.0;180;1004.0;0.0;0.0;3.6;0.95;0.0;;0.0;2.9;;;;;;59.9;266.0;;;;2.1;2.2;;rain;8.9;5.88;7.9;0.01;969.3;;;;;;;;;;;10.02.2021 13.05
11/02/2021 00:58:07;11/02/2021;00:58:07;0.0;180;1004.0;0.0;0.0;3.6;0.95;0.0;;0.0;2.9;;;;;;59.9;266.0;;;;2.1;2.2;;rain;8.9;5.88;7.9;0.01;969.3;;;;;;;;;;;10.02.2021 13.05
11/02/2021 01:00:13;11/02/2021;01:00:13;0.0;180;1004.0;0.0;0.0;3.6;0.95;0.0;;0.0;2.9;;;;;;59.9;266.0;;;;2.1;2.2;;rain;8.9;5.88;7.9;0.01;969.3;;;;;;;;;;;10.02.2021 13.05
11/02/2021 01:02:22;11/02/2021;01:02:22;0.0;180;1004.0;0.0;0.0;3.6;0.95;0.0;;0.0;2.9;;;;;;59.9;266.0;;;;2.1;2.2;;rain;8.9;5.88;7.9;0.01;969.3;;;;;;;;;;;10.02.2021 13.05
11/02/2021 01:04:33;11/02/2021;01:04:33;0.0;180;1004.0;0.0;0.0;3.6;0.95;0.0;;0.0;2.9;;;;;;59.9;266.0;;;;2.1;2.2;;rain;8.9;5.88;7.9;0.01;969.3;;;;;;;;;;;10.02.2021 13.05
11/02/2021 01:06:38;11/02/2021;01:06:38;0.0;180;1004.0;0.0;0.0;3.5;0.95;0.0;;0.0;2.8;;;;;;59.9;266.0;;;;2.0;2.1;;rain;8.9;5.84;7.9;0.01;969.3;;;;;;;;;;;10.02.2021 13.05
11/02/2021 01:08:42;11/02/2021;01:08:42;0.0;180;1004.0;0.0;0.0;3.5;0.95;0.0;;0.0;2.8;;;;;;59.9;266.0;;;;2.0;2.1;;rain;8.9;5.84;7.9;0.01;969.3;;;;;;;;;;;10.02.2021 13.05
11/02/2021 01:10:51;11/02/2021;01:10:51;0.0;180;1004.0;0.0;0.0;3.5;0.95;0.0;;0.0;2.8;;;;;;59.9;266.0;;;;2.0;2.1;;rain;8.9;5.84;7.9;0.01;969.3;;;;;;;;;;;10.02.2021 13.05
11/02/2021 01:12:56;11/02/2021;01:12:56;0.0;180;1004.0;0.0;0.0;3.5;0.95;0.0;;0.0;2.8;;;;;;59.9;266.0;;;;2.0;2.1;;rain;8.9;5.84;7.9;0.01;969.3;;;;;;;;;;;10.02.2021 13.05
11/02/2021 01:15:02;11/02/2021;01:15:02;0.0;180;1004.0;0.0;0.0;3.4;0.95;0.0;;0.0;2.7;;;;;;59.9;266.0;;;;1.8;2.0;;rain;8.8;5.8;7.8;0.01;969.3;;;;;;;;;;;10.02.2021 13.05
11/02/2021 01:17:11;11/02/2021;01:17:11;0.0;180;1004.0;0.0;0.0;3.4;0.95;0.0;;0.0;2.7;;;;;;59.9;266.0;;;;1.8;2.0;;rain;8.8;5.8;7.8;0.01;969.3;;;;;;;;;;;10.02.2021 13.05
11/02/2021 01:19:21;11/02/2021;01:19:21;0.0;180;1004.0;0.0;0.0;3.4;0.95;0.0;;0.0;2.7;;;;;;59.9;266.0;;;;1.8;2.0;;rain;8.8;5.8;7.8;0.01;969.3;;;;;;;;;;;10.02.2021 13.05
11/02/2021 01:21:27;11/02/2021;01:21:27;0.0;180;1004.0;0.0;0.0;3.4;0.95;0.0;;0.0;2.7;;;;;;59.9;266.0;;;;1.8;2.0;;rain;8.8;5.8;7.8;0.01;969.3;;;;;;;;;;;10.02.2021 13.05
11/02/2021 01:23:36;11/02/2021;01:23:36;0.0;180;1004.0;0.0;0.0;3.4;0.95;0.0;;0.0;2.7;;;;;;59.9;266.0;;;;1.8;2.0;;rain;8.8;5.8;7.8;0.01;969.3;;;;;;;;;;;10.02.2021 13.05
11/02/2021 01:25:41;11/02/2021;01:25:41;0.0;180;1004.0;0.0;0.0;3.4;0.95;0.0;;0.0;2.7;;;;;;59.9;266.0;;;;1.8;2.0;;rain;8.8;5.8;7.8;0.01;969.3;;;;;;;;;;;10.02.2021 13.05
11/02/2021 01:27:50;11/02/2021;01:27:50;0.0;180;1004.0;0.0;0.0;3.4;0.95;0.0;;0.0;2.7;;;;;;59.9;266.0;;;;1.8;2.0;;rain;8.8;5.8;7.8;0.01;969.3;;;;;;;;;;;10.02.2021 13.05
11/02/2021 01:29:55;11/02/2021;01:29:55;0.0;180;1004.0;0.0;0.0;3.4;0.95;0.0;;0.0;2.7;;;;;;59.9;266.0;;;;1.8;2.0;;rain;8.8;5.8;7.8;0.01;969.3;;;;;;;;;;;10.02.2021 13.05
11/02/2021 01:32:00;11/02/2021;01:32:00;0.0;180;1004.0;0.0;0.0;3.3;0.95;0.0;;0.0;2.6;;;;;;59.9;266.0;;;;1.7;1.8;;rain;8.7;5.77;7.7;0.01;969.3;;;;;;;;;;;10.02.2021 13.05
11/02/2021 01:34:08;11/02/2021;01:34:08;0.0;180;1005.0;0.0;0.0;3.3;0.96;0.0;;0.0;2.7;;;;;;59.9;266.0;;;;1.8;1.9;;rain;8.7;5.83;7.7;0.01;970.2;;;;;;;;;;;10.02.2021 13.05
11/02/2021 01:36:14;11/02/2021;01:36:14;0.0;180;1005.0;0.0;0.0;3.3;0.96;0.0;;0.0;2.7;;;;;;59.9;266.0;;;;1.8;1.9;;rain;8.7;5.83;7.7;0.01;970.2;;;;;;;;;;;10.02.2021 13.05
11/02/2021 01:38:19;11/02/2021;01:38:19;0.0;180;1005.0;0.0;0.0;3.3;0.96;0.0;;0.0;2.7;;;;;;59.9;266.0;;;;1.8;1.9;;rain;8.7;5.83;7.7;0.01;970.2;;;;;;;;;;;10.02.2021 13.05
11/02/2021 01:40:25;11/02/2021;01:40:25;0.0;180;1005.0;0.0;0.0;3.3;0.96;0.0;;0.0;2.7;;;;;;59.9;266.0;;;;1.8;1.9;;rain;8.7;5.83;7.7;0.01;970.2;;;;;;;;;;;10.02.2021 13.05
11/02/2021 01:42:34;11/02/2021;01:42:34;0.0;180;1005.0;0.0;0.0;3.4;0.96;0.0;;0.0;2.8;;;;;;59.9;266.0;;;;1.9;2.0;;rain;8.8;5.87;7.8;0.01;970.2;;;;;;;;;;;10.02.2021 13.05
11/02/2021 01:44:39;11/02/2021;01:44:39;0.0;180;1005.0;0.0;0.0;3.4;0.96;0.0;;0.0;2.8;;;;;;59.9;266.0;;;;1.9;2.0;;rain;8.8;5.87;7.8;0.01;970.2;;;;;;;;;;;10.02.2021 13.05
11/02/2021 01:46:44;11/02/2021;01:46:44;0.0;180;1005.0;0.0;0.0;3.4;0.95;0.0;;0.0;2.7;;;;;;59.9;266.0;;;;1.8;2.0;;rain;8.8;5.8;7.8;0.01;970.2;;;;;;;;;;;10.02.2021 13.05
11/02/2021 01:48:53;11/02/2021;01:48:53;0.0;180;1004.0;0.0;0.0;3.4;0.96;0.0;;0.0;2.8;;;;;;59.9;266.0;;;;1.9;2.0;;rain;8.8;5.87;7.8;0.01;969.3;;;;;;;;;;;10.02.2021 13.05
11/02/2021 01:51:03;11/02/2021;01:51:03;0.0;180;1004.0;0.0;0.0;3.4;0.96;0.0;;0.0;2.8;;;;;;59.9;266.0;;;;1.9;2.0;;rain;8.8;5.87;7.8;0.01;969.3;;;;;;;;;;;10.02.2021 13.05
11/02/2021 01:53:08;11/02/2021;01:53:08;0.0;202.5;1004.0;0.0;0.0;3.4;0.95;0.0;;0.0;2.7;;;;;;59.9;266.0;;;;1.8;2.0;;rain;8.8;5.8;7.8;0.01;969.3;;;;;;;;;;;10.02.2021 13.05
11/02/2021 01:55:16;11/02/2021;01:55:16;0.0;202.5;1004.0;0.0;0.0;3.4;0.95;0.0;;0.0;2.7;;;;;;59.9;266.0;;;;1.8;2.0;;rain;8.8;5.8;7.8;0.01;969.3;;;;;;;;;;;10.02.2021 13.05
11/02/2021 01:57:25;11/02/2021;01:57:25;0.0;202.5;1004.0;0.0;0.0;3.5;0.95;0.0;;0.0;2.8;;;;;;59.9;266.0;;;;2.0;2.1;;rain;8.9;5.84;7.9;0.01;969.3;;;;;;;;;;;10.02.2021 13.05
11/02/2021 01:59:30;11/02/2021;01:59:30;0.0;202.5;1004.0;0.0;0.0;3.5;0.95;0.0;;0.0;2.8;;;;;;59.9;266.0;;;;2.0;2.1;;rain;8.9;5.84;7.9;0.01;969.3;;;;;;;;;;;10.02.2021 13.05
11/02/2021 02:01:39;11/02/2021;02:01:39;0.0;202.5;1004.0;0.0;0.0;3.6;0.95;0.0;;0.0;2.9;;;;;;59.9;266.0;;;;2.1;2.2;;rain;8.9;5.88;7.9;0.01;969.3;;;;;;;;;;;10.02.2021 13.05
11/02/2021 02:03:44;11/02/2021;02:03:44;0.0;202.5;1005.0;0.0;0.0;3.6;0.95;0.0;;0.0;2.9;;;;;;59.9;266.0;;;;2.1;2.2;;rain;8.9;5.88;7.9;0.01;970.3;;;;;;;;;;;10.02.2021 13.05
11/02/2021 02:05:53;11/02/2021;02:05:53;0.0;202.5;1005.0;0.0;0.0;3.5;0.95;0.0;;0.0;2.8;;;;;;59.9;266.0;;;;2.0;2.1;;rain;8.9;5.84;7.9;0.01;970.2;;;;;;;;;;;10.02.2021 13.05
11/02/2021 02:07:58;11/02/2021;02:07:58;0.0;202.5;1005.0;0.0;0.0;3.5;0.95;0.0;;0.0;2.8;;;;;;59.9;266.0;;;;2.0;2.1;;rain;8.9;5.84;7.9;0.01;970.2;;;;;;;;;;;10.02.2021 13.05
11/02/2021 02:10:03;11/02/2021;02:10:03;0.0;202.5;1005.0;0.0;0.0;3.5;0.95;0.0;;0.0;2.8;;;;;;59.9;266.0;;;;2.0;2.1;;rain;8.9;5.84;7.9;0.01;970.2;;;;;;;;;;;10.02.2021 13.05
11/02/2021 02:12:09;11/02/2021;02:12:09;0.0;202.5;1005.0;0.0;0.0;3.5;0.95;0.0;;0.0;2.8;;;;;;59.9;266.0;;;;2.0;2.1;;rain;8.9;5.84;7.9;0.01;970.2;;;;;;;;;;;10.02.2021 13.05
11/02/2021 02:14:14;11/02/2021;02:14:14;0.0;202.5;1005.0;0.0;0.0;3.4;0.95;0.0;;0.0;2.7;;;;;;59.9;266.0;;;;1.8;2.0;;rain;8.8;5.8;7.8;0.01;970.2;;;;;;;;;;;10.02.2021 13.05
11/02/2021 02:16:23;11/02/2021;02:16:23;0.0;202.5;1005.0;0.0;0.0;3.4;0.95;0.0;;0.0;2.7;;;;;;59.9;266.0;;;;1.8;2.0;;rain;8.8;5.8;7.8;0.01;970.2;;;;;;;;;;;10.02.2021 13.05
11/02/2021 02:18:27;11/02/2021;02:18:27;0.0;202.5;1005.0;0.0;0.0;3.4;0.95;0.0;;0.0;2.7;;;;;;59.9;266.0;;;;1.8;2.0;;rain;8.8;5.8;7.8;0.01;970.2;;;;;;;;;;;10.02.2021 13.05
11/02/2021 02:20:37;11/02/2021;02:20:37;0.0;202.5;1005.0;0.0;0.0;3.3;0.95;0.0;;0.0;2.6;;;;;;59.9;266.0;;;;1.7;1.8;;rain;8.7;5.77;7.7;0.01;970.2;;;;;;;;;;;10.02.2021 13.05
11/02/2021 02:22:43;11/02/2021;02:22:43;0.0;202.5;1005.0;0.0;0.0;3.3;0.96;0.0;;0.0;2.7;;;;;;59.9;266.0;;;;1.8;1.9;;rain;8.7;5.83;7.7;0.01;970.2;;;;;;;;;;;10.02.2021 13.05
11/02/2021 02:24:49;11/02/2021;02:24:49;0.0;202.5;1005.0;0.0;0.0;3.3;0.96;0.0;;0.0;2.7;;;;;;59.9;266.0;;;;1.8;1.9;;rain;8.7;5.83;7.7;0.01;970.2;;;;;;;;;;;10.02.2021 13.05
11/02/2021 02:26:57;11/02/2021;02:26:57;0.0;202.5;1005.0;0.0;0.0;3.3;0.96;0.0;;0.0;2.7;;;;;;59.9;266.0;;;;1.8;1.9;;rain;8.7;5.83;7.7;0.01;970.2;;;;;;;;;;;10.02.2021 13.05
11/02/2021 02:29:02;11/02/2021;02:29:02;0.0;202.5;1005.0;0.0;0.0;3.3;0.96;0.0;;0.0;2.7;;;;;;59.9;266.0;;;;1.8;1.9;;rain;8.7;5.83;7.7;0.01;970.2;;;;;;;;;;;10.02.2021 13.05
11/02/2021 02:31:07;11/02/2021;02:31:07;0.0;202.5;1005.0;0.0;0.0;3.3;0.96;0.0;;0.0;2.7;;;;;;59.9;266.0;;;;1.8;1.9;;rain;8.7;5.83;7.7;0.01;970.2;;;;;;;;;;;10.02.2021 13.05
11/02/2021 02:33:12;11/02/2021;02:33:12;0.0;202.5;1005.0;0.0;0.0;3.4;0.96;0.0;;0.0;2.8;;;;;;59.9;266.0;;;;1.9;2.0;;rain;8.8;5.87;7.8;0.01;970.2;;;;;;;;;;;10.02.2021 13.05
11/02/2021 02:35:17;11/02/2021;02:35:17;0.0;202.5;1005.0;0.0;0.0;3.4;0.95;0.0;;0.0;2.7;;;;;;59.9;266.0;;;;1.8;2.0;;rain;8.8;5.8;7.8;0.01;970.2;;;;;;;;;;;10.02.2021 13.05
11/02/2021 02:37:26;11/02/2021;02:37:26;0.0;202.5;1005.0;0.0;0.0;3.4;0.95;0.0;;0.0;2.7;;;;;;59.9;266.0;;;;1.8;2.0;;rain;8.8;5.8;7.8;0.01;970.2;;;;;;;;;;;10.02.2021 13.05
11/02/2021 02:39:33;11/02/2021;02:39:33;0.0;202.5;1005.0;0.0;0.0;3.3;0.95;0.0;;0.0;2.6;;;;;;59.9;266.0;;;;1.7;1.8;;rain;8.7;5.77;7.7;0.01;970.2;;;;;;;;;;;10.02.2021 13.05
11/02/2021 02:41:38;11/02/2021;02:41:38;0.0;202.5;1005.0;0.0;0.0;3.3;0.95;0.0;;0.0;2.6;;;;;;59.9;266.0;;;;1.7;1.8;;rain;8.7;5.77;7.7;0.01;970.2;;;;;;;;;;;10.02.2021 13.05
11/02/2021 02:43:42;11/02/2021;02:43:42;0.0;202.5;1005.0;0.0;0.0;3.2;0.96;0.0;;0.0;2.6;;;;;;59.9;266.0;;;;1.6;1.7;;rain;8.7;5.79;7.7;0.01;970.2;;;;;;;;;;;10.02.2021 13.05
11/02/2021 02:45:49;11/02/2021;02:45:49;0.0;202.5;1005.0;0.0;0.0;3.1;0.96;0.0;;0.0;2.5;;;;;;59.9;266.0;;;;1.5;1.6;;rain;8.6;5.75;7.6;0.01;970.2;;;;;;;;;;;10.02.2021 13.05
11/02/2021 02:47:54;11/02/2021;02:47:54;0.0;202.5;1005.0;0.0;0.0;3.1;0.96;0.0;;0.0;2.5;;;;;;59.9;266.0;;;;1.5;1.6;;rain;8.6;5.75;7.6;0.01;970.2;;;;;;;;;;;10.02.2021 13.05
11/02/2021 02:49:59;11/02/2021;02:49:59;0.0;202.5;1005.0;0.0;0.0;3.0;0.96;0.0;;0.0;2.4;;;;;;59.9;266.0;;;;1.4;1.5;;rain;8.5;5.71;7.6;0.01;970.2;;;;;;;;;;;10.02.2021 13.05
11/02/2021 02:52:06;11/02/2021;02:52:06;0.0;202.5;1005.0;0.0;0.0;3.0;0.96;0.0;;0.0;2.4;;;;;;59.9;266.0;;;;1.4;1.5;;rain;8.5;5.71;7.6;0.01;970.2;;;;;;;;;;;10.02.2021 13.05
11/02/2021 02:54:11;11/02/2021;02:54:11;0.0;202.5;1005.0;0.0;0.0;2.9;0.96;0.0;;0.0;2.3;;;;;;59.9;266.0;;;;1.3;1.4;;rain;8.4;5.67;7.5;0.01;970.2;;;;;;;;;;;10.02.2021 13.05
11/02/2021 02:56:16;11/02/2021;02:56:16;0.0;202.5;1005.0;0.0;0.0;2.9;0.96;0.0;;0.0;2.3;;;;;;59.9;266.0;;;;1.3;1.4;;rain;8.4;5.67;7.5;0.01;970.2;;;;;;;;;;;10.02.2021 13.05
11/02/2021 02:58:21;11/02/2021;02:58:21;0.0;202.5;1005.0;0.0;0.0;2.8;0.96;0.0;;0.0;2.2;;;;;;59.9;266.0;;;;1.2;1.2;;rain;8.3;5.63;7.5;0.01;970.2;;;;;;;;;;;10.02.2021 13.05
11/02/2021 03:00:27;11/02/2021;03:00:27;0.0;202.5;1005.0;0.0;0.0;2.8;0.96;0.0;;0.0;2.2;;;;;;59.9;266.0;;;;1.2;1.2;;rain;8.3;5.63;7.5;0.01;970.2;;;;;;;;;;;10.02.2021 13.05
11/02/2021 03:02:36;11/02/2021;03:02:36;0.0;202.5;1005.0;0.0;0.0;2.8;0.96;0.0;;0.0;2.2;;;;;;59.9;266.0;;;;1.2;1.2;;rain;8.3;5.63;7.5;0.01;970.2;;;;;;;;;;;10.02.2021 13.05
11/02/2021 03:04:41;11/02/2021;03:04:41;0.0;202.5;1005.0;0.0;0.0;2.8;0.96;0.0;;0.0;2.2;;;;;;59.9;266.0;;;;1.2;1.2;;rain;8.3;5.63;7.5;0.01;970.2;;;;;;;;;;;10.02.2021 13.05
11/02/2021 03:06:46;11/02/2021;03:06:46;0.0;202.5;1005.0;0.0;0.0;2.9;0.96;0.0;;0.0;2.3;;;;;;59.9;266.0;;;;1.3;1.4;;rain;8.4;5.67;7.5;0.01;970.2;;;;;;;;;;;10.02.2021 13.05
11/02/2021 03:08:51;11/02/2021;03:08:51;0.0;202.5;1005.0;0.0;0.0;2.9;0.96;0.0;;0.0;2.3;;;;;;59.9;266.0;;;;1.3;1.4;;rain;8.4;5.67;7.5;0.01;970.2;;;;;;;;;;;10.02.2021 13.05
11/02/2021 03:10:57;11/02/2021;03:10:57;0.0;202.5;1005.0;0.0;0.0;2.9;0.96;0.0;;0.0;2.3;;;;;;59.9;266.0;;;;1.3;1.4;;rain;8.4;5.67;7.5;0.01;970.2;;;;;;;;;;;10.02.2021 13.05
11/02/2021 03:13:01;11/02/2021;03:13:01;0.0;202.5;1005.0;0.0;0.0;2.9;0.96;0.0;;0.0;2.3;;;;;;59.9;266.0;;;;1.3;1.4;;rain;8.4;5.67;7.5;0.01;970.2;;;;;;;;;;;10.02.2021 13.05
11/02/2021 03:15:07;11/02/2021;03:15:07;0.0;202.5;1005.0;0.0;0.0;3.0;0.96;0.0;;0.0;2.4;;;;;;59.9;266.0;;;;1.4;1.5;;rain;8.5;5.71;7.6;0.01;970.2;;;;;;;;;;;10.02.2021 13.05
11/02/2021 03:17:12;11/02/2021;03:17:12;0.0;202.5;1005.0;0.0;0.0;3.0;0.96;0.0;;0.0;2.4;;;;;;59.9;266.0;;;;1.4;1.5;;rain;8.5;5.71;7.6;0.01;970.2;;;;;;;;;;;10.02.2021 13.05
11/02/2021 03:19:18;11/02/2021;03:19:18;0.0;202.5;1006.0;0.0;0.0;3.1;0.96;0.0;;0.0;2.5;;;;;;59.9;266.0;;;;1.5;1.6;;rain;8.6;5.75;7.6;0.01;971.2;;;;;;;;;;;10.02.2021 13.05
11/02/2021 03:21:24;11/02/2021;03:21:24;0.0;202.5;1006.0;0.0;0.0;3.1;0.96;0.0;;0.0;2.5;;;;;;59.9;266.0;;;;1.5;1.6;;rain;8.6;5.75;7.6;0.01;971.2;;;;;;;;;;;10.02.2021 13.05
11/02/2021 03:23:29;11/02/2021;03:23:29;0.0;202.5;1006.0;0.0;0.0;3.2;0.95;0.0;;0.0;2.5;;;;;;59.9;266.0;;;;1.6;1.7;;rain;8.6;5.73;7.7;0.01;971.2;;;;;;;;;;;10.02.2021 13.05
11/02/2021 03:25:34;11/02/2021;03:25:34;0.0;202.5;1006.0;0.0;0.0;3.2;0.95;0.0;;0.0;2.5;;;;;;59.9;266.0;;;;1.6;1.7;;rain;8.6;5.73;7.7;0.01;971.2;;;;;;;;;;;10.02.2021 13.05
11/02/2021 03:27:39;11/02/2021;03:27:39;0.0;202.5;1006.0;0.0;0.0;3.2;0.95;0.0;;0.0;2.5;;;;;;59.9;266.0;;;;1.6;1.7;;rain;8.6;5.73;7.7;0.01;971.2;;;;;;;;;;;10.02.2021 13.05
11/02/2021 03:29:44;11/02/2021;03:29:44;0.0;202.5;1006.0;0.0;0.0;3.2;0.95;0.0;;0.0;2.5;;;;;;59.9;266.0;;;;1.6;1.7;;rain;8.6;5.73;7.7;0.01;971.2;;;;;;;;;;;10.02.2021 13.05
11/02/2021 03:31:50;11/02/2021;03:31:50;0.1079913606911447;202.5;1006.0;0.0;0.0;3.3;0.95;0.0;;0.2159827213822894;2.6;;;;;;59.9;266.0;;;;1.7;1.8;;rain;8.7;5.77;7.7;0.01;971.2;;;;;;;;;;;10.02.2021 13.05
11/02/2021 03:33:57;11/02/2021;03:33:57;0.0;202.5;1006.0;0.0;0.0;3.3;0.95;0.0;;0.0;2.6;;;;;;59.9;266.0;;;;1.7;1.8;;rain;8.7;5.77;7.7;0.01;971.2;;;;;;;;;;;10.02.2021 13.05
11/02/2021 03:36:04;11/02/2021;03:36:04;0.0;202.5;1006.0;0.0;0.0;3.4;0.95;0.0;;0.0;2.7;;;;;;59.9;266.0;;;;1.8;2.0;;rain;8.8;5.8;7.8;0.01;971.2;;;;;;;;;;;10.02.2021 13.05
11/02/2021 03:38:12;11/02/2021;03:38:12;0.0;202.5;1006.0;0.0;0.0;3.4;0.95;0.0;;0.0;2.7;;;;;;59.9;266.0;;;;1.8;2.0;;rain;8.8;5.8;7.8;0.01;971.2;;;;;;;;;;;10.02.2021 13.05
11/02/2021 03:40:20;11/02/2021;03:40:20;0.0;202.5;1006.0;0.0;0.0;3.3;0.95;0.0;;0.0;2.6;;;;;;59.9;266.0;;;;1.7;1.8;;rain;8.7;5.77;7.7;0.02;971.2;;;;;;;;;;;10.02.2021 13.05
11/02/2021 03:42:28;11/02/2021;03:42:28;0.0;202.5;1006.0;0.0;0.0;3.3;0.95;0.0;;0.0;2.6;;;;;;59.9;266.0;;;;1.7;1.8;;rain;8.7;5.77;7.7;0.02;971.2;;;;;;;;;;;10.02.2021 13.05
11/02/2021 03:44:40;11/02/2021;03:44:40;0.0;202.5;1006.0;0.0;0.0;3.3;0.95;0.0;;0.0;2.6;;;;;;59.9;266.0;;;;1.7;1.8;;rain;8.7;5.77;7.7;0.02;971.2;;;;;;;;;;;10.02.2021 13.05
11/02/2021 03:46:47;11/02/2021;03:46:47;0.0;202.5;1006.0;0.0;0.0;3.3;0.95;0.0;;0.0;2.6;;;;;;59.9;266.0;;;;1.7;1.8;;rain;8.7;5.77;7.7;0.02;971.2;;;;;;;;;;;10.02.2021 13.05
11/02/2021 03:48:57;11/02/2021;03:48:57;0.0;202.5;1006.0;0.0;0.0;3.3;0.95;0.0;;0.0;2.6;;;;;;59.9;266.0;;;;1.7;1.8;;rain;8.7;5.77;7.7;0.02;971.2;;;;;;;;;;;10.02.2021 13.05
11/02/2021 03:51:03;11/02/2021;03:51:03;0.0;202.5;1006.0;0.0;0.0;3.3;0.95;0.0;;0.0;2.6;;;;;;59.9;266.0;;;;1.7;1.8;;rain;8.7;5.77;7.7;0.04;971.2;;;;;;;;;;;10.02.2021 13.05
11/02/2021 03:53:09;11/02/2021;03:53:09;0.0;157.5;1006.0;0.0;0.0;3.3;0.95;0.0;;0.0;2.6;;;;;;59.9;266.0;;;;1.7;1.8;;rain;8.7;5.77;7.7;0.04;971.2;;;;;;;;;;;10.02.2021 13.05
11/02/2021 03:55:19;11/02/2021;03:55:19;0.0;180;1006.0;0.0;0.0;3.3;0.95;0.0;;0.0;2.6;;;;;;59.9;266.0;;;;1.7;1.8;;rain;8.7;5.77;7.7;0.04;971.2;;;;;;;;;;;10.02.2021 13.05
11/02/2021 03:57:22;11/02/2021;03:57:22;0.1079913606911447;225;1006.0;0.0;0.0;3.2;0.95;0.0;;0.2159827213822894;2.5;;;;;;59.9;266.0;;;;1.6;1.7;;rain;8.6;5.73;7.7;0.04;971.2;;;;;;;;;;;10.02.2021 13.05
11/02/2021 03:59:28;11/02/2021;03:59:28;0.0;225;1006.0;0.0;0.0;3.2;0.95;0.0;;0.0;2.5;;;;;;59.9;266.0;;;;1.6;1.7;;rain;8.6;5.73;7.7;0.04;971.2;;;;;;;;;;;10.02.2021 13.05
11/02/2021 04:01:33;11/02/2021;04:01:33;0.0;225;1006.0;0.0;0.0;3.2;0.95;0.0;;0.0;2.5;;;;;;59.9;266.0;;;;1.6;1.7;;rain;8.6;5.73;7.7;0.14;971.2;;;;;;;;;;;10.02.2021 13.05
11/02/2021 04:03:43;11/02/2021;04:03:43;1.565874730021598;225;1006.0;0.0;0.0;3.1;0.95;0.0;;1.565874730021598;2.4;;;;;;59.9;266.0;;;;0.9;1.6;;rain;8.5;5.69;7.6;0.14;971.2;;;;;;;;;;;10.02.2021 13.05
11/02/2021 04:05:53;11/02/2021;04:05:53;0.9719222462203023;225;1006.0;0.0;0.0;3.1;0.95;0.0;;1.7278617710583153;2.4;;;;;;59.9;266.0;;;;1.1;1.6;;rain;8.5;5.69;7.6;0.14;971.2;;;;;;;;;;;10.02.2021 13.05
11/02/2021 04:08:00;11/02/2021;04:08:00;2.537796976241901;202.5;1006.0;0.0;0.0;3.1;0.95;0.0;;2.537796976241901;2.4;;;;;;59.9;266.0;;;;0.6;1.6;;rain;8.5;5.69;7.6;0.14;971.2;;;;;;;;;;;10.02.2021 13.05
11/02/2021 04:10:09;11/02/2021;04:10:09;2.321814254859611;225;1006.0;0.0;0.0;3.2;0.95;0.0;;4.265658747300216;2.5;;;;;;59.9;266.0;;;;0.8;1.7;;rain;8.6;5.73;7.7;0.14;971.2;;;;;;;;;;;10.02.2021 13.05
11/02/2021 04:12:21;11/02/2021;04:12:21;1.7278617710583153;225;1006.0;0.0;0.0;3.2;0.95;0.0;;1.7278617710583153;2.5;;;;;;59.9;266.0;;;;1.0;1.7;;rain;8.6;5.73;7.7;0.37;971.2;;;;;;;;;;;10.02.2021 13.05
11/02/2021 04:14:30;11/02/2021;04:14:30;1.3498920086393087;225;1006.0;0.0;0.0;3.2;0.95;0.0;;2.321814254859611;2.5;;;;;;59.9;266.0;;;;1.1;1.7;;rain;8.6;5.73;7.7;0.37;971.2;;;;;;;;;;;10.02.2021 13.05
11/02/2021 04:16:36;11/02/2021;04:16:36;0.48596112311015116;225;1006.0;0.0;0.0;3.2;0.94;0.0;;0.7559395248380129;2.3;;;;;;59.9;266.0;;;;1.4;1.7;;rain;8.6;5.67;7.7;0.37;971.2;;;;;;;;;;;10.02.2021 13.05
11/02/2021 04:18:43;11/02/2021;04:18:43;1.565874730021598;202.5;1006.0;0.0;0.0;3.2;0.94;0.0;;5.453563714902807;2.3;;;;;;59.9;266.0;;;;1.0;1.7;;rain;8.6;5.67;7.7;0.37;971.2;;;;;;;;;;;10.02.2021 13.05
11/02/2021 04:20:50;11/02/2021;04:20:50;1.3498920086393087;225;1006.0;0.0;0.0;3.2;0.94;0.0;;3.509719222462203;2.3;;;;;;59.9;266.0;;;;1.1;1.7;;rain;8.6;5.67;7.7;0.37;971.2;;;;;;;;;;;10.02.2021 13.05
11/02/2021 04:22:58;11/02/2021;04:22:58;1.83585313174946;202.5;1006.0;0.0;0.0;3.2;0.94;0.0;;4.481641468682506;2.3;;;;;;59.9;266.0;;;;0.9;1.7;;rain;8.6;5.67;7.7;1.12;971.2;;;;;;;;;;;10.02.2021 13.05
11/02/2021 04:25:09;11/02/2021;04:25:09;0.8639308855291576;225;1006.0;0.0;0.0;3.2;0.94;0.0;;2.159827213822894;2.3;;;;;;59.9;266.0;;;;1.3;1.7;;rain;8.6;5.67;7.7;1.12;971.2;;;;;;;;;;;10.02.2021 13.05
11/02/2021 04:27:20;11/02/2021;04:27:20;1.4578833693304536;225;1006.0;0.0;0.0;3.2;0.95;0.0;;1.565874730021598;2.5;;;;;;59.9;266.0;;;;1.1;1.7;;rain;8.6;5.73;7.7;1.12;971.2;;;;;;;;;;;10.02.2021 13.05
11/02/2021 04:29:30;11/02/2021;04:29:30;0.0;225;1006.0;0.0;0.0;3.1;0.95;0.0;;0.0;2.4;;;;;;59.9;266.0;;;;1.5;1.6;;rain;8.5;5.69;7.6;1.12;971.2;;;;;;;;;;;10.02.2021 13.05
11/02/2021 04:31:35;11/02/2021;04:31:35;0.0;225;1006.0;0.0;0.0;3.0;0.95;0.0;;0.0;2.3;;;;;;59.9;266.0;;;;1.4;1.5;;rain;8.5;5.65;7.6;1.12;971.1;;;;;;;;;;;10.02.2021 13.05
11/02/2021 04:33:44;11/02/2021;04:33:44;0.0;225;1006.0;0.0;0.0;2.9;0.95;0.0;;0.0;2.2;;;;;;59.9;266.0;;;;1.3;1.3;;rain;8.4;5.61;7.5;1.26;971.1;;;;;;;;;;;10.02.2021 13.05
11/02/2021 04:35:52;11/02/2021;04:35:52;0.0;225;1006.0;0.0;0.0;2.9;0.95;0.0;;0.0;2.2;;;;;;59.9;266.0;;;;1.3;1.3;;rain;8.4;5.61;7.5;1.26;971.1;;;;;;;;;;;10.02.2021 13.05
11/02/2021 04:37:59;11/02/2021;04:37:59;0.0;225;1006.0;0.0;0.0;2.8;0.95;0.0;;0.0;2.1;;;;;;59.9;266.0;;;;1.1;1.2;;rain;8.3;5.58;7.5;1.26;971.1;;;;;;;;;;;10.02.2021 13.05
11/02/2021 04:40:11;11/02/2021;04:40:11;0.0;225;1006.0;0.0;0.0;2.8;0.95;0.0;;0.0;2.1;;;;;;59.9;266.0;;;;1.1;1.2;;rain;8.3;5.58;7.5;1.26;971.1;;;;;;;;;;;10.02.2021 13.05
11/02/2021 04:42:19;11/02/2021;04:42:19;0.0;225;1006.0;0.0;0.0;2.7;0.95;0.0;;0.0;2.0;;;;;;59.9;266.0;;;;1.0;1.1;;rain;8.2;5.54;7.4;1.26;971.1;;;;;;;;;;;10.02.2021 13.05
11/02/2021 04:44:29;11/02/2021;04:44:29;0.0;225;1006.0;0.0;0.0;2.6;0.95;0.0;;0.0;1.9;;;;;;59.9;266.0;;;;0.9;0.9;;rain;8.2;5.5;7.4;1.27;971.1;;;;;;;;;;;10.02.2021 13.05
11/02/2021 04:46:35;11/02/2021;04:46:35;0.0;225;1006.0;0.0;0.0;2.5;0.95;0.0;;0.0;1.8;;;;;;59.9;266.0;;;;0.8;0.8;;rain;8.1;5.46;7.3;1.27;971.1;;;;;;;;;;;10.02.2021 13.05
11/02/2021 04:48:41;11/02/2021;04:48:41;0.26997840172786175;202.5;1007.0;0.0;0.0;2.5;0.95;0.0;;0.593952483801296;1.8;;;;;;59.9;266.0;;;;0.7;0.8;;rain;8.1;5.46;7.3;1.27;972.1;;;;;;;;;;;10.02.2021 13.05
11/02/2021 04:50:47;11/02/2021;04:50:47;0.0;202.5;1007.0;0.0;0.0;2.5;0.95;0.0;;0.0;1.8;;;;;;59.9;266.0;;;;0.8;0.8;;rain;8.1;5.46;7.3;1.27;972.1;;;;;;;;;;;10.02.2021 13.05
11/02/2021 04:52:52;11/02/2021;04:52:52;0.0;202.5;1007.0;0.0;0.0;2.4;0.95;0.0;;0.0;1.7;;;;;;59.9;266.0;;;;0.7;0.7;;rain;8.0;5.43;7.3;1.27;972.0;;;;;;;;;;;10.02.2021 13.05
11/02/2021 04:54:58;11/02/2021;04:54:58;0.0;202.5;1007.0;0.0;0.0;2.4;0.95;0.0;;0.0;1.7;;;;;;59.9;266.0;;;;0.7;0.7;;rain;8.0;5.43;7.3;1.3;972.0;;;;;;;;;;;10.02.2021 13.05
11/02/2021 04:57:04;11/02/2021;04:57:04;1.3498920086393087;202.5;1007.0;0.0;0.0;2.4;0.95;0.0;;1.3498920086393087;1.7;;;;;;59.9;266.0;;;;0.2;0.7;;rain;8.0;5.43;7.3;1.3;972.0;;;;;;;;;;;10.02.2021 13.05
11/02/2021 04:59:09;11/02/2021;04:59:09;0.0;202.5;1007.0;0.0;0.0;2.4;0.96;0.0;;0.0;1.8;;;;;;59.9;266.0;;;;0.7;0.7;;rain;8.0;5.48;7.3;1.3;972.0;;;;;;;;;;;10.02.2021 13.05
11/02/2021 05:01:14;11/02/2021;05:01:14;0.0;180;1007.0;0.0;0.0;2.4;0.96;0.0;;0.0;1.8;;;;;;59.9;266.0;;;;0.7;0.7;;rain;8.0;5.48;7.3;1.3;972.0;;;;;;;;;;;10.02.2021 13.05
11/02/2021 05:03:19;11/02/2021;05:03:19;0.0;180;1007.0;0.0;0.0;2.4;0.96;0.0;;0.0;1.8;;;;;;59.9;266.0;;;;0.7;0.7;;rain;8.0;5.48;7.3;1.3;972.0;;;;;;;;;;;10.02.2021 13.05
11/02/2021 05:05:26;11/02/2021;05:05:26;0.26997840172786175;202.5;1007.0;0.0;0.0;2.3;0.96;0.0;;0.593952483801296;1.7;;;;;;59.9;266.0;;;;0.5;0.6;;rain;8.0;5.45;7.2;1.38;972.0;;;;;;;;;;;10.02.2021 13.05
11/02/2021 05:07:31;11/02/2021;05:07:31;1.565874730021598;225;1007.0;0.0;0.0;2.3;0.96;0.0;;2.159827213822894;1.7;;;;;;59.9;266.0;;;;0.0;0.6;;rain;8.0;5.45;7.2;1.38;972.0;;;;;;;;;;;10.02.2021 13.05
11/02/2021 05:09:36;11/02/2021;05:09:36;1.7278617710583153;202.5;1007.0;0.0;0.0;2.3;0.96;0.0;;1.9438444924406046;1.7;;;;;;59.9;266.0;;;;0.0;0.6;;rain;8.0;5.45;7.2;1.38;972.0;;;;;;;;;;;10.02.2021 13.05
11/02/2021 05:11:42;11/02/2021;05:11:42;0.1079913606911447;225;1007.0;0.0;0.0;2.3;0.96;0.0;;0.2159827213822894;1.7;;;;;;59.9;266.0;;;;0.5;0.6;;rain;8.0;5.45;7.2;1.38;972.0;;;;;;;;;;;10.02.2021 13.05
11/02/2021 05:13:50;11/02/2021;05:13:50;0.0;225;1007.0;0.0;0.0;2.3;0.96;0.0;;0.0;1.7;;;;;;59.9;266.0;;;;0.6;0.6;;rain;8.0;5.45;7.2;1.38;972.0;;;;;;;;;;;10.02.2021 13.05
11/02/2021 05:15:56;11/02/2021;05:15:56;0.0;225;1007.0;0.0;0.0;2.2;0.96;0.0;;0.0;1.6;;;;;;59.9;266.0;;;;0.5;0.5;;rain;7.9;5.41;7.2;1.59;972.0;;;;;;;;;;;10.02.2021 13.05
11/02/2021 05:18:01;11/02/2021;05:18:01;0.0;225;1007.0;0.0;0.0;2.2;0.96;0.0;;0.0;1.6;;;;;;59.9;266.0;;;;0.5;0.5;;rain;7.9;5.41;7.2;1.59;972.0;;;;;;;;;;;10.02.2021 13.05
11/02/2021 05:20:06;11/02/2021;05:20:06;0.0;225;1007.0;0.0;0.0;2.1;0.96;0.0;;0.0;1.5;;;;;;59.9;266.0;;;;0.3;0.3;;rain;7.8;5.37;7.1;1.59;972.0;;;;;;;;;;;10.02.2021 13.05
11/02/2021 05:22:11;11/02/2021;05:22:11;0.0;225;1007.0;0.0;0.0;2.1;0.96;0.0;;0.0;1.5;;;;;;59.9;266.0;;;;0.3;0.3;;rain;7.8;5.37;7.1;1.59;972.0;;;;;;;;;;;10.02.2021 13.05
11/02/2021 05:24:17;11/02/2021;05:24:17;0.0;225;1007.0;0.0;0.0;2.0;0.96;0.0;;0.0;1.4;;;;;;59.9;266.0;;;;0.2;0.2;;rain;7.7;5.34;7.1;1.59;972.0;;;;;;;;;;;10.02.2021 13.05
11/02/2021 05:26:22;11/02/2021;05:26:22;0.0;225;1007.0;0.0;0.0;2.0;0.96;0.0;;0.0;1.4;;;;;;59.9;266.0;;;;0.2;0.2;;rain;7.7;5.34;7.1;1.6;972.0;;;;;;;;;;;10.02.2021 13.05
11/02/2021 05:28:31;11/02/2021;05:28:31;0.0;225;1007.0;0.0;0.0;1.9;0.96;0.0;;0.0;1.3;;;;;;59.9;266.0;;;;0.1;0.1;;rain;7.7;5.3;7.0;1.6;972.0;;;;;;;;;;;10.02.2021 13.05
11/02/2021 05:30:36;11/02/2021;05:30:36;0.0;225;1007.0;0.0;0.0;1.9;0.96;0.0;;0.0;1.3;;;;;;59.9;266.0;;;;0.1;0.1;;rain;7.7;5.3;7.0;1.6;972.0;;;;;;;;;;;10.02.2021 13.05
11/02/2021 05:32:48;11/02/2021;05:32:48;0.0;225;1007.0;0.0;0.0;2.0;0.96;0.0;;0.0;1.4;;;;;;59.9;266.0;;;;0.2;0.2;;rain;7.7;5.34;7.1;1.6;972.0;;;;;;;;;;;10.02.2021 13.05
11/02/2021 05:34:53;11/02/2021;05:34:53;0.0;202.5;1007.0;0.0;0.0;2.0;0.96;0.0;;0.0;1.4;;;;;;59.9;266.0;;;;0.2;0.2;;rain;7.7;5.34;7.1;1.6;972.0;;;;;;;;;;;10.02.2021 13.05
11/02/2021 05:37:02;11/02/2021;05:37:02;0.2159827213822894;180;1007.0;0.0;0.0;2.0;0.96;0.0;;0.2159827213822894;1.4;;;;;;59.9;266.0;;;;0.2;0.2;;rain;7.7;5.34;7.1;1.61;972.0;;;;;;;;;;;10.02.2021 13.05
11/02/2021 05:39:07;11/02/2021;05:39:07;1.673866090712743;202.5;1007.0;0.0;0.0;2.0;0.96;0.0;;2.6997840172786174;1.4;;;;;;59.9;266.0;;;;-0.4;0.2;;rain;7.7;5.34;7.1;1.61;972.0;;;;;;;;;;;10.02.2021 13.05
11/02/2021 05:41:14;11/02/2021;05:41:14;0.3779697624190064;202.5;1007.0;0.0;0.0;2.0;0.96;0.0;;0.7559395248380129;1.4;;;;;;59.9;266.0;;;;0.1;0.2;;rain;7.7;5.34;7.1;1.61;972.0;;;;;;;;;;;10.02.2021 13.05
11/02/2021 05:43:19;11/02/2021;05:43:19;0.3779697624190064;180;1007.0;0.0;0.0;2.0;0.96;0.0;;0.7559395248380129;1.4;;;;;;59.9;266.0;;;;0.1;0.2;;rain;7.7;5.34;7.1;1.61;972.0;;;;;;;;;;;10.02.2021 13.05
11/02/2021 05:45:30;11/02/2021;05:45:30;0.0;180;1007.0;0.0;0.0;1.9;0.96;0.0;;0.0;1.3;;;;;;59.9;266.0;;;;0.1;0.1;;rain;7.7;5.3;7.0;1.61;972.0;;;;;;;;;;;10.02.2021 13.05
11/02/2021 05:47:35;11/02/2021;05:47:35;0.0;202.5;1007.0;0.0;0.0;1.9;0.96;0.0;;0.0;1.3;;;;;;59.9;266.0;;;;0.1;0.1;;rain;7.7;5.3;7.0;1.73;972.0;;;;;;;;;;;10.02.2021 13.05
11/02/2021 05:49:41;11/02/2021;05:49:41;1.3498920086393087;225;1007.0;0.0;0.0;1.9;0.96;0.0;;1.3498920086393087;1.3;;;;;;59.9;266.0;;;;-0.4;0.1;;rain;7.7;5.3;7.0;1.73;972.0;;;;;;;;;;;10.02.2021 13.05
11/02/2021 05:51:50;11/02/2021;05:51:50;0.0;202.5;1007.0;0.0;0.0;1.8;0.96;0.0;;0.0;1.2;;;;;;59.9;266.0;;;;0.0;-0.1;;rain;7.6;5.27;7.0;1.73;972.0;;;;;;;;;;;10.02.2021 13.05
11/02/2021 05:53:56;11/02/2021;05:53:56;1.079913606911447;225;1007.0;0.0;0.0;1.8;0.96;0.0;;1.9438444924406046;1.2;;;;;;59.9;266.0;;;;-0.4;-0.1;;rain;7.6;5.27;7.0;1.73;972.0;;;;;;;;;;;10.02.2021 13.05
11/02/2021 05:56:01;11/02/2021;05:56:01;0.0;225;1007.0;0.0;0.0;1.8;0.96;0.0;;0.0;1.2;;;;;;59.9;266.0;;;;0.0;-0.1;;rain;7.6;5.27;7.0;1.73;972.0;;;;;;;;;;;10.02.2021 13.05
11/02/2021 05:58:12;11/02/2021;05:58:12;0.0;225;1007.0;0.0;0.0;1.8;0.96;0.0;;0.0;1.2;;;;;;59.9;266.0;;;;0.0;-0.1;;rain;7.6;5.27;7.0;1.89;972.0;;;;;;;;;;;10.02.2021 13.05
11/02/2021 06:00:20;11/02/2021;06:00:20;0.0;225;1007.0;0.0;0.0;1.8;0.96;0.0;;0.0;1.2;;;;;;59.9;266.0;;;;0.0;-0.1;;rain;7.6;5.27;7.0;1.89;972.0;;;;;;;;;;;10.02.2021 13.05
11/02/2021 06:02:25;11/02/2021;06:02:25;1.187904967602592;225;1007.0;0.0;0.0;1.8;0.96;0.0;;1.565874730021598;1.2;;;;;;59.9;266.0;;;;-0.4;-0.1;;rain;7.6;5.27;7.0;1.89;972.0;;;;;;;;;;;10.02.2021 13.05
11/02/2021 06:04:35;11/02/2021;06:04:35;0.0;225;1007.0;0.0;0.0;1.8;0.96;0.0;;0.0;1.2;;;;;;59.9;266.0;;;;0.0;-0.1;;rain;7.6;5.27;7.0;1.89;972.0;;;;;;;;;;;10.02.2021 13.05
11/02/2021 06:06:40;11/02/2021;06:06:40;0.0;225;1007.0;0.0;0.0;1.8;0.96;0.0;;0.0;1.2;;;;;;59.9;266.0;;;;0.0;-0.1;;rain;7.6;5.27;7.0;1.89;972.0;;;;;;;;;;;10.02.2021 13.05
11/02/2021 06:08:47;11/02/2021;06:08:47;0.0;225;1007.0;0.0;0.0;1.8;0.96;0.0;;0.0;1.2;;;;;;59.9;266.0;;;;0.0;-0.1;;rain;7.6;5.27;7.0;1.92;972.0;;;;;;;;;;;10.02.2021 13.05
11/02/2021 06:10:52;11/02/2021;06:10:52;0.9719222462203023;225;1007.0;0.0;0.0;1.8;0.96;0.0;;1.3498920086393087;1.2;;;;;;59.9;266.0;;;;-0.3;-0.1;;rain;7.6;5.27;7.0;1.92;972.0;;;;;;;;;;;10.02.2021 13.05
11/02/2021 06:12:57;11/02/2021;06:12:57;0.1079913606911447;225;1007.0;0.0;0.0;1.8;0.96;0.0;;0.2159827213822894;1.2;;;;;;59.9;266.0;;;;0.0;-0.1;;rain;7.6;5.27;7.0;1.92;972.0;;;;;;;;;;;10.02.2021 13.05
11/02/2021 06:15:03;11/02/2021;06:15:03;0.0;225;1007.0;0.0;0.0;1.8;0.96;0.0;;0.0;1.2;;;;;;59.9;266.0;;;;0.0;-0.1;;rain;7.6;5.27;7.0;1.92;972.0;;;;;;;;;;;10.02.2021 13.05
11/02/2021 06:17:12;11/02/2021;06:17:12;1.3498920086393087;225;1007.0;0.0;0.0;1.8;0.96;0.0;;1.7278617710583153;1.2;;;;;;59.9;266.0;;;;-0.5;-0.1;;rain;7.6;5.27;7.0;1.92;972.0;;;;;;;;;;;10.02.2021 13.05
11/02/2021 06:19:21;11/02/2021;06:19:21;0.9719222462203023;225;1007.0;0.0;0.0;1.8;0.96;0.0;;0.9719222462203023;1.2;;;;;;59.9;266.0;;;;-0.3;-0.1;;rain;7.6;5.27;7.0;2.02;972.0;;;;;;;;;;;10.02.2021 13.05
11/02/2021 06:21:27;11/02/2021;06:21:27;0.0;225;1007.0;0.0;0.0;1.8;0.96;0.0;;0.0;1.2;;;;;;59.9;266.0;;;;0.0;-0.1;;rain;7.6;5.27;7.0;2.02;972.0;;;;;;;;;;;10.02.2021 13.05
11/02/2021 06:23:32;11/02/2021;06:23:32;0.4319654427645788;0;1007.0;0.0;0.0;1.8;0.96;0.0;;1.3498920086393087;1.2;;;;;;59.9;266.0;;;;-0.2;-0.1;;rain;7.6;5.27;7.0;2.02;972.0;;;;;;;;;;;10.02.2021 13.05
11/02/2021 06:25:37;11/02/2021;06:25:37;0.0;225;1007.0;0.0;0.0;1.8;0.96;0.0;;0.0;1.2;;;;;;59.9;266.0;;;;0.0;-0.1;;rain;7.6;5.27;7.0;2.02;972.0;;;;;;;;;;;10.02.2021 13.05
11/02/2021 06:27:42;11/02/2021;06:27:42;1.7278617710583153;225;1007.0;0.0;0.0;1.8;0.96;0.0;;1.7278617710583153;1.2;;;;;;59.9;266.0;;;;-0.6;-0.1;;rain;7.6;5.27;7.0;2.02;972.0;;;;;;;;;;;10.02.2021 13.05
11/02/2021 06:29:49;11/02/2021;06:29:49;0.0;0;1007.0;0.0;0.0;1.8;0.96;0.0;;0.0;1.2;;;;;;59.9;266.0;;;;0.0;-0.1;;rain;7.6;5.27;7.0;2.19;972.0;;;;;;;;;;;10.02.2021 13.05
11/02/2021 06:31:56;11/02/2021;06:31:56;0.0;202.5;1007.0;0.0;0.0;1.8;0.96;0.0;;0.0;1.2;;;;;;59.9;266.0;;;;0.0;-0.1;;rain;7.6;5.27;7.0;2.19;972.0;;;;;;;;;;;10.02.2021 13.05
11/02/2021 06:34:01;11/02/2021;06:34:01;0.7019438444924406;225;1007.0;0.0;0.0;1.8;0.96;0.0;;1.9438444924406046;1.2;;;;;;59.9;266.0;;;;-0.3;-0.1;;rain;7.6;5.27;7.0;2.19;972.0;;;;;;;;;;;10.02.2021 13.05
11/02/2021 06:36:08;11/02/2021;06:36:08;0.2159827213822894;225;1007.0;0.0;0.0;1.8;0.96;0.0;;0.2159827213822894;1.2;;;;;;59.9;266.0;;;;-0.1;-0.1;;rain;7.6;5.27;7.0;2.19;972.0;;;;;;;;;;;10.02.2021 13.05
11/02/2021 06:38:16;11/02/2021;06:38:16;0.0;225;1007.0;0.0;0.0;1.9;0.96;0.0;;0.0;1.3;;;;;;59.9;266.0;;;;0.1;0.1;;rain;7.7;5.3;7.0;2.19;972.0;;;;;;;;;;;10.02.2021 13.05
11/02/2021 06:40:31;11/02/2021;06:40:31;1.9438444924406046;225;1007.0;0.0;0.0;1.9;0.96;0.0;;2.6997840172786174;1.3;;;;;;59.9;266.0;;;;-0.6;0.1;;rain;7.7;5.3;7.0;2.46;972.0;;;;;;;;;;;10.02.2021 13.05
11/02/2021 06:42:38;11/02/2021;06:42:38;0.0;225;1007.0;0.0;0.0;1.9;0.96;0.0;;0.0;1.3;;;;;;59.9;266.0;;;;0.1;0.1;;rain;7.7;5.3;7.0;2.46;972.0;;;;;;;;;;;10.02.2021 13.05
11/02/2021 06:44:45;11/02/2021;06:44:45;0.0;225;1007.0;0.0;0.0;1.9;0.96;0.0;;0.0;1.3;;;;;;59.9;266.0;;;;0.1;0.1;;rain;7.7;5.3;7.0;2.46;972.0;;;;;;;;;;;10.02.2021 13.05
11/02/2021 06:46:52;11/02/2021;06:46:52;0.2159827213822894;202.5;1007.0;0.0;0.0;1.9;0.96;0.0;;0.2159827213822894;1.3;;;;;;59.9;266.0;;;;0.0;0.1;;rain;7.7;5.3;7.0;2.46;972.0;;;;;;;;;;;10.02.2021 13.05
11/02/2021 06:49:00;11/02/2021;06:49:00;0.0;202.5;1008.0;0.0;0.0;2.0;0.96;0.0;;0.0;1.4;;;;;;59.9;266.0;;;;0.2;0.2;;rain;7.7;5.34;7.1;2.46;973.0;;;;;;;;;;;10.02.2021 13.05
11/02/2021 06:52:29;11/02/2021;06:52:29;0.0;202.5;1008.0;0.0;0.0;2.0;0.96;0.0;;0.0;1.4;;;;;;59.9;266.0;;;;0.2;0.2;;rain;7.7;5.34;7.1;2.65;973.0;;;;;;;;;;;10.02.2021 13.05
11/02/2021 06:54:34;11/02/2021;06:54:34;0.0;180;1008.0;0.0;0.0;2.0;0.96;0.0;;0.0;1.4;;;;;;59.9;266.0;;;;0.2;0.2;;rain;7.7;5.34;7.1;2.65;973.0;;;;;;;;;;;10.02.2021 13.05
11/02/2021 06:56:43;11/02/2021;06:56:43;0.0;180;1008.0;0.0;0.0;2.0;0.96;0.0;;0.0;1.4;;;;;;59.9;266.0;;;;0.2;0.2;;rain;7.7;5.34;7.1;2.65;973.0;;;;;;;;;;;10.02.2021 13.05
11/02/2021 06:58:48;11/02/2021;06:58:48;0.26997840172786175;180;1008.0;0.0;0.0;1.9;0.96;0.0;;0.593952483801296;1.3;;;;;;59.9;266.0;;;;0.0;0.1;;rain;7.7;5.3;7.0;2.65;972.9;;;;;;;;;;;10.02.2021 13.05
11/02/2021 07:00:56;11/02/2021;07:00:56;0.0;225;1008.0;0.0;0.0;1.9;0.96;0.0;;0.0;1.3;;;;;;59.9;266.0;;;;0.1;0.1;;rain;7.7;5.3;7.0;2.65;972.9;;;;;;;;;;;10.02.2021 13.05
11/02/2021 07:03:04;11/02/2021;07:03:04;0.0;202.5;1008.0;0.0;0.0;1.9;0.96;0.0;;0.0;1.3;;;;;;59.9;266.0;;;;0.1;0.1;;rain;7.7;5.3;7.0;2.7;972.9;;;;;;;;;;;10.02.2021 13.05
11/02/2021 07:05:13;11/02/2021;07:05:13;2.159827213822894;180;1008.0;0.0;0.0;1.9;0.96;0.0;;2.159827213822894;1.3;;;;;;59.9;266.0;;;;-0.7;0.1;;rain;7.7;5.3;7.0;2.7;972.9;;;;;;;;;;;10.02.2021 13.05
11/02/2021 07:07:24;11/02/2021;07:07:24;1.187904967602592;202.5;1008.0;0.0;0.0;1.9;0.96;0.0;;1.7278617710583153;1.3;;;;;;59.9;266.0;;;;-0.3;0.1;;rain;7.7;5.3;7.0;2.7;972.9;;;;;;;;;;;10.02.2021 13.05
11/02/2021 07:09:32;11/02/2021;07:09:32;0.0;202.5;1008.0;0.0;0.0;1.9;0.96;0.0;;0.0;1.3;;;;;;59.9;266.0;;;;0.1;0.1;;rain;7.7;5.3;7.0;2.7;972.9;;;;;;;;;;;10.02.2021 13.05
11/02/2021 07:11:38;11/02/2021;07:11:38;0.0;180;1008.0;0.0;0.0;1.9;0.96;0.0;;0.0;1.3;;;;;;59.9;266.0;;;;0.1;0.1;;rain;7.7;5.3;7.0;2.7;972.9;;;;;;;;;;;10.02.2021 13.05
11/02/2021 07:13:43;11/02/2021;07:13:43;0.0;180;1008.0;0.0;0.0;1.9;0.96;0.0;;0.0;1.3;;;;;;59.9;266.0;;;;0.1;0.1;;rain;7.7;5.3;7.0;2.98;972.9;;;;;;;;;;;10.02.2021 13.05
11/02/2021 07:16:16;11/02/2021;07:16:16;0.5399568034557235;202.5;1008.0;0.0;0.0;1.9;0.96;0.0;;0.9719222462203023;1.3;;;;;;59.9;266.0;;;;-0.1;0.1;;rain;7.7;5.3;7.0;2.98;972.9;;;;;;;;;;;10.02.2021 13.05
11/02/2021 07:18:25;11/02/2021;07:18:25;0.0;202.5;1008.0;0.0;0.0;1.9;0.96;0.0;;0.0;1.3;;;;;;59.9;266.0;;;;0.1;0.1;;rain;7.7;5.3;7.0;2.98;972.9;;;;;;;;;;;10.02.2021 13.05
11/02/2021 07:20:34;11/02/2021;07:20:34;0.0;202.5;1008.0;0.0;0.0;1.9;0.97;0.0;;0.0;1.5;;;;;;59.9;266.0;;;;0.1;0.1;;rain;7.7;5.36;7.0;2.98;972.9;;;;;;;;;;;10.02.2021 13.05
11/02/2021 07:22:40;11/02/2021;07:22:40;0.0;180;1008.0;0.0;0.0;1.9;0.96;0.0;;0.0;1.3;;;;;;59.9;266.0;;;;0.1;0.1;;rain;7.7;5.3;7.0;3.13;972.9;;;;;;;;;;;10.02.2021 13.05
11/02/2021 07:24:46;11/02/2021;07:24:46;0.0;225;1008.0;0.0;0.0;1.9;0.96;0.0;;0.0;1.3;;;;;;59.9;266.0;;;;0.1;0.1;;rain;7.7;5.3;7.0;3.13;972.9;;;;;;;;;;;10.02.2021 13.05
11/02/2021 07:26:49;11/02/2021;07:26:49;1.187904967602592;225;1008.0;0.0;0.0;1.9;0.96;0.0;;1.9438444924406046;1.3;;;;;;59.9;266.0;;;;-0.3;0.1;;rain;7.7;5.3;7.0;3.13;972.9;;;;;;;;;;;10.02.2021 13.05
11/02/2021 07:28:54;11/02/2021;07:28:54;0.0;202.5;1008.0;0.0;0.0;1.9;0.96;0.0;;0.0;1.3;;;;;;59.9;266.0;;;;0.1;0.1;;rain;7.7;5.3;7.0;3.13;972.9;;;;;;;;;;;10.02.2021 13.05
11/02/2021 07:31:00;11/02/2021;07:31:00;0.2159827213822894;157.5;1008.0;0.0;0.0;1.9;0.96;0.0;;0.2159827213822894;1.3;;;;;;59.9;266.0;;;;0.0;0.1;;rain;7.7;5.3;7.0;3.13;972.9;;;;;;;;;;;10.02.2021 13.05
11/02/2021 07:33:11;11/02/2021;07:33:11;0.0;202.5;1008.0;0.0;0.0;1.9;0.96;0.0;;0.0;1.3;;;;;;59.9;266.0;;;;0.1;0.1;;rain;7.7;5.3;7.0;3.19;972.9;;;;;;;;;;;10.02.2021 13.05
11/02/2021 07:35:16;11/02/2021;07:35:16;0.7019438444924406;225;1008.0;0.0;0.0;1.9;0.96;0.0;;1.3498920086393087;1.3;;;;;;59.9;266.0;;;;-0.1;0.1;;rain;7.7;5.3;7.0;3.19;972.9;;;;;;;;;;;10.02.2021 13.05
11/02/2021 07:37:21;11/02/2021;07:37:21;0.0;225;1008.0;0.0;0.0;1.9;0.96;0.0;;0.0;1.3;;;;;;59.9;266.0;;;;0.1;0.1;;rain;7.7;5.3;7.0;3.19;972.9;;;;;;;;;;;10.02.2021 13.05
11/02/2021 07:39:26;11/02/2021;07:39:26;0.0;202.5;1008.0;0.0;0.0;2.0;0.96;0.0;;0.0;1.4;;;;;;59.9;266.0;;;;0.2;0.2;;rain;7.7;5.34;7.1;3.19;973.0;;;;;;;;;;;10.02.2021 13.05
11/02/2021 07:41:31;11/02/2021;07:41:31;0.0;202.5;1008.0;0.0;0.0;2.0;0.96;0.0;;0.0;1.4;;;;;;59.9;266.0;;;;0.2;0.2;;rain;7.7;5.34;7.1;3.19;973.0;;;;;;;;;;;10.02.2021 13.05
11/02/2021 07:43:39;11/02/2021;07:43:39;2.321814254859611;202.5;1008.0;0.0;0.0;2.0;0.96;0.0;;2.321814254859611;1.4;;;;;;59.9;266.0;;;;-0.6;0.2;;rain;7.7;5.34;7.1;3.38;973.0;;;;;;;;;;;10.02.2021 13.05
11/02/2021 07:45:53;11/02/2021;07:45:53;1.079913606911447;202.5;1008.0;0.0;0.0;2.0;0.96;0.0;;2.159827213822894;1.4;;;;;;59.9;266.0;;;;-0.2;0.2;;rain;7.7;5.34;7.1;3.38;973.0;;;;;;;;;;;10.02.2021 13.05
11/02/2021 07:48:00;11/02/2021;07:48:00;0.0;225;1008.0;0.0;0.0;2.0;0.96;0.0;;0.0;1.4;;;;;;59.9;266.0;;;;0.2;0.2;;rain;7.7;5.34;7.1;3.38;973.0;;;;;;;;;;;10.02.2021 13.05
11/02/2021 07:50:20;11/02/2021;07:50:20;0.2159827213822894;225;1009.0;0.0;0.0;2.0;0.96;0.0;;0.2159827213822894;1.4;;;;;;59.9;266.0;;;;0.2;0.2;;rain;7.7;5.34;7.1;3.38;973.9;;;;;;;;;;;10.02.2021 13.05
11/02/2021 07:52:25;11/02/2021;07:52:25;0.0;225;1009.0;0.0;0.0;2.1;0.96;0.0;;0.0;1.5;;;;;;59.9;266.0;;;;0.3;0.3;;rain;7.8;5.37;7.1;3.38;973.9;;;;;;;;;;;10.02.2021 13.05
11/02/2021 07:54:30;11/02/2021;07:54:30;0.8639308855291576;202.5;1009.0;0.0;0.0;2.1;0.96;0.0;;1.7278617710583153;1.5;;;;;;59.9;266.0;;;;0.0;0.3;;rain;7.8;5.37;7.1;3.71;973.9;;;;;;;;;;;10.02.2021 13.05
11/02/2021 07:56:35;11/02/2021;07:56:35;0.0;225;1009.0;0.0;0.0;2.1;0.96;0.0;;0.0;1.5;;;;;;59.9;266.0;;;;0.3;0.3;;rain;7.8;5.37;7.1;3.71;973.9;;;;;;;;;;;10.02.2021 13.05
11/02/2021 07:58:46;11/02/2021;07:58:46;0.7019438444924406;202.5;1009.0;0.0;0.0;2.1;0.96;0.0;;1.3498920086393087;1.5;;;;;;59.9;266.0;;;;0.1;0.3;;rain;7.8;5.37;7.1;3.71;973.9;;;;;;;;;;;10.02.2021 13.05
11/02/2021 08:00:51;11/02/2021;08:00:51;0.0;0;1009.0;0.0;0.0;2.2;0.96;0.0;;0.0;1.6;;;;;;59.9;266.0;;;;0.5;0.5;;rain;7.9;5.41;7.2;3.71;973.9;;;;;;;;;;;10.02.2021 13.05
11/02/2021 08:02:56;11/02/2021;08:02:56;0.0;202.5;1009.0;0.0;0.0;2.2;0.96;0.0;;0.0;1.6;;;;;;59.9;266.0;;;;0.5;0.5;;rain;7.9;5.41;7.2;3.71;973.9;;;;;;;;;;;10.02.2021 13.05
11/02/2021 08:05:05;11/02/2021;08:05:05;0.0;202.5;1009.0;0.0;0.0;2.2;0.96;0.0;;0.0;1.6;;;;;;59.9;266.0;;;;0.5;0.5;;rain;7.9;5.41;7.2;3.85;973.9;;;;;;;;;;;10.02.2021 13.05
11/02/2021 08:07:09;11/02/2021;08:07:09;0.0;202.5;1009.0;0.0;0.0;2.2;0.96;0.0;;0.0;1.6;;;;;;59.9;266.0;;;;0.5;0.5;;rain;7.9;5.41;7.2;3.85;973.9;;;;;;;;;;;10.02.2021 13.05
11/02/2021 08:09:14;11/02/2021;08:09:14;0.0;202.5;1009.0;0.0;0.0;2.2;0.96;0.0;;0.0;1.6;;;;;;59.9;266.0;;;;0.5;0.5;;rain;7.9;5.41;7.2;3.85;973.9;;;;;;;;;;;10.02.2021 13.05
11/02/2021 08:11:20;11/02/2021;08:11:20;0.0;202.5;1009.0;0.0;0.0;2.2;0.96;0.0;;0.0;1.6;;;;;;59.9;266.0;;;;0.5;0.5;;rain;7.9;5.41;7.2;3.85;973.9;;;;;;;;;;;10.02.2021 13.05
11/02/2021 08:13:26;11/02/2021;08:13:26;0.0;202.5;1009.0;0.0;0.0;2.2;0.96;0.0;;0.0;1.6;;;;;;59.9;266.0;;;;0.5;0.5;;rain;7.9;5.41;7.2;3.85;973.9;;;;;;;;;;;10.02.2021 13.05
11/02/2021 08:16:37;11/02/2021;08:16:37;0.0;202.5;1009.0;0.0;0.0;2.3;0.95;0.0;;0.0;1.6;;;;;;59.9;266.0;;;;0.6;0.6;;rain;7.9;5.39;7.2;3.86;974.0;;;;;;;;;;;10.02.2021 13.05
11/02/2021 08:18:42;11/02/2021;08:18:42;0.0;202.5;1009.0;0.0;0.0;2.3;0.95;0.0;;0.0;1.6;;;;;;59.9;266.0;;;;0.6;0.6;;rain;7.9;5.39;7.2;3.86;974.0;;;;;;;;;;;10.02.2021 13.05
11/02/2021 08:20:49;11/02/2021;08:20:49;0.0;202.5;1009.0;0.0;0.0;2.4;0.95;0.0;;0.0;1.7;;;;;;59.9;266.0;;;;0.7;0.7;;rain;8.0;5.43;7.3;3.86;974.0;;;;;;;;;;;10.02.2021 13.05
11/02/2021 08:22:58;11/02/2021;08:22:58;0.0;202.5;1009.0;0.0;0.0;2.4;0.95;0.0;;0.0;1.7;;;;;;59.9;266.0;;;;0.7;0.7;;rain;8.0;5.43;7.3;3.86;974.0;;;;;;;;;;;10.02.2021 13.05
11/02/2021 08:25:04;11/02/2021;08:25:04;0.0;225;1009.0;0.0;0.0;2.4;0.95;0.0;;0.0;1.7;;;;;;59.9;266.0;;;;0.7;0.7;;rain;8.0;5.43;7.3;3.86;974.0;;;;;;;;;;;10.02.2021 13.05
11/02/2021 08:27:13;11/02/2021;08:27:13;0.48596112311015116;202.5;1009.0;0.0;0.0;2.4;0.95;0.0;;0.9719222462203023;1.7;;;;;;59.9;266.0;;;;0.5;0.7;;rain;8.0;5.43;7.3;3.87;974.0;;;;;;;;;;;10.02.2021 13.05
11/02/2021 08:29:45;11/02/2021;08:29:45;0.0;202.5;1009.0;0.0;0.0;2.4;0.95;0.0;;0.0;1.7;;;;;;59.9;266.0;;;;0.7;0.7;;rain;8.0;5.43;7.3;3.87;974.0;;;;;;;;;;;10.02.2021 13.05
11/02/2021 08:34:21;11/02/2021;08:34:21;0.0;202.5;1009.0;0.0;0.0;2.4;0.95;0.0;;0.0;1.7;;;;;;59.9;266.0;;;;0.7;0.7;;rain;8.0;5.43;7.3;3.87;974.0;;;;;;;;;;;10.02.2021 13.05
11/02/2021 08:36:28;11/02/2021;08:36:28;0.0;180;1010.0;0.0;0.0;2.4;0.95;0.0;;0.0;1.7;;;;;;59.9;266.0;;;;0.7;0.7;;rain;8.0;5.43;7.3;3.89;974.9;;;;;;;;;;;10.02.2021 13.05
11/02/2021 08:38:43;11/02/2021;08:38:43;0.0;180;1010.0;0.0;0.0;2.5;0.95;0.0;;0.0;1.8;;;;;;59.9;266.0;;;;0.8;0.8;;rain;8.1;5.46;7.3;3.89;974.9;;;;;;;;;;;10.02.2021 13.05
11/02/2021 08:40:48;11/02/2021;08:40:48;0.0;180;1010.0;0.0;0.0;2.5;0.95;0.0;;0.0;1.8;;;;;;59.9;266.0;;;;0.8;0.8;;rain;8.1;5.46;7.3;3.89;974.9;;;;;;;;;;;10.02.2021 13.05
11/02/2021 08:42:56;11/02/2021;08:42:56;0.9719222462203023;202.5;1010.0;0.0;0.0;2.5;0.95;0.0;;0.9719222462203023;1.8;;;;;;59.9;266.0;;;;0.4;0.8;;rain;8.1;5.46;7.3;3.89;974.9;;;;;;;;;;;10.02.2021 13.05
11/02/2021 08:45:03;11/02/2021;08:45:03;1.4578833693304536;202.5;1010.0;0.0;0.0;2.6;0.95;0.0;;1.9438444924406046;1.9;;;;;;59.9;266.0;;;;0.4;0.9;;rain;8.2;5.5;7.4;3.89;975.0;;;;;;;;;;;10.02.2021 13.05
11/02/2021 08:47:13;11/02/2021;08:47:13;0.7559395248380129;202.5;1010.0;0.0;0.0;2.6;0.95;0.0;;0.9719222462203023;1.9;;;;;;59.9;266.0;;;;0.6;0.9;;rain;8.2;5.5;7.4;3.91;975.0;;;;;;;;;;;10.02.2021 13.05
11/02/2021 08:49:21;11/02/2021;08:49:21;0.0;202.5;1010.0;0.0;0.0;2.6;0.95;0.0;;0.0;1.9;;;;;;59.9;266.0;;;;0.9;0.9;;rain;8.2;5.5;7.4;3.91;975.0;;;;;;;;;;;10.02.2021 13.05
11/02/2021 08:51:26;11/02/2021;08:51:26;0.0;225;1010.0;0.0;0.0;2.6;0.95;0.0;;0.0;1.9;;;;;;59.9;266.0;;;;0.9;0.9;;rain;8.2;5.5;7.4;3.91;975.0;;;;;;;;;;;10.02.2021 13.05
11/02/2021 09:52:21;11/02/2021;09:52:21;0.48596112311015116;202.5;1010.0;0.0;0.0;3.1;0.94;0.0;;1.565874730021598;2.2;;;;;;59.9;266.0;;;;1.3;1.5;;rain;8.5;5.63;7.6;4.82;975.0;;;;;;;;;;;10.02.2021 13.05
11/02/2021 09:54:31;11/02/2021;09:54:31;0.0;202.5;1010.0;0.0;0.0;3.1;0.94;0.0;;0.0;2.2;;;;;;59.9;266.0;;;;1.5;1.5;;rain;8.5;5.63;7.6;4.82;975.0;;;;;;;;;;;10.02.2021 13.05
11/02/2021 09:56:38;11/02/2021;09:56:38;0.0;202.5;1010.0;0.0;0.0;3.1;0.94;0.0;;0.0;2.2;;;;;;59.9;266.0;;;;1.5;1.5;;rain;8.5;5.63;7.6;4.82;975.0;;;;;;;;;;;10.02.2021 13.05
11/02/2021 10:01:32;11/02/2021;10:01:32;0.7559395248380129;202.5;1010.0;0.0;0.0;3.1;0.94;0.0;;0.7559395248380129;2.2;;;;;;59.9;266.0;;;;1.2;1.5;;rain;8.5;5.63;7.6;4.82;975.0;;;;;;;;;;;10.02.2021 13.05
11/02/2021 10:03:42;11/02/2021;10:03:42;0.0;202.5;1011.0;0.0;0.0;3.2;0.94;0.0;;0.0;2.3;;;;;;59.9;266.0;;;;1.6;1.7;;rain;8.6;5.67;7.7;5.05;976.0;;;;;;;;;;;10.02.2021 13.05
11/02/2021 10:06:05;11/02/2021;10:06:05;0.1079913606911447;202.5;1011.0;0.0;0.0;3.3;0.94;0.0;;0.2159827213822894;2.4;;;;;;59.9;266.0;;;;1.7;1.8;;rain;8.7;5.7;7.7;5.05;976.0;;;;;;;;;;;10.02.2021 13.05
11/02/2021 10:08:11;11/02/2021;10:08:11;0.0;202.5;1011.0;0.0;0.0;3.5;0.93;0.0;;0.0;2.5;;;;;;59.9;266.0;;;;1.9;2.0;;rain;8.8;5.72;7.9;5.05;976.0;;;;;;;;;;;10.02.2021 13.05
11/02/2021 10:10:21;11/02/2021;10:10:21;0.0;202.5;1011.0;0.0;0.0;3.7;0.92;0.0;;0.0;2.5;;;;;;59.9;266.0;;;;2.1;2.2;;rain;8.9;5.73;8.0;5.05;976.1;;;;;;;;;;;10.02.2021 13.05
11/02/2021 10:12:26;11/02/2021;10:12:26;0.0;202.5;1011.0;0.0;0.0;4.0;0.91;0.0;;0.0;2.6;;;;;;59.9;266.0;;;;2.4;2.5;;rain;9.1;5.79;8.1;5.05;976.1;;;;;;;;;;;10.02.2021 13.05
11/02/2021 10:14:38;11/02/2021;10:14:38;0.0;202.5;1011.0;0.0;0.0;4.1;0.91;0.0;;0.0;2.7;;;;;;59.9;266.0;;;;2.6;2.7;;rain;9.2;5.83;8.2;5.07;976.1;;;;;;;;;;;10.02.2021 13.05
11/02/2021 10:16:47;11/02/2021;10:16:47;0.0;225;1011.0;0.0;0.0;4.4;0.9;0.0;;0.0;2.9;;;;;;59.9;266.0;;;;2.9;3.0;;rain;9.4;5.88;8.4;5.07;976.1;;;;;;;;;;;10.02.2021 13.05
11/02/2021 10:19:01;11/02/2021;10:19:01;1.565874730021598;180;1011.0;0.0;0.0;4.5;0.9;0.0;;1.7278617710583153;3.0;;;;;;59.9;266.0;;;;2.4;3.2;;rain;9.5;5.92;8.4;5.07;976.2;;;;;;;;;;;10.02.2021 13.05
11/02/2021 10:21:13;11/02/2021;10:21:13;0.2159827213822894;157.5;1011.0;0.0;0.0;4.6;0.9;0.0;;1.565874730021598;3.1;;;;;;59.9;266.0;;;;3.0;3.3;;rain;9.5;5.96;8.5;5.07;976.2;;;;;;;;;;;10.02.2021 13.05
11/02/2021 10:23:27;11/02/2021;10:23:27;0.0;180;1011.0;0.0;0.0;4.7;0.9;0.0;;0.0;3.2;;;;;;59.9;266.0;;;;3.2;3.4;;rain;9.6;6.0;8.5;5.07;976.2;;;;;;;;;;;10.02.2021 13.05
11/02/2021 10:25:36;11/02/2021;10:25:36;0.0;180;1011.0;0.0;0.0;4.8;0.9;0.0;;0.0;3.3;;;;;;59.9;266.0;;;;3.4;3.5;;rain;9.7;6.04;8.6;5.13;976.2;;;;;;;;;;;10.02.2021 13.05
11/02/2021 10:27:48;11/02/2021;10:27:48;0.26997840172786175;180;1011.0;0.0;0.0;4.9;0.9;0.0;;0.593952483801296;3.4;;;;;;59.9;266.0;;;;3.4;3.7;;rain;9.8;6.08;8.7;5.13;976.2;;;;;;;;;;;10.02.2021 13.05
11/02/2021 10:31:28;11/02/2021;10:31:28;0.0;157.5;1011.0;0.0;0.0;5.0;0.89;0.0;;0.0;3.3;;;;;;59.9;266.0;;;;3.6;3.7;;rain;9.8;6.05;8.7;5.13;976.2;;;;;;;;;;;10.02.2021 13.05
11/02/2021 10:33:56;11/02/2021;10:33:56;0.0;157.5;1011.0;0.0;0.0;5.4;0.87;0.0;;0.0;3.4;;;;;;59.9;266.0;;;;4.0;4.2;;rain;10.1;6.07;9.0;5.13;976.3;;;;;;;;;;;10.02.2021 13.05
11/02/2021 10:36:16;11/02/2021;10:36:16;0.0;180;1011.0;0.0;0.0;5.6;0.87;0.0;;0.0;3.6;;;;;;59.9;266.0;;;;4.2;4.4;;rain;10.2;6.15;9.1;5.16;976.3;;;;;;;;;;;10.02.2021 13.05
11/02/2021 10:38:23;11/02/2021;10:38:23;0.0;225;1011.0;0.0;0.0;5.8;0.88;0.0;;0.0;3.9;;;;;;59.9;266.0;;;;4.5;4.7;;rain;10.4;6.3;9.2;5.16;976.3;;;;;;;;;;;10.02.2021 13.05
11/02/2021 10:40:31;11/02/2021;10:40:31;0.0;202.5;1011.0;0.0;0.0;5.9;0.88;0.0;;0.0;4.0;;;;;;59.9;266.0;;;;4.6;4.9;;rain;10.5;6.35;9.3;5.16;976.3;;;;;;;;;;;10.02.2021 13.05
11/02/2021 10:42:48;11/02/2021;10:42:48;0.0;202.5;1011.0;0.0;0.0;6.0;0.86;0.0;;0.0;3.8;;;;;;59.9;266.0;;;;4.7;4.9;;rain;10.5;6.24;9.4;5.16;976.3;;;;;;;;;;;10.02.2021 13.05
11/02/2021 10:44:55;11/02/2021;10:44:55;0.0;157.5;1011.0;0.0;0.0;6.2;0.87;0.0;;0.0;4.2;;;;;;59.9;266.0;;;;4.9;5.2;;rain;10.7;6.4;9.5;5.16;976.4;;;;;;;;;;;10.02.2021 13.05
11/02/2021 10:47:03;11/02/2021;10:47:03;0.0;157.5;1011.0;0.0;0.0;6.3;0.86;0.0;;0.0;4.1;;;;;;59.9;266.0;;;;5.0;5.3;;rain;10.7;6.37;9.6;5.18;976.4;;;;;;;;;;;10.02.2021 13.05
11/02/2021 10:49:11;11/02/2021;10:49:11;0.0;157.5;1011.0;0.0;0.0;6.3;0.85;0.0;;0.0;3.9;;;;;;59.9;266.0;;;;5.0;5.2;;rain;10.7;6.29;9.6;5.18;976.4;;;;;;;;;;;10.02.2021 13.05
11/02/2021 10:51:25;11/02/2021;10:51:25;0.0;157.5;1011.0;0.0;0.0;6.5;0.86;0.0;;0.0;4.3;;;;;;59.9;266.0;;;;5.2;5.6;;rain;10.9;6.45;9.7;5.18;976.4;;;;;;;;;;;10.02.2021 13.05
11/02/2021 10:53:35;11/02/2021;10:53:35;0.0;157.5;1011.0;0.0;0.0;6.6;0.85;0.0;;0.0;4.2;;;;;;59.9;266.0;;;;5.3;5.6;;rain;10.9;6.42;9.7;5.18;976.4;;;;;;;;;;;10.02.2021 13.05
11/02/2021 10:55:45;11/02/2021;10:55:45;0.0;157.5;1011.0;0.0;0.0;6.6;0.84;0.0;;0.0;4.1;;;;;;59.9;266.0;;;;5.3;5.6;;rain;10.9;6.34;9.7;5.18;976.4;;;;;;;;;;;10.02.2021 13.05
11/02/2021 10:57:53;11/02/2021;10:57:53;0.0;157.5;1011.0;0.0;0.0;6.6;0.85;0.0;;0.0;4.2;;;;;;59.9;266.0;;;;5.3;5.6;;rain;10.9;6.42;9.7;5.19;976.4;;;;;;;;;;;10.02.2021 13.05
11/02/2021 11:00:01;11/02/2021;11:00:01;0.0;157.5;1011.0;0.0;0.0;6.7;0.83;0.0;;0.0;4.0;;;;;;59.9;266.0;;;;5.4;5.7;;rain;10.9;6.31;9.8;5.19;976.4;;;;;;;;;;;10.02.2021 13.05
11/02/2021 11:02:10;11/02/2021;11:02:10;0.0;157.5;1011.0;0.0;0.0;6.8;0.84;0.0;;0.0;4.3;;;;;;59.9;266.0;;;;5.5;5.9;;rain;11.1;6.42;9.9;5.19;976.4;;;;;;;;;;;10.02.2021 13.05
11/02/2021 11:04:23;11/02/2021;11:04:23;0.0;157.5;1011.0;0.0;0.0;7.0;0.81;0.0;;0.0;3.9;;;;;;59.9;266.0;;;;5.7;5.9;;rain;11.1;6.28;10.0;5.19;976.5;;;;;;;;;;;10.02.2021 13.05
11/02/2021 11:06:32;11/02/2021;11:06:32;0.0;157.5;1011.0;0.0;0.0;7.2;0.83;0.0;;0.0;4.5;;;;;;59.9;266.0;;;;6.0;6.3;;rain;11.3;6.51;10.2;5.19;976.5;;;;;;;;;;;10.02.2021 13.05
11/02/2021 11:08:41;11/02/2021;11:08:41;0.0;157.5;1011.0;0.0;0.0;7.3;0.82;0.0;;0.0;4.4;;;;;;59.9;266.0;;;;6.1;6.4;;rain;11.4;6.48;10.2;5.16;976.5;;;;;;;;;;;10.02.2021 13.05
11/02/2021 11:10:53;11/02/2021;11:10:53;0.0;180;1011.0;0.0;0.0;7.4;0.82;0.0;;0.0;4.5;;;;;;59.9;266.0;;;;6.2;6.5;;rain;11.4;6.52;10.3;5.16;976.5;;;;;;;;;;;10.02.2021 13.05
11/02/2021 11:12:59;11/02/2021;11:12:59;0.0;157.5;1011.0;0.0;0.0;7.4;0.82;0.0;;0.0;4.5;;;;;;59.9;266.0;;;;6.2;6.5;;rain;11.4;6.52;10.3;5.16;976.5;;;;;;;;;;;10.02.2021 13.05
11/02/2021 11:15:06;11/02/2021;11:15:06;0.0;157.5;1011.0;0.0;0.0;7.4;0.82;0.0;;0.0;4.5;;;;;;59.9;266.0;;;;6.2;6.5;;rain;11.4;6.52;10.3;5.16;976.5;;;;;;;;;;;10.02.2021 13.05
11/02/2021 11:17:13;11/02/2021;11:17:13;0.0;157.5;1011.0;0.0;0.0;7.4;0.81;0.0;;0.0;4.3;;;;;;59.9;266.0;;;;6.1;6.5;;rain;11.4;6.44;10.3;5.16;976.5;;;;;;;;;;;10.02.2021 13.05
11/02/2021 11:19:24;11/02/2021;11:19:24;0.0;157.5;1011.0;0.0;0.0;7.5;0.81;0.0;;0.0;4.4;;;;;;59.9;266.0;;;;6.3;6.6;;rain;11.5;6.48;10.4;5.17;976.5;;;;;;;;;;;10.02.2021 13.05
11/02/2021 11:21:37;11/02/2021;11:21:37;0.0;157.5;1011.0;0.0;0.0;7.6;0.82;0.0;;0.0;4.7;;;;;;59.9;266.0;;;;6.4;6.8;;rain;11.6;6.61;10.4;5.17;976.5;;;;;;;;;;;10.02.2021 13.05
11/02/2021 11:23:56;11/02/2021;11:23:56;0.0;157.5;1011.0;0.0;0.0;7.7;0.79;0.0;;0.0;4.2;;;;;;59.9;266.0;;;;6.4;6.7;;rain;11.6;6.4;10.5;5.17;976.6;;;;;;;;;;;10.02.2021 13.05
11/02/2021 11:26:07;11/02/2021;11:26:07;0.0;157.5;1011.0;0.0;0.0;7.9;0.79;3.0;;0.0;4.4;;;;;;59.9;266.0;;;;6.7;7.0;;rain;11.7;6.49;10.7;5.17;976.6;;;;;;;;;;;10.02.2021 13.05
11/02/2021 11:28:14;11/02/2021;11:28:14;0.0;157.5;1011.0;0.0;0.0;8.0;0.79;3.0;;0.0;4.5;;;;;;59.9;266.0;;;;6.8;7.1;;rain;11.8;6.53;10.7;5.17;976.6;;;;;;;;;;;10.02.2021 13.05
11/02/2021 11:30:21;11/02/2021;11:30:21;0.0;157.5;1011.0;0.0;0.0;8.2;0.81;3.0;;0.0;5.1;;;;;;59.9;266.0;;;;7.1;7.5;;rain;12.0;6.78;10.9;5.17;976.6;;;;;;;;;;;10.02.2021 13.05
11/02/2021 11:32:29;11/02/2021;11:32:29;0.0;157.5;1011.0;0.0;0.0;8.2;0.78;3.0;;0.0;4.5;;;;;;59.9;266.0;;;;7.0;7.3;;rain;11.9;6.53;10.9;5.17;976.6;;;;;;;;;;;10.02.2021 13.05
11/02/2021 11:34:39;11/02/2021;11:34:39;0.0;157.5;1012.0;0.0;0.0;8.3;0.78;0.0;;0.0;4.6;;;;;;59.9;266.0;;;;7.1;7.5;;rain;12.0;6.57;11.0;5.17;977.6;;;;;;;;;;;10.02.2021 13.05
11/02/2021 11:36:47;11/02/2021;11:36:47;0.0;157.5;1012.0;0.0;0.0;8.3;0.78;1.5;;0.0;4.6;;;;;;59.9;266.0;;;;7.1;7.5;;rain;12.0;6.57;11.0;5.17;977.6;;;;;;;;;;;10.02.2021 13.05
11/02/2021 11:38:53;11/02/2021;11:38:53;0.0;157.5;1012.0;0.0;0.0;8.3;0.78;3.0;;0.0;4.6;;;;;;59.9;266.0;;;;7.1;7.5;;rain;12.0;6.57;11.0;5.17;977.6;;;;;;;;;;;10.02.2021 13.05
11/02/2021 11:41:00;11/02/2021;11:41:00;0.0;157.5;1012.0;0.0;0.0;8.3;0.78;3.0;;0.0;4.6;;;;;;59.9;266.0;;;;7.1;7.5;;rain;12.0;6.57;11.0;5.18;977.6;;;;;;;;;;;10.02.2021 13.05
11/02/2021 11:43:12;11/02/2021;11:43:12;0.0;157.5;1012.0;0.0;0.0;8.4;0.77;3.0;;0.0;4.6;;;;;;59.9;266.0;;;;7.2;7.6;;rain;12.0;6.53;11.0;5.18;977.6;;;;;;;;;;;10.02.2021 13.05
11/02/2021 11:45:31;11/02/2021;11:45:31;0.0;157.5;1012.0;0.0;0.0;8.4;0.78;3.0;;0.0;4.7;;;;;;59.9;266.0;;;;7.2;7.6;;rain;12.1;6.62;11.0;5.18;977.6;;;;;;;;;;;10.02.2021 13.05
11/02/2021 11:47:38;11/02/2021;11:47:38;0.0;157.5;1012.0;0.0;0.0;8.4;0.77;3.0;;0.0;4.6;;;;;;59.9;266.0;;;;7.2;7.6;;rain;12.0;6.53;11.0;5.18;977.6;;;;;;;;;;;10.02.2021 13.05
11/02/2021 11:49:49;11/02/2021;11:49:49;0.0;157.5;1012.0;0.0;0.0;8.4;0.78;3.0;;0.0;4.7;;;;;;59.9;266.0;;;;7.2;7.6;;rain;12.1;6.62;11.0;5.18;977.6;;;;;;;;;;;10.02.2021 13.05
11/02/2021 11:51:55;11/02/2021;11:51:55;0.0;157.5;1012.0;0.0;0.0;8.4;0.77;0.0;;0.0;4.6;;;;;;59.9;266.0;;;;7.2;7.6;;rain;12.0;6.53;11.0;5.19;977.6;;;;;;;;;;;10.02.2021 13.05
11/02/2021 11:54:03;11/02/2021;11:54:03;0.0;157.5;1012.0;0.0;0.0;8.5;0.78;4.0;;0.0;4.8;;;;;;59.9;266.0;;;;7.4;7.7;;rain;12.2;6.66;11.1;5.19;977.6;;;;;;;;;;;10.02.2021 13.05
11/02/2021 11:56:10;11/02/2021;11:56:10;0.0;157.5;1012.0;0.0;0.0;8.7;0.78;4.0;;0.0;5.0;;;;;;59.9;266.0;;;;7.6;8.0;;rain;12.3;6.74;11.3;5.19;977.6;;;;;;;;;;;10.02.2021 13.05
11/02/2021 11:58:21;11/02/2021;11:58:21;0.0;157.5;1012.0;0.0;0.0;8.8;0.76;3.0;;0.0;4.8;;;;;;59.9;266.0;;;;7.6;8.0;;rain;12.3;6.61;11.3;5.19;977.6;;;;;;;;;;;10.02.2021 13.05
11/02/2021 12:00:29;11/02/2021;12:00:29;0.0;157.5;1012.0;0.0;0.0;8.8;0.74;3.0;;0.0;4.4;;;;;;59.9;266.0;;;;7.6;7.9;;rain;12.2;6.44;11.3;5.19;977.6;;;;;;;;;;;10.02.2021 13.05
11/02/2021 12:02:42;11/02/2021;12:02:42;0.0;157.5;1012.0;0.0;0.0;9.0;0.75;3.0;;0.0;4.8;;;;;;59.9;266.0;;;;7.8;8.2;;rain;12.4;6.61;11.5;5.19;977.7;;;;;;;;;;;10.02.2021 13.05
11/02/2021 12:04:47;11/02/2021;12:04:47;0.0;157.5;1012.0;0.0;0.0;9.0;0.74;3.5;;0.0;4.6;;;;;;59.9;266.0;;;;7.8;8.2;;rain;12.4;6.52;11.5;5.19;977.7;;;;;;;;;;;10.02.2021 13.05
11/02/2021 12:06:52;11/02/2021;12:06:52;0.0;157.5;1012.0;0.0;0.0;9.0;0.74;3.0;;0.0;4.6;;;;;;59.9;266.0;;;;7.8;8.2;;rain;12.4;6.52;11.5;5.19;977.7;;;;;;;;;;;10.02.2021 13.05
11/02/2021 12:08:59;11/02/2021;12:08:59;0.0;157.5;1012.0;0.0;0.0;9.1;0.75;3.0;;0.0;4.9;;;;;;59.9;266.0;;;;8.0;8.4;;rain;12.5;6.65;11.6;5.19;977.7;;;;;;;;;;;10.02.2021 13.05
11/02/2021 12:11:06;11/02/2021;12:11:06;0.0;157.5;1012.0;0.0;0.0;9.2;0.74;3.0;;0.0;4.8;;;;;;59.9;266.0;;;;8.0;8.4;;rain;12.5;6.61;11.6;5.19;977.7;;;;;;;;;;;10.02.2021 13.05
11/02/2021 12:13:16;11/02/2021;12:13:16;0.0;157.5;1012.0;0.0;0.0;9.3;0.73;4.0;;0.0;4.7;;;;;;59.9;266.0;;;;8.1;8.5;;rain;12.6;6.56;11.7;5.16;977.7;;;;;;;;;;;10.02.2021 13.05
11/02/2021 12:15:22;11/02/2021;12:15:22;0.0;157.5;1012.0;0.0;0.0;9.4;0.73;4.0;;0.0;4.8;;;;;;59.9;266.0;;;;8.2;8.6;;rain;12.6;6.6;11.8;5.16;977.7;;;;;;;;;;;10.02.2021 13.05
11/02/2021 12:17:28;11/02/2021;12:17:28;0.0;157.5;1012.0;0.0;0.0;9.4;0.74;3.0;;0.0;5.0;;;;;;59.9;266.0;;;;8.3;8.7;;rain;12.7;6.69;11.8;5.16;977.7;;;;;;;;;;;10.02.2021 13.05
11/02/2021 12:19:35;11/02/2021;12:19:35;0.0;157.5;1012.0;0.0;0.0;9.5;0.74;3.5;;0.0;5.0;;;;;;59.9;266.0;;;;8.4;8.8;;rain;12.8;6.73;11.9;5.16;977.7;;;;;;;;;;;10.02.2021 13.05
11/02/2021 12:24:16;11/02/2021;12:24:16;0.0;157.5;1012.0;0.0;0.0;9.5;0.73;4.0;;0.0;4.8;;;;;;59.9;266.0;;;;8.4;8.7;;rain;12.7;6.64;11.9;5.16;977.7;;;;;;;;;;;10.02.2021 13.05
11/02/2021 12:26:24;11/02/2021;12:26:24;0.0;157.5;1012.0;0.0;0.0;9.6;0.7;4.0;;0.0;4.3;;;;;;59.9;266.0;;;;8.4;8.7;;rain;12.7;6.41;12.0;5.16;977.7;;;;;;;;;;;10.02.2021 13.05
11/02/2021 12:28:35;11/02/2021;12:28:35;0.0;157.5;1012.0;0.0;0.0;9.8;0.71;4.0;;0.0;4.7;;;;;;59.9;266.0;;;;8.6;9.0;;rain;12.9;6.59;12.1;5.16;977.8;;;;;;;;;;;10.02.2021 13.05
11/02/2021 12:30:46;11/02/2021;12:30:46;0.0;157.5;1012.0;0.0;0.0;10.0;0.69;4.0;;0.0;4.5;;;;;;59.9;266.0;;;;8.8;9.1;;rain;12.9;6.48;12.3;5.16;977.8;;;;;;;;;;;10.02.2021 13.05
11/02/2021 12:32:56;11/02/2021;12:32:56;0.0;157.5;1012.0;0.0;0.0;10.1;0.68;4.0;;0.0;4.4;;;;;;59.9;266.0;;;;8.9;9.2;;rain;13.0;6.43;12.4;5.16;977.8;;;;;;;;;;;10.02.2021 13.05
11/02/2021 12:35:02;11/02/2021;12:35:02;0.0;157.5;1012.0;0.0;0.0;10.1;0.72;4.0;;0.0;5.2;;;;;;59.9;266.0;;;;9.0;9.5;;rain;13.2;6.81;12.4;5.17;977.8;;;;;;;;;;;10.02.2021 13.05
11/02/2021 12:37:09;11/02/2021;12:37:09;0.0;157.5;1012.0;0.0;0.0;10.2;0.69;4.0;;0.0;4.7;;;;;;59.9;266.0;;;;9.0;9.4;;rain;13.1;6.56;12.4;5.17;977.8;;;;;;;;;;;10.02.2021 13.05
11/02/2021 12:39:16;11/02/2021;12:39:16;0.0;157.5;1012.0;0.0;0.0;10.2;0.68;4.0;;0.0;4.5;;;;;;59.9;266.0;;;;9.0;9.3;;rain;13.0;6.47;12.4;5.17;977.8;;;;;;;;;;;10.02.2021 13.05
11/02/2021 12:41:30;11/02/2021;12:41:30;0.0;157.5;1012.0;0.0;0.0;10.2;0.68;4.0;;0.0;4.5;;;;;;59.9;266.0;;;;9.0;9.3;;rain;13.0;6.47;12.4;5.17;977.8;;;;;;;;;;;10.02.2021 13.05
11/02/2021 12:43:40;11/02/2021;12:43:40;0.0;157.5;1012.0;0.0;0.0;10.3;0.67;4.0;;0.0;4.4;;;;;;59.9;266.0;;;;9.1;9.4;;rain;13.1;6.41;12.5;5.17;977.8;;;;;;;;;;;10.02.2021 13.05
11/02/2021 12:45:51;11/02/2021;12:45:51;0.0;157.5;1012.0;0.0;0.0;10.3;0.68;4.0;;0.0;4.6;;;;;;59.9;266.0;;;;9.1;9.5;;rain;13.1;6.51;12.5;5.18;977.8;;;;;;;;;;;10.02.2021 13.05
11/02/2021 12:48:01;11/02/2021;12:48:01;0.0;157.5;1012.0;0.0;0.0;10.3;0.71;4.0;;0.0;5.2;;;;;;59.9;266.0;;;;9.2;9.7;;rain;13.3;6.8;12.5;5.18;977.8;;;;;;;;;;;10.02.2021 13.05
11/02/2021 12:50:20;11/02/2021;12:50:20;0.0;67.5;1011.0;0.0;0.0;10.3;0.69;4.0;;0.0;4.8;;;;;;59.9;266.0;;;;9.1;9.5;;rain;13.2;6.61;12.5;5.18;976.9;;;;;;;;;;;10.02.2021 13.05
11/02/2021 12:52:31;11/02/2021;12:52:31;0.0;67.5;1011.0;0.0;0.0;10.3;0.71;4.0;;0.0;5.2;;;;;;59.9;266.0;;;;9.2;9.7;;rain;13.3;6.8;12.5;5.18;976.9;;;;;;;;;;;10.02.2021 13.05
11/02/2021 12:54:38;11/02/2021;12:54:38;0.0;67.5;1011.0;0.0;0.0;10.3;0.67;4.0;;0.0;4.4;;;;;;59.9;266.0;;;;9.1;9.4;;rain;13.1;6.41;12.5;5.18;976.9;;;;;;;;;;;10.02.2021 13.05
11/02/2021 12:56:44;11/02/2021;12:56:44;0.0;90;1011.0;0.0;0.0;10.2;0.66;4.0;;0.0;4.1;;;;;;59.9;266.0;;;;8.9;9.2;;rain;12.9;6.28;12.4;5.18;976.9;;;;;;;;;;;10.02.2021 13.05
11/02/2021 13:00:01;11/02/2021;13:00:01;0.0;90;1011.0;0.0;0.0;10.3;0.64;3.5;;0.0;3.7;;;;;;59.9;266.0;;;;8.9;9.2;;rain;12.9;6.13;12.5;5.18;976.9;;;;;;;;;;;10.02.2021 13.05
11/02/2021 13:02:13;11/02/2021;13:02:13;0.0;67.5;1011.0;0.0;0.0;10.5;0.66;3.5;;0.0;4.4;;;;;;59.9;266.0;;;;9.3;9.6;;rain;13.2;6.4;12.7;5.18;976.9;;;;;;;;;;;10.02.2021 13.05
11/02/2021 13:04:26;11/02/2021;13:04:26;0.0;67.5;1011.0;0.0;0.0;10.6;0.69;3.0;;0.0;5.1;;;;;;59.9;266.0;;;;9.5;9.9;;rain;13.4;6.73;12.8;5.18;976.9;;;;;;;;;;;10.02.2021 13.05
11/02/2021 13:06:34;11/02/2021;13:06:34;0.0;67.5;1011.0;0.0;0.0;10.7;0.69;4.0;;0.0;5.2;;;;;;59.9;266.0;;;;9.6;10.1;;rain;13.5;6.77;12.9;5.18;976.9;;;;;;;;;;;10.02.2021 13.05
11/02/2021 13:08:43;11/02/2021;13:08:43;0.0;67.5;1011.0;0.0;0.0;10.7;0.69;3.0;;0.0;5.2;;;;;;59.9;266.0;;;;9.6;10.1;;rain;13.5;6.77;12.9;5.18;976.9;;;;;;;;;;;10.02.2021 13.05
11/02/2021 13:10:51;11/02/2021;13:10:51;0.0;67.5;1011.0;0.0;0.0;10.5;0.69;4.0;;0.0;4.9;;;;;;59.9;266.0;;;;9.3;9.7;;rain;13.3;6.65;12.6;5.18;976.9;;;;;;;;;;;10.02.2021 13.05
11/02/2021 13:13:00;11/02/2021;13:13:00;0.0;67.5;1011.0;0.0;0.0;10.5;0.69;4.0;;0.0;5.0;;;;;;59.9;266.0;;;;9.4;9.8;;rain;13.3;6.69;12.7;5.18;976.9;;;;;;;;;;;10.02.2021 13.05
11/02/2021 13:15:10;11/02/2021;13:15:10;0.0;90;1011.0;0.0;0.0;10.4;0.66;4.0;;0.0;4.3;;;;;;59.9;266.0;;;;9.1;9.5;;rain;13.1;6.36;12.6;5.18;976.9;;;;;;;;;;;10.02.2021 13.05
11/02/2021 13:17:16;11/02/2021;13:17:16;0.0;90;1011.0;0.0;0.0;10.5;0.65;4.0;;0.0;4.1;;;;;;59.9;266.0;;;;9.2;9.5;;rain;13.1;6.3;12.7;5.19;976.9;;;;;;;;;;;10.02.2021 13.05
11/02/2021 13:19:27;11/02/2021;13:19:27;0.0;90;1011.0;0.0;0.0;10.5;0.68;4.0;;0.0;4.8;;;;;;59.9;266.0;;;;9.3;9.7;;rain;13.3;6.59;12.7;5.19;976.9;;;;;;;;;;;10.02.2021 13.05
11/02/2021 13:21:36;11/02/2021;13:21:36;0.0;0;1011.0;0.0;0.0;10.6;0.67;4.0;;0.0;4.7;;;;;;59.9;266.0;;;;9.4;9.8;;rain;13.3;6.54;12.8;5.19;976.9;;;;;;;;;;;10.02.2021 13.05
11/02/2021 13:23:51;11/02/2021;13:23:51;0.0;90;1011.0;0.0;0.0;10.7;0.67;4.0;;0.0;4.8;;;;;;59.9;266.0;;;;9.5;9.9;;rain;13.4;6.58;12.9;5.19;976.9;;;;;;;;;;;10.02.2021 13.05
11/02/2021 13:25:58;11/02/2021;13:25:58;0.0;90;1011.0;0.0;0.0;10.7;0.67;3.0;;0.0;4.8;;;;;;59.9;266.0;;;;9.5;9.9;;rain;13.4;6.58;12.9;5.19;976.9;;;;;;;;;;;10.02.2021 13.05
11/02/2021 13:28:09;11/02/2021;13:28:09;0.0;90;1011.0;0.0;0.0;10.8;0.66;4.0;;0.0;4.6;;;;;;59.9;266.0;;;;9.6;10.0;;rain;13.4;6.52;13.0;5.19;976.9;;;;;;;;;;;10.02.2021 13.05
11/02/2021 13:30:16;11/02/2021;13:30:16;0.0;90;1011.0;0.0;0.0;10.8;0.68;4.0;;0.0;5.1;;;;;;59.9;266.0;;;;9.7;10.1;;rain;13.5;6.72;13.0;5.19;976.9;;;;;;;;;;;10.02.2021 13.05
11/02/2021 13:32:24;11/02/2021;13:32:24;0.0;90;1011.0;0.0;0.0;10.7;0.68;3.0;;0.0;5.0;;;;;;59.9;266.0;;;;9.6;10.0;;rain;13.4;6.68;12.9;5.19;976.9;;;;;;;;;;;10.02.2021 13.05
11/02/2021 13:34:44;11/02/2021;13:34:44;0.0;90;1012.0;0.0;0.0;10.7;0.7;3.0;;0.0;5.4;;;;;;59.9;266.0;;;;9.7;10.1;;rain;13.5;6.87;12.9;5.19;977.9;;;;;;;;;;;10.02.2021 13.05
11/02/2021 13:36:53;11/02/2021;13:36:53;0.0;67.5;1012.0;0.0;0.0;10.7;0.7;3.0;;0.0;5.4;;;;;;59.9;266.0;;;;9.7;10.1;;rain;13.5;6.87;12.9;5.19;977.9;;;;;;;;;;;10.02.2021 13.05
11/02/2021 13:38:59;11/02/2021;13:38:59;0.0;67.5;1012.0;0.0;0.0;10.6;0.7;3.0;;0.0;5.3;;;;;;59.9;266.0;;;;9.5;10.0;;rain;13.5;6.83;12.8;5.16;977.9;;;;;;;;;;;10.02.2021 13.05
11/02/2021 13:41:11;11/02/2021;13:41:11;0.0;67.5;1012.0;0.0;0.0;10.6;0.69;3.0;;0.0;5.1;;;;;;59.9;266.0;;;;9.5;9.9;;rain;13.4;6.73;12.8;5.16;977.9;;;;;;;;;;;10.02.2021 13.05
11/02/2021 13:43:18;11/02/2021;13:43:18;0.0;67.5;1012.0;0.0;0.0;10.6;0.69;4.0;;0.0;5.1;;;;;;59.9;266.0;;;;9.5;9.9;;rain;13.4;6.73;12.8;5.16;977.9;;;;;;;;;;;10.02.2021 13.05
11/02/2021 13:45:31;11/02/2021;13:45:31;0.0;67.5;1012.0;0.0;0.0;10.7;0.66;3.0;;0.0;4.5;;;;;;59.9;266.0;;;;9.5;9.8;;rain;13.3;6.48;12.9;5.16;977.9;;;;;;;;;;;10.02.2021 13.05
11/02/2021 13:47:42;11/02/2021;13:47:42;0.0;67.5;1012.0;0.0;0.0;10.9;0.66;4.0;;0.0;4.7;;;;;;59.9;266.0;;;;9.7;10.1;;rain;13.5;6.56;13.0;5.16;977.9;;;;;;;;;;;10.02.2021 13.05
11/02/2021 13:49:59;11/02/2021;13:49:59;0.0;90;1011.0;0.0;0.0;11.2;0.61;4.0;;0.0;3.9;;;;;;59.9;266.0;;;;9.9;10.1;;rain;13.5;6.18;13.3;5.17;977.0;;;;;;;;;;;10.02.2021 13.05
11/02/2021 13:52:06;11/02/2021;13:52:06;0.0;90;1011.0;0.0;0.0;11.3;0.66;3.5;;0.0;5.1;;;;;;59.9;266.0;;;;10.2;10.6;;rain;13.8;6.73;13.4;5.17;977.0;;;;;;;;;;;10.02.2021 13.05
11/02/2021 13:54:15;11/02/2021;13:54:15;0.0;90;1011.0;0.0;0.0;11.5;0.61;4.0;;0.0;4.2;;;;;;59.9;266.0;;;;10.2;10.5;;rain;13.7;6.3;13.6;5.17;977.0;;;;;;;;;;;10.02.2021 13.05
11/02/2021 13:56:24;11/02/2021;13:56:24;0.0;90;1011.0;0.0;0.0;11.4;0.61;3.0;;0.0;4.1;;;;;;59.9;266.0;;;;10.1;10.4;;rain;13.6;6.26;13.5;5.17;977.0;;;;;;;;;;;10.02.2021 13.05
11/02/2021 14:00:33;11/02/2021;14:00:33;0.0;90;1011.0;0.0;0.0;11.2;0.63;3.0;;0.0;4.3;;;;;;59.9;266.0;;;;10.0;10.3;;rain;13.6;6.38;13.3;5.17;977.0;;;;;;;;;;;10.02.2021 13.05
11/02/2021 14:02:40;11/02/2021;14:02:40;0.0;90;1011.0;0.0;0.0;11.2;0.61;3.0;;0.0;3.9;;;;;;59.9;266.0;;;;9.9;10.1;;rain;13.5;6.18;13.3;5.17;977.0;;;;;;;;;;;10.02.2021 13.05
11/02/2021 14:04:50;11/02/2021;14:04:50;0.0;90;1012.0;0.0;0.0;11.2;0.62;3.0;;0.0;4.1;;;;;;59.9;266.0;;;;9.9;10.2;;rain;13.5;6.28;13.3;5.17;977.9;;;;;;;;;;;10.02.2021 13.05
11/02/2021 14:07:01;11/02/2021;14:07:01;0.0;90;1012.0;0.0;0.0;11.3;0.62;4.0;;0.0;4.2;;;;;;59.9;266.0;;;;10.0;10.3;;rain;13.6;6.32;13.4;5.17;977.9;;;;;;;;;;;10.02.2021 13.05
11/02/2021 14:09:28;11/02/2021;14:09:28;0.0;90;1012.0;0.0;0.0;11.5;0.64;3.0;;0.0;4.9;;;;;;59.9;266.0;;;;10.4;10.8;;rain;13.9;6.61;13.6;5.17;978.0;;;;;;;;;;;10.02.2021 13.05
11/02/2021 14:11:37;11/02/2021;14:11:37;0.0;90;1012.0;0.0;0.0;11.7;0.61;3.0;;0.0;4.4;;;;;;59.9;266.0;;;;10.5;10.8;;rain;13.9;6.38;13.8;5.18;978.0;;;;;;;;;;;10.02.2021 13.05
11/02/2021 14:13:44;11/02/2021;14:13:44;0.0;90;1012.0;0.0;0.0;11.7;0.6;3.0;;0.0;4.1;;;;;;59.9;266.0;;;;10.4;10.7;;rain;13.8;6.27;13.8;5.18;978.0;;;;;;;;;;;10.02.2021 13.05
11/02/2021 14:15:55;11/02/2021;14:15:55;0.0;90;1012.0;0.0;0.0;11.7;0.57;3.0;;0.0;3.4;;;;;;59.9;266.0;;;;10.3;10.5;;rain;13.6;5.96;13.8;5.18;978.0;;;;;;;;;;;10.02.2021 13.05
11/02/2021 14:18:01;11/02/2021;14:18:01;0.0;90;1012.0;0.0;0.0;11.7;0.57;3.0;;0.0;3.4;;;;;;59.9;266.0;;;;10.3;10.5;;rain;13.6;5.96;13.8;5.18;978.0;;;;;;;;;;;10.02.2021 13.05
11/02/2021 14:20:08;11/02/2021;14:20:08;0.0;90;1012.0;0.0;0.0;11.7;0.55;3.0;;0.0;2.9;;;;;;59.9;266.0;;;;10.2;10.3;;rain;13.5;5.75;13.8;5.18;978.0;;;;;;;;;;;10.02.2021 13.05
11/02/2021 14:22:18;11/02/2021;14:22:18;0.0;90;1012.0;0.0;0.0;11.6;0.55;3.0;;0.0;2.8;;;;;;59.9;266.0;;;;10.1;10.2;;rain;13.5;5.71;13.7;5.18;978.0;;;;;;;;;;;10.02.2021 13.05
11/02/2021 14:24:30;11/02/2021;14:24:30;0.0;90;1012.0;0.0;0.0;11.6;0.55;3.0;;0.0;2.8;;;;;;59.9;266.0;;;;10.1;10.2;;rain;13.5;5.71;13.7;5.18;978.0;;;;;;;;;;;10.02.2021 13.05
11/02/2021 14:26:44;11/02/2021;14:26:44;0.2159827213822894;67.5;1012.0;0.0;0.0;11.7;0.6;3.0;;1.7278617710583153;4.1;;;;;;59.9;266.0;;;;10.3;10.7;;rain;13.8;6.27;13.8;5.18;978.0;;;;;;;;;;;10.02.2021 13.05
11/02/2021 14:28:53;11/02/2021;14:28:53;0.0;67.5;1012.0;0.0;0.0;11.6;0.6;0.0;;0.0;4.0;;;;;;59.9;266.0;;;;10.3;10.6;;rain;13.7;6.23;13.7;5.18;978.0;;;;;;;;;;;10.02.2021 13.05
11/02/2021 14:31:00;11/02/2021;14:31:00;0.0;45;1012.0;0.0;0.0;11.4;0.61;3.0;;0.0;4.1;;;;;;59.9;266.0;;;;10.1;10.4;;rain;13.6;6.26;13.5;5.18;978.0;;;;;;;;;;;10.02.2021 13.05
11/02/2021 14:33:08;11/02/2021;14:33:08;0.0;90;1012.0;0.0;0.0;11.2;0.63;0.0;;0.0;4.3;;;;;;59.9;266.0;;;;10.0;10.3;;rain;13.6;6.38;13.3;5.17;977.9;;;;;;;;;;;10.02.2021 13.05
11/02/2021 14:35:16;11/02/2021;14:35:16;0.0;90;1012.0;0.0;0.0;11.0;0.62;0.0;;0.0;3.9;;;;;;59.9;266.0;;;;9.7;9.9;;rain;13.4;6.2;13.1;5.17;977.9;;;;;;;;;;;10.02.2021 13.05
11/02/2021 14:37:26;11/02/2021;14:37:26;0.0;90;1012.0;0.0;0.0;10.9;0.6;0.0;;0.0;3.4;;;;;;59.9;266.0;;;;9.5;9.7;;rain;13.2;5.97;13.0;5.17;977.9;;;;;;;;;;;10.02.2021 13.05
11/02/2021 14:39:35;11/02/2021;14:39:35;0.0;67.5;1012.0;0.0;0.0;11.1;0.64;3.0;;0.0;4.5;;;;;;59.9;266.0;;;;9.9;10.2;;rain;13.6;6.44;13.2;5.17;977.9;;;;;;;;;;;10.02.2021 13.05
11/02/2021 14:41:54;11/02/2021;14:41:54;0.0;67.5;1012.0;0.0;0.0;11.2;0.59;0.0;;0.0;3.4;;;;;;59.9;266.0;;;;9.8;10.0;;rain;13.4;5.98;13.3;5.17;977.9;;;;;;;;;;;10.02.2021 13.05
11/02/2021 14:44:07;11/02/2021;14:44:07;0.0;67.5;1012.0;0.0;0.0;11.2;0.59;0.0;;0.0;3.4;;;;;;59.9;266.0;;;;9.8;10.0;;rain;13.4;5.98;13.3;5.17;977.9;;;;;;;;;;;10.02.2021 13.05
11/02/2021 14:46:14;11/02/2021;14:46:14;0.0;90;1012.0;0.0;0.0;11.3;0.62;0.0;;0.0;4.2;;;;;;59.9;266.0;;;;10.0;10.3;;rain;13.6;6.32;13.4;5.17;977.9;;;;;;;;;;;10.02.2021 13.05
11/02/2021 14:48:21;11/02/2021;14:48:21;0.0;90;1012.0;0.0;0.0;11.3;0.61;0.0;;0.0;4.0;;;;;;59.9;266.0;;;;10.0;10.3;;rain;13.6;6.22;13.4;5.17;977.9;;;;;;;;;;;10.02.2021 13.05
11/02/2021 14:51:01;11/02/2021;14:51:01;0.0;67.5;1012.0;0.0;0.0;11.3;0.59;0.0;;0.0;3.5;;;;;;59.9;266.0;;;;9.9;10.1;;rain;13.4;6.02;13.4;5.17;977.9;;;;;;;;;;;10.02.2021 13.05
11/02/2021 14:53:08;11/02/2021;14:53:08;0.0;90;1012.0;0.0;0.0;11.3;0.62;0.0;;0.0;4.2;;;;;;59.9;266.0;;;;10.0;10.3;;rain;13.6;6.32;13.4;5.17;977.9;;;;;;;;;;;10.02.2021 13.05
11/02/2021 14:55:19;11/02/2021;14:55:19;0.0;90;1012.0;0.0;0.0;11.3;0.6;0.0;;0.0;3.7;;;;;;59.9;266.0;;;;9.9;10.2;;rain;13.5;6.12;13.4;5.17;977.9;;;;;;;;;;;10.02.2021 13.05
11/02/2021 14:57:26;11/02/2021;14:57:26;0.0;90;1012.0;0.0;0.0;11.2;0.58;0.0;;0.0;3.2;;;;;;59.9;266.0;;;;9.7;9.9;;rain;13.3;5.88;13.3;5.17;977.9;;;;;;;;;;;10.02.2021 13.05
11/02/2021 14:59:35;11/02/2021;14:59:35;0.0;67.5;1012.0;0.0;0.0;11.1;0.62;0.0;;0.0;4.0;;;;;;59.9;266.0;;;;9.8;10.1;;rain;13.4;6.24;13.2;5.17;977.9;;;;;;;;;;;10.02.2021 13.05
11/02/2021 15:01:40;11/02/2021;15:01:40;0.0;67.5;1012.0;0.0;0.0;11.1;0.61;0.0;;0.0;3.8;;;;;;59.9;266.0;;;;9.8;10.0;;rain;13.4;6.14;13.2;5.17;977.9;;;;;;;;;;;10.02.2021 13.05
11/02/2021 15:03:49;11/02/2021;15:03:49;0.0;67.5;1012.0;0.0;0.0;11.0;0.56;0.0;;0.0;2.5;;;;;;59.9;266.0;;;;9.4;9.5;;rain;13.1;5.6;13.1;5.17;977.9;;;;;;;;;;;10.02.2021 13.05
11/02/2021 15:06:02;11/02/2021;15:06:02;0.0;67.5;1012.0;0.0;0.0;11.0;0.61;0.0;;0.0;3.7;;;;;;59.9;266.0;;;;9.6;9.9;;rain;13.3;6.1;13.1;5.18;977.9;;;;;;;;;;;10.02.2021 13.05
11/02/2021 15:08:12;11/02/2021;15:08:12;0.0;67.5;1012.0;0.0;0.0;11.0;0.62;0.0;;0.0;3.9;;;;;;59.9;266.0;;;;9.7;9.9;;rain;13.4;6.2;13.1;5.18;977.9;;;;;;;;;;;10.02.2021 13.05
11/02/2021 15:10:27;11/02/2021;15:10:27;0.0;67.5;1012.0;0.0;0.0;11.0;0.57;0.0;;0.0;2.7;;;;;;59.9;266.0;;;;9.5;9.6;;rain;13.1;5.7;13.1;5.18;977.9;;;;;;;;;;;10.02.2021 13.05
11/02/2021 15:12:41;11/02/2021;15:12:41;0.0;67.5;1012.0;0.0;0.0;11.0;0.61;0.0;;0.0;3.7;;;;;;59.9;266.0;;;;9.6;9.9;;rain;13.3;6.1;13.1;5.18;977.9;;;;;;;;;;;10.02.2021 13.05
11/02/2021 15:14:49;11/02/2021;15:14:49;0.0;67.5;1012.0;0.0;0.0;11.0;0.6;0.0;;0.0;3.5;;;;;;59.9;266.0;;;;9.6;9.8;;rain;13.3;6.0;13.1;5.18;977.9;;;;;;;;;;;10.02.2021 13.05
11/02/2021 15:17:03;11/02/2021;15:17:03;0.0;67.5;1012.0;0.0;0.0;11.1;0.6;0.0;;0.0;3.6;;;;;;59.9;266.0;;;;9.7;9.9;;rain;13.3;6.04;13.2;5.18;977.9;;;;;;;;;;;10.02.2021 13.05
11/02/2021 15:19:09;11/02/2021;15:19:09;0.0;67.5;1012.0;0.0;0.0;11.1;0.59;0.0;;0.0;3.3;;;;;;59.9;266.0;;;;9.7;9.8;;rain;13.3;5.94;13.2;5.18;977.9;;;;;;;;;;;10.02.2021 13.05
11/02/2021 15:21:23;11/02/2021;15:21:23;0.0;67.5;1012.0;0.0;0.0;11.1;0.59;0.0;;0.0;3.3;;;;;;59.9;266.0;;;;9.7;9.8;;rain;13.3;5.94;13.2;5.18;977.9;;;;;;;;;;;10.02.2021 13.05
11/02/2021 15:23:36;11/02/2021;15:23:36;0.0;67.5;1012.0;0.0;0.0;11.1;0.59;0.0;;0.0;3.3;;;;;;59.9;266.0;;;;9.7;9.8;;rain;13.3;5.94;13.2;5.18;977.9;;;;;;;;;;;10.02.2021 13.05
11/02/2021 15:25:44;11/02/2021;15:25:44;0.0;67.5;1012.0;0.0;0.0;11.1;0.61;0.0;;0.0;3.8;;;;;;59.9;266.0;;;;9.8;10.0;;rain;13.4;6.14;13.2;5.18;977.9;;;;;;;;;;;10.02.2021 13.05
11/02/2021 15:27:51;11/02/2021;15:27:51;0.0;67.5;1012.0;0.0;0.0;11.1;0.6;0.0;;0.0;3.6;;;;;;59.9;266.0;;;;9.7;9.9;;rain;13.3;6.04;13.2;5.18;977.9;;;;;;;;;;;10.02.2021 13.05
11/02/2021 15:29:56;11/02/2021;15:29:56;0.0;67.5;1012.0;0.0;0.0;11.1;0.58;0.0;;0.0;3.1;;;;;;59.9;266.0;;;;9.6;9.8;;rain;13.2;5.84;13.2;5.18;977.9;;;;;;;;;;;10.02.2021 13.05
11/02/2021 15:32:04;11/02/2021;15:32:04;0.0;67.5;1012.0;0.0;0.0;11.1;0.61;0.0;;0.0;3.8;;;;;;59.9;266.0;;;;9.8;10.0;;rain;13.4;6.14;13.2;5.18;977.9;;;;;;;;;;;10.02.2021 13.05
11/02/2021 15:34:10;11/02/2021;15:34:10;0.0;67.5;1012.0;0.0;0.0;11.1;0.61;0.0;;0.0;3.8;;;;;;59.9;266.0;;;;9.8;10.0;;rain;13.4;6.14;13.2;5.18;977.9;;;;;;;;;;;10.02.2021 13.05
11/02/2021 15:36:19;11/02/2021;15:36:19;0.0;67.5;1012.0;0.0;0.0;11.2;0.6;0.0;;0.0;3.6;;;;;;59.9;266.0;;;;9.8;10.0;;rain;13.4;6.08;13.3;5.18;977.9;;;;;;;;;;;10.02.2021 13.05
11/02/2021 15:38:26;11/02/2021;15:38:26;0.0;67.5;1012.0;0.0;0.0;11.2;0.59;0.0;;0.0;3.4;;;;;;59.9;266.0;;;;9.8;10.0;;rain;13.4;5.98;13.3;5.18;977.9;;;;;;;;;;;10.02.2021 13.05
11/02/2021 15:40:39;11/02/2021;15:40:39;0.0;67.5;1012.0;0.0;0.0;11.2;0.59;0.0;;0.0;3.4;;;;;;59.9;266.0;;;;9.8;10.0;;rain;13.4;5.98;13.3;5.18;977.9;;;;;;;;;;;10.02.2021 13.05
11/02/2021 15:42:46;11/02/2021;15:42:46;0.0;67.5;1012.0;0.0;0.0;11.1;0.6;0.0;;0.0;3.6;;;;;;59.9;266.0;;;;9.7;9.9;;rain;13.3;6.04;13.2;5.18;977.9;;;;;;;;;;;10.02.2021 13.05
11/02/2021 15:44:54;11/02/2021;15:44:54;0.0;67.5;1012.0;0.0;0.0;11.0;0.61;0.0;;0.0;3.7;;;;;;59.9;266.0;;;;9.6;9.9;;rain;13.3;6.1;13.1;5.18;977.9;;;;;;;;;;;10.02.2021 13.05
11/02/2021 15:47:03;11/02/2021;15:47:03;0.0;67.5;1012.0;0.0;0.0;11.0;0.59;0.0;;0.0;3.2;;;;;;59.9;266.0;;;;9.6;9.7;;rain;13.2;5.9;13.1;5.19;977.9;;;;;;;;;;;10.02.2021 13.05
11/02/2021 15:49:09;11/02/2021;15:49:09;0.0;67.5;1013.0;0.0;0.0;11.1;0.57;0.0;;0.0;2.8;;;;;;59.9;266.0;;;;9.6;9.7;;rain;13.2;5.74;13.2;5.19;978.9;;;;;;;;;;;10.02.2021 13.05
11/02/2021 16:02:49;11/02/2021;16:02:49;0.0;67.5;1013.0;0.0;0.0;11.0;0.59;0.0;;0.0;3.2;;;;;;59.9;266.0;;;;9.6;9.7;;rain;13.2;5.9;13.1;5.18;978.9;;;;;;;;;;;10.02.2021 13.05
11/02/2021 16:05:12;11/02/2021;16:05:12;0.0;67.5;1013.0;0.0;0.0;10.8;0.6;0.0;;0.0;3.3;;;;;;59.9;266.0;;;;9.4;9.5;;rain;13.1;5.93;13.0;5.18;978.9;;;;;;;;;;;10.02.2021 13.05
11/02/2021 16:07:22;11/02/2021;16:07:22;0.0;67.5;1013.0;0.0;0.0;10.8;0.62;0.0;;0.0;3.7;;;;;;59.9;266.0;;;;9.4;9.7;;rain;13.2;6.13;13.0;5.18;978.9;;;;;;;;;;;10.02.2021 13.05
11/02/2021 16:10:08;11/02/2021;16:10:08;0.0;67.5;1013.0;0.0;0.0;10.6;0.63;0.0;;0.0;3.8;;;;;;59.9;266.0;;;;9.3;9.5;;rain;13.1;6.15;12.8;5.18;978.8;;;;;;;;;;;10.02.2021 13.05
11/02/2021 16:12:21;11/02/2021;16:12:21;0.0;67.5;1013.0;0.0;0.0;10.5;0.63;0.0;;0.0;3.7;;;;;;59.9;266.0;;;;9.1;9.4;;rain;13.0;6.11;12.7;5.18;978.8;;;;;;;;;;;10.02.2021 13.05
11/02/2021 16:14:30;11/02/2021;16:14:30;0.0;67.5;1013.0;0.0;0.0;10.3;0.64;0.0;;0.0;3.7;;;;;;59.9;266.0;;;;8.9;9.2;;rain;12.9;6.13;12.5;5.18;978.8;;;;;;;;;;;10.02.2021 13.05
11/02/2021 16:16:38;11/02/2021;16:16:38;0.0;45;1013.0;0.0;0.0;10.2;0.64;0.0;;0.0;3.6;;;;;;59.9;266.0;;;;8.8;9.0;;rain;12.8;6.09;12.4;5.18;978.8;;;;;;;;;;;10.02.2021 13.05
11/02/2021 16:18:45;11/02/2021;16:18:45;0.0;45;1013.0;0.0;0.0;10.0;0.64;0.0;;0.0;3.4;;;;;;59.9;266.0;;;;8.6;8.8;;rain;12.7;6.01;12.3;5.18;978.8;;;;;;;;;;;10.02.2021 13.05
11/02/2021 16:20:53;11/02/2021;16:20:53;0.0;45;1013.0;0.0;0.0;9.8;0.63;0.0;;0.0;3.0;;;;;;59.9;266.0;;;;8.3;8.5;;rain;12.5;5.84;12.1;5.18;978.7;;;;;;;;;;;10.02.2021 13.05
11/02/2021 16:23:12;11/02/2021;16:23:12;0.0;45;1013.0;0.0;0.0;9.8;0.63;0.0;;0.0;3.0;;;;;;59.9;266.0;;;;8.3;8.5;;rain;12.5;5.84;12.1;5.18;978.7;;;;;;;;;;;10.02.2021 13.05
11/02/2021 16:25:23;11/02/2021;16:25:23;0.0;247.5;1013.0;0.0;0.0;9.7;0.64;0.0;;0.0;3.1;;;;;;59.9;266.0;;;;8.2;8.4;;rain;12.5;5.9;12.0;5.18;978.7;;;;;;;;;;;10.02.2021 13.05
11/02/2021 16:27:42;11/02/2021;16:27:42;0.0;315;1013.0;0.0;0.0;9.6;0.65;0.0;;0.0;3.3;;;;;;59.9;266.0;;;;8.2;8.3;;rain;12.4;5.95;12.0;5.18;978.7;;;;;;;;;;;10.02.2021 13.05
11/02/2021 16:29:50;11/02/2021;16:29:50;0.0;225;1013.0;0.0;0.0;9.4;0.66;0.0;;0.0;3.3;;;;;;59.9;266.0;;;;8.0;8.1;;rain;12.3;5.97;11.8;5.18;978.7;;;;;;;;;;;10.02.2021 13.05
11/02/2021 16:32:00;11/02/2021;16:32:00;0.0;247.5;1013.0;0.0;0.0;9.2;0.67;0.0;;0.0;3.3;;;;;;59.9;266.0;;;;7.8;7.9;;rain;12.2;5.98;11.6;5.18;978.7;;;;;;;;;;;10.02.2021 13.05
11/02/2021 16:34:16;11/02/2021;16:34:16;0.0;225;1013.0;0.0;0.0;9.0;0.66;0.0;;0.0;2.9;;;;;;59.9;266.0;;;;7.5;7.6;;rain;12.0;5.82;11.5;5.18;978.6;;;;;;;;;;;10.02.2021 13.05
11/02/2021 16:36:22;11/02/2021;16:36:22;0.0;247.5;1013.0;0.0;0.0;8.8;0.66;0.0;;0.0;2.7;;;;;;59.9;266.0;;;;7.3;7.4;;rain;11.9;5.74;11.3;5.18;978.6;;;;;;;;;;;10.02.2021 13.05
11/02/2021 16:38:31;11/02/2021;16:38:31;0.0;247.5;1013.0;0.0;0.0;8.7;0.67;0.0;;0.0;2.8;;;;;;59.9;266.0;;;;7.2;7.3;;rain;11.8;5.79;11.3;5.18;978.6;;;;;;;;;;;10.02.2021 13.05
