timestamp_string;timestamp_string_date;timestamp_string_time;wind_speed_knots;wind_direction_deg;barometric_pressure_ssl_hPa;rain_today_mm;rain_rate_mmh;temperature_cels;rel_humidity;uv_index;heat_index_cels;wind_gust_knots;dew_point_cels;wind_chill_cels;ground_temperature_cels;solar_irradiance_wpsm;rel_leaf_wetness;soil_moisture_cb;rain_this_month_mm;rain_this_year_mm;evapotranspiration_today_mm;evapotranspiration_this_month_mm;evapotranspiration_this_year_mm;perceived_temperature_cels;humidex_cels;wind_temperature_cels;current_weather;wet_bulb_temperature_cels;absolute_humidity_gm3;saturated_vapor_pressure_hPa;windrun_km;barometric_pressure_wsl_hPa;average_wind_speed_knots;storm_rain_mmm, rain_in_last_storm_event_mm;cloud_height_m;air_density_kgm3;rel_equilibrium_moisture_content;wind_force_beaufort_desc;moon_phase_desc;sunrise_timestamp;sunset_timestamp
03/02/2021 10:01:17;03/02/2021;10:01:17;0.0;225;1016.0;0.0;0.0;2.7;0.94;0.0;;0.0;1.8;;;;;;;;;;;1.0;1.0;;;8.2;5.48;7.4;0.0;980.8;;;;;;;;;;
03/02/2021 10:04:35;03/02/2021;10:04:35;0.0;225;1016.0;0.0;0.0;2.7;0.93;0.0;;0.0;1.7;;;;;;;;;;;1.0;1.0;;;8.2;5.42;7.4;0.0;980.8;;;;;;;;;;
03/02/2021 10:06:47;03/02/2021;10:06:47;0.0;225;1016.0;0.0;0.0;2.8;0.93;0.0;;0.0;1.8;;;;;;;;;;;1.1;1.1;;;8.3;5.46;7.5;0.0;980.8;;;;;;;;;;
03/02/2021 10:08:55;03/02/2021;10:08:55;0.0;225;1016.0;0.0;0.0;2.8;0.93;0.0;;0.0;1.8;;;;;;;;;;;1.1;1.1;;;8.3;5.46;7.5;0.0;980.8;;;;;;;;;;
03/02/2021 10:10:19;03/02/2021;10:10:19;0.0;225;1016.0;0.0;0.0;2.8;0.93;0.0;;0.0;1.8;;;;;;;;;;;1.1;1.1;;;8.3;5.46;7.5;0.0;980.8;;;;;;;;;;
03/02/2021 10:12:40;03/02/2021;10:12:40;0.0;225;1016.0;0.0;0.0;2.9;0.93;0.0;;0.0;1.9;;;;;;;;;;;1.2;1.2;;;8.3;5.49;7.5;0.0;980.8;;;;;;;;;;
03/02/2021 10:15:40;03/02/2021;10:15:40;0.0;225;1016.0;0.0;0.0;2.9;0.93;0.0;;0.0;1.9;;;;;;;;;;;1.2;1.2;;;8.3;5.49;7.5;0.0;980.8;;;;;;;;;;
03/02/2021 10:17:48;03/02/2021;10:17:48;0.0;225;1016.0;0.0;0.0;2.9;0.93;0.0;;0.0;1.9;;;;;;;;;;;1.2;1.2;;;8.3;5.49;7.5;0.0;980.8;;;;;;;;;;
03/02/2021 10:20:00;03/02/2021;10:20:00;0.0;225;1016.0;0.0;0.0;3.0;0.93;0.0;;0.0;2.0;;;;;;;;;;;1.3;1.4;;;8.4;5.53;7.6;0.0;980.8;;;;;;;;;;
03/02/2021 10:22:12;03/02/2021;10:22:12;0.0;225;1016.0;0.0;0.0;3.0;0.92;0.0;;0.0;1.8;;;;;;;;;;;1.3;1.3;;;8.4;5.47;7.6;0.0;980.8;;;;;;;;;;
03/02/2021 10:24:27;03/02/2021;10:24:27;0.0;225;1016.0;0.0;0.0;3.0;0.92;0.0;;0.0;1.8;;;;;;;;;;;1.3;1.3;;;8.4;5.47;7.6;0.0;980.8;;;;;;;;;;
03/02/2021 11:19:12;03/02/2021;11:19:12;0.0;225;1016.0;0.0;0.0;4.2;0.89;0.0;;0.0;2.5;;;;;;;;;;;2.6;2.7;;;9.2;5.74;8.3;0.0;981.0;;;;;;;;;;
03/02/2021 11:21:24;03/02/2021;11:21:24;0.0;225;1016.0;0.0;0.0;4.1;0.9;0.0;;0.0;2.6;;;;;;;;;;;2.5;2.6;;;9.2;5.76;8.2;0.0;980.9;;;;;;;;;;
03/02/2021 11:23:40;03/02/2021;11:23:40;0.0;225;1016.0;0.0;0.0;4.0;0.89;0.0;;0.0;2.3;;;;;;;;;;;2.4;2.5;;;9.0;5.66;8.1;0.0;980.9;;;;;;;;;;
03/02/2021 11:25:58;03/02/2021;11:25:58;0.0;225;1016.0;0.0;0.0;4.0;0.89;0.0;;0.0;2.3;;;;;;;;;;;2.4;2.5;;;9.0;5.66;8.1;0.0;980.9;;;;;;;;;;
03/02/2021 15:17:31;03/02/2021;15:17:31;0.0;225;1014.0;0.0;0.0;5.1;0.87;0.0;;0.0;3.1;;;;;;;;;;;3.6;3.8;;;9.8;5.95;8.8;0.0;979.1;;;;;;;;;;
03/02/2021 15:19:43;03/02/2021;15:19:43;0.0;225;1013.0;0.0;0.0;5.1;0.87;0.0;;0.0;3.1;;;;;;;;;;;3.6;3.8;;;9.8;5.95;8.8;0.0;978.2;;;;;;;;;;
03/02/2021 15:21:59;03/02/2021;15:21:59;0.0;225;1013.0;0.0;0.0;5.1;0.86;0.0;;0.0;2.9;;;;;;;;;;;3.6;3.7;;;9.8;5.88;8.8;0.0;978.2;;;;;;;;;;
03/02/2021 15:24:12;03/02/2021;15:24:12;0.0;225;1013.0;0.0;0.0;5.1;0.86;0.0;;0.0;2.9;;;;;;;;;;;3.6;3.7;;;9.8;5.88;8.8;0.0;978.2;;;;;;;;;;
03/02/2021 15:26:24;03/02/2021;15:26:24;0.0;225;1013.0;0.0;0.0;5.2;0.87;0.0;;0.0;3.2;;;;;;;;;;;3.7;3.9;;;9.9;5.99;8.8;0.0;978.2;;;;;;;;;;
03/02/2021 15:28:35;03/02/2021;15:28:35;0.0;225;1013.0;0.0;0.0;5.2;0.87;0.0;;0.0;3.2;;;;;;;;;;;3.7;3.9;;;9.9;5.99;8.8;0.0;978.2;;;;;;;;;;
03/02/2021 15:30:51;03/02/2021;15:30:51;0.0;225;1013.0;0.0;0.0;5.1;0.87;0.0;;0.0;3.1;;;;;;;;;;;3.6;3.8;;;9.8;5.95;8.8;0.0;978.2;;;;;;;;;;
03/02/2021 15:51:35;03/02/2021;15:51:35;0.0;225;1013.0;0.0;0.0;4.8;0.88;0.0;;0.0;3.0;;;;;;;;;;;3.3;3.5;;;9.6;5.9;8.6;0.0;978.1;;;;;;;;;;
03/02/2021 15:53:47;03/02/2021;15:53:47;0.0;225;1013.0;0.0;0.0;4.6;0.88;0.0;;0.0;2.8;;;;;;;;;;;3.1;3.2;;;9.5;5.82;8.5;0.0;978.1;;;;;;;;;;
03/02/2021 15:57:28;03/02/2021;15:57:28;0.0;225;1013.0;0.0;0.0;4.6;0.88;0.0;;0.0;2.8;;;;;;;;;;;3.1;3.2;;;9.5;5.82;8.5;0.0;978.1;;;;;;;;;;
03/02/2021 15:59:36;03/02/2021;15:59:36;0.0;225;1013.0;0.0;0.0;4.5;0.88;0.0;;0.0;2.7;;;;;;;;;;;2.9;3.1;;;9.4;5.79;8.4;0.0;978.1;;;;;;;;;;
03/02/2021 16:01:49;03/02/2021;16:01:49;0.0;225;1013.0;0.0;0.0;4.5;0.89;0.0;;0.0;2.8;;;;;;;;;;;3.0;3.1;;;9.4;5.85;8.4;0.0;978.1;;;;;;;;;;
03/02/2021 16:06:00;03/02/2021;16:06:00;0.0;225;1013.0;0.0;0.0;4.5;0.89;0.0;;0.0;2.8;;;;;;;;;;;3.0;3.1;;;9.4;5.85;8.4;0.0;978.1;;;;;;;;;;
03/02/2021 16:08:14;03/02/2021;16:08:14;0.0;225;1013.0;0.0;0.0;4.5;0.89;0.0;;0.0;2.8;;;;;;;;;;;3.0;3.1;;;9.4;5.85;8.4;0.0;978.1;;;;;;;;;;
03/02/2021 16:10:24;03/02/2021;16:10:24;0.0;225;1013.0;0.0;0.0;4.5;0.89;0.0;;0.0;2.8;;;;;;;;;;;3.0;3.1;;;9.4;5.85;8.4;0.0;978.1;;;;;;;;;;
03/02/2021 16:12:32;03/02/2021;16:12:32;0.0;225;1013.0;0.0;0.0;4.5;0.89;0.0;;0.0;2.8;;;;;;;;;;;3.0;3.1;;;9.4;5.85;8.4;0.0;978.1;;;;;;;;;;
03/02/2021 18:14:59;03/02/2021;18:14:59;0.0;225;1013.0;0.0;0.0;4.4;0.89;0.0;;0.0;2.7;;;;;;;;;;;2.9;3.0;;;9.4;5.81;8.4;0.0;978.1;;;;;;;;;;
03/02/2021 18:17:07;03/02/2021;18:17:07;0.0;225;1013.0;0.0;0.0;2.6;0.95;0.0;;0.0;1.9;;;;;;;;;;;0.9;0.9;;;8.2;5.5;7.4;0.0;977.9;;;;;;;;;;
03/02/2021 18:19:15;03/02/2021;18:19:15;0.0;225;1013.0;0.0;0.0;2.5;0.95;0.0;;0.0;1.8;;;;;;;;;;;0.8;0.8;;;8.1;5.46;7.3;0.0;977.8;;;;;;;;;;
03/02/2021 18:21:24;03/02/2021;18:21:24;0.0;225;1013.0;0.0;0.0;2.5;0.95;0.0;;0.0;1.8;;;;;;;;;;;0.8;0.8;;;8.1;5.46;7.3;0.0;977.8;;;;;;;;;;
03/02/2021 18:23:30;03/02/2021;18:23:30;0.0;225;1013.0;0.0;0.0;2.5;0.95;0.0;;0.0;1.8;;;;;;;;;;;0.8;0.8;;;8.1;5.46;7.3;0.0;977.8;;;;;;;;;;
03/02/2021 18:25:36;03/02/2021;18:25:36;0.0;225;1013.0;0.0;0.0;2.4;0.95;0.0;;0.0;1.7;;;;;;;;;;;0.7;0.7;;;8.0;5.43;7.3;0.0;977.8;;;;;;;;;;
03/02/2021 18:27:45;03/02/2021;18:27:45;0.0;225;1013.0;0.0;0.0;2.4;0.95;0.0;;0.0;1.7;;;;;;;;;;;0.7;0.7;;;8.0;5.43;7.3;0.0;977.8;;;;;;;;;;
03/02/2021 18:30:03;03/02/2021;18:30:03;0.0;225;1013.0;0.0;0.0;2.4;0.95;0.0;;0.0;1.7;;;;;;;;;;;0.7;0.7;;;8.0;5.43;7.3;0.0;977.8;;;;;;;;;;
03/02/2021 18:32:13;03/02/2021;18:32:13;0.0;225;1013.0;0.0;0.0;2.4;0.95;0.0;;0.0;1.7;;;;;;;;;;;0.7;0.7;;;8.0;5.43;7.3;0.0;977.8;;;;;;;;;;
03/02/2021 18:34:28;03/02/2021;18:34:28;0.0;225;1013.0;0.0;0.0;2.4;0.95;0.0;;0.0;1.7;;;;;;;;;;;0.7;0.7;;;8.0;5.43;7.3;0.0;977.8;;;;;;;;;;
03/02/2021 18:36:49;03/02/2021;18:36:49;0.0;225;1013.0;0.0;0.0;2.3;0.95;0.0;;0.0;1.6;;;;;;;;;;;0.6;0.6;;;7.9;5.39;7.2;0.0;977.8;;;;;;;;;;
03/02/2021 18:39:01;03/02/2021;18:39:01;0.0;225;1013.0;0.0;0.0;2.3;0.95;0.0;;0.0;1.6;;;;;;;;;;;0.6;0.6;;;7.9;5.39;7.2;0.0;977.8;;;;;;;;;;
03/02/2021 18:41:28;03/02/2021;18:41:28;0.0;225;1013.0;0.0;0.0;2.4;0.96;0.0;;0.0;1.8;;;;;;;;;;;0.7;0.7;;;8.0;5.48;7.3;0.0;977.8;;;;;;;;;;
03/02/2021 18:43:41;03/02/2021;18:43:41;0.0;225;1013.0;0.0;0.0;2.4;0.95;0.0;;0.0;1.7;;;;;;;;;;;0.7;0.7;;;8.0;5.43;7.3;0.0;977.8;;;;;;;;;;
03/02/2021 18:45:55;03/02/2021;18:45:55;0.0;225;1013.0;0.0;0.0;2.4;0.95;0.0;;0.0;1.7;;;;;;;;;;;0.7;0.7;;;8.0;5.43;7.3;0.0;977.8;;;;;;;;;;
03/02/2021 18:48:07;03/02/2021;18:48:07;0.0;225;1013.0;0.0;0.0;2.5;0.95;0.0;;0.0;1.8;;;;;;;;;;;0.8;0.8;;;8.1;5.46;7.3;0.0;977.8;;;;;;;;;;
03/02/2021 18:50:24;03/02/2021;18:50:24;0.0;225;1013.0;0.0;0.0;2.5;0.95;0.0;;0.0;1.8;;;;;;;;;;;0.8;0.8;;;8.1;5.46;7.3;0.0;977.8;;;;;;;;;;
03/02/2021 18:52:32;03/02/2021;18:52:32;0.0;225;1013.0;0.0;0.0;2.5;0.95;0.0;;0.0;1.8;;;;;;;;;;;0.8;0.8;;;8.1;5.46;7.3;0.0;977.8;;;;;;;;;;
03/02/2021 18:54:50;03/02/2021;18:54:50;0.0;225;1013.0;0.0;0.0;2.5;0.95;0.0;;0.0;1.8;;;;;;;;;;;0.8;0.8;;;8.1;5.46;7.3;0.0;977.8;;;;;;;;;;
03/02/2021 18:57:06;03/02/2021;18:57:06;0.0;225;1013.0;0.0;0.0;2.4;0.95;0.0;;0.0;1.7;;;;;;;;;;;0.7;0.7;;;8.0;5.43;7.3;0.0;977.8;;;;;;;;;;
03/02/2021 18:59:15;03/02/2021;18:59:15;0.0;225;1013.0;0.0;0.0;2.4;0.95;0.0;;0.0;1.7;;;;;;;;;;;0.7;0.7;;;8.0;5.43;7.3;0.0;977.8;;;;;;;;;;
03/02/2021 19:01:22;03/02/2021;19:01:22;0.0;225;1013.0;0.0;0.0;2.3;0.95;0.0;;0.0;1.6;;;;;;;;;;;0.6;0.6;;;7.9;5.39;7.2;0.0;977.8;;;;;;;;;;
03/02/2021 19:03:34;03/02/2021;19:03:34;0.0;225;1013.0;0.0;0.0;2.3;0.95;0.0;;0.0;1.6;;;;;;;;;;;0.6;0.6;;;7.9;5.39;7.2;0.0;977.8;;;;;;;;;;
03/02/2021 19:05:46;03/02/2021;19:05:46;0.0;225;1013.0;0.0;0.0;2.3;0.95;0.0;;0.0;1.6;;;;;;;;;;;0.6;0.6;;;7.9;5.39;7.2;0.0;977.8;;;;;;;;;;
03/02/2021 19:08:26;03/02/2021;19:08:26;0.0;225;1013.0;0.0;0.0;2.2;0.95;0.0;;0.0;1.5;;;;;;;;;;;0.4;0.4;;;7.9;5.35;7.2;0.0;977.8;;;;;;;;;;
03/02/2021 19:10:37;03/02/2021;19:10:37;0.0;225;1013.0;0.0;0.0;2.3;0.95;0.0;;0.0;1.6;;;;;;;;;;;0.6;0.6;;;7.9;5.39;7.2;0.0;977.8;;;;;;;;;;
03/02/2021 19:12:51;03/02/2021;19:12:51;0.0;225;1013.0;0.0;0.0;2.3;0.95;0.0;;0.0;1.6;;;;;;;;;;;0.6;0.6;;;7.9;5.39;7.2;0.0;977.8;;;;;;;;;;
03/02/2021 19:15:34;03/02/2021;19:15:34;0.0;225;1013.0;0.0;0.0;2.2;0.96;0.0;;0.0;1.6;;;;;;;;;;;0.5;0.5;;;7.9;5.41;7.2;0.0;977.8;;;;;;;;;;
03/02/2021 19:17:47;03/02/2021;19:17:47;0.0;225;1013.0;0.0;0.0;2.2;0.96;0.0;;0.0;1.6;;;;;;;;;;;0.5;0.5;;;7.9;5.41;7.2;0.0;977.8;;;;;;;;;;
03/02/2021 19:19:59;03/02/2021;19:19:59;0.0;225;1013.0;0.0;0.0;2.2;0.95;0.0;;0.0;1.5;;;;;;;;;;;0.4;0.4;;;7.9;5.35;7.2;0.0;977.8;;;;;;;;;;
03/02/2021 19:22:07;03/02/2021;19:22:07;0.0;225;1013.0;0.0;0.0;2.2;0.95;0.0;;0.0;1.5;;;;;;;;;;;0.4;0.4;;;7.9;5.35;7.2;0.0;977.8;;;;;;;;;;
03/02/2021 19:25:00;03/02/2021;19:25:00;0.0;225;1013.0;0.0;0.0;2.1;0.95;0.0;;0.0;1.4;;;;;;;;;;;0.3;0.3;;;7.8;5.32;7.1;0.0;977.8;;;;;;;;;;
03/02/2021 19:27:16;03/02/2021;19:27:16;0.0;225;1013.0;0.0;0.0;2.1;0.96;0.0;;0.0;1.5;;;;;;;;;;;0.3;0.3;;;7.8;5.37;7.1;0.0;977.8;;;;;;;;;;
03/02/2021 19:29:25;03/02/2021;19:29:25;0.0;225;1013.0;0.0;0.0;2.1;0.96;0.0;;0.0;1.5;;;;;;;;;;;0.3;0.3;;;7.8;5.37;7.1;0.0;977.8;;;;;;;;;;
03/02/2021 19:31:33;03/02/2021;19:31:33;0.0;225;1013.0;0.0;0.0;2.1;0.96;0.0;;0.0;1.5;;;;;;;;;;;0.3;0.3;;;7.8;5.37;7.1;0.0;977.8;;;;;;;;;;
03/02/2021 19:33:43;03/02/2021;19:33:43;0.0;225;1013.0;0.0;0.0;2.1;0.96;0.0;;0.0;1.5;;;;;;;;;;;0.3;0.3;;;7.8;5.37;7.1;0.0;977.8;;;;;;;;;;
03/02/2021 19:35:50;03/02/2021;19:35:50;0.0;225;1013.0;0.0;0.0;2.1;0.96;0.0;;0.0;1.5;;;;;;;;;;;0.3;0.3;;;7.8;5.37;7.1;0.0;977.8;;;;;;;;;;
03/02/2021 19:38:13;03/02/2021;19:38:13;0.0;225;1013.0;0.0;0.0;2.1;0.96;0.0;;0.0;1.5;;;;;;;;;;;0.3;0.3;;;7.8;5.37;7.1;0.0;977.8;;;;;;;;;;
03/02/2021 19:40:19;03/02/2021;19:40:19;0.0;225;1013.0;0.0;0.0;2.0;0.96;0.0;;0.0;1.4;;;;;;;;;;;0.2;0.2;;;7.7;5.34;7.1;0.0;977.8;;;;;;;;;;
03/02/2021 19:42:29;03/02/2021;19:42:29;0.0;225;1013.0;0.0;0.0;2.0;0.96;0.0;;0.0;1.4;;;;;;;;;;;0.2;0.2;;;7.7;5.34;7.1;0.0;977.8;;;;;;;;;;
03/02/2021 19:44:36;03/02/2021;19:44:36;0.0;225;1013.0;0.0;0.0;2.1;0.96;0.0;;0.0;1.5;;;;;;;;;;;0.3;0.3;;;7.8;5.37;7.1;0.0;977.8;;;;;;;;;;
03/02/2021 19:46:49;03/02/2021;19:46:49;0.0;225;1013.0;0.0;0.0;2.1;0.96;0.0;;0.0;1.5;;;;;;;;;;;0.3;0.3;;;7.8;5.37;7.1;0.0;977.8;;;;;;;;;;
03/02/2021 19:48:54;03/02/2021;19:48:54;0.0;225;1013.0;0.0;0.0;2.2;0.96;0.0;;0.0;1.6;;;;;;;;;;;0.5;0.5;;;7.9;5.41;7.2;0.0;977.8;;;;;;;;;;
03/02/2021 19:51:02;03/02/2021;19:51:02;0.0;225;1013.0;0.0;0.0;2.2;0.96;0.0;;0.0;1.6;;;;;;;;;;;0.5;0.5;;;7.9;5.41;7.2;0.0;977.8;;;;;;;;;;
03/02/2021 19:53:13;03/02/2021;19:53:13;0.0;225;1013.0;0.0;0.0;2.2;0.96;0.0;;0.0;1.6;;;;;;;;;;;0.5;0.5;;;7.9;5.41;7.2;0.0;977.8;;;;;;;;;;
03/02/2021 19:58:05;03/02/2021;19:58:05;0.0;225;1013.0;0.0;0.0;2.1;0.96;0.0;;0.0;1.6;;;;;;;;;;;0.5;0.5;;;7.9;5.41;7.2;0.0;977.8;;;;;;;;;;
03/02/2021 20:03:50;03/02/2021;20:03:50;0.0;225;1013.0;0.0;0.0;2.1;0.96;0.0;;0.0;1.5;;;;;;;;;;;0.3;0.3;;;7.8;5.37;7.1;0.0;977.8;;;;;;;;;;
03/02/2021 20:06:32;03/02/2021;20:06:32;0.0;225;1013.0;0.0;0.0;2.1;0.96;0.0;;0.0;1.5;;;;;;;;;;;0.3;0.3;;;7.8;5.37;7.1;0.0;977.8;;;;;;;;;;
03/02/2021 20:08:39;03/02/2021;20:08:39;0.0;225;1013.0;0.0;0.0;2.0;0.96;0.0;;0.0;1.4;;;;;;;;;;;0.2;0.2;;;7.7;5.34;7.1;0.0;977.8;;;;;;;;;;
03/02/2021 20:10:52;03/02/2021;20:10:52;0.0;225;1013.0;0.0;0.0;2.0;0.96;0.0;;0.0;1.4;;;;;;;;;;;0.2;0.2;;;7.7;5.34;7.1;0.0;977.8;;;;;;;;;;
03/02/2021 20:13:55;03/02/2021;20:13:55;0.0;225;1013.0;0.0;0.0;2.0;0.96;0.0;;0.0;1.4;;;;;;;;;;;0.2;0.2;;;7.7;5.34;7.1;0.0;977.8;;;;;;;;;;
03/02/2021 20:16:08;03/02/2021;20:16:08;0.0;225;1013.0;0.0;0.0;2.0;0.96;0.0;;0.0;1.4;;;;;;;;;;;0.2;0.2;;;7.7;5.34;7.1;0.0;977.8;;;;;;;;;;
03/02/2021 20:18:16;03/02/2021;20:18:16;0.0;225;1013.0;0.0;0.0;2.0;0.96;0.0;;0.0;1.4;;;;;;;;;;;0.2;0.2;;;7.7;5.34;7.1;0.0;977.8;;;;;;;;;;
03/02/2021 20:20:23;03/02/2021;20:20:23;0.0;225;1013.0;0.0;0.0;2.0;0.96;0.0;;0.0;1.4;;;;;;;;;;;0.2;0.2;;;7.7;5.34;7.1;0.0;977.8;;;;;;;;;;
03/02/2021 20:23:13;03/02/2021;20:23:13;0.0;225;1013.0;0.0;0.0;2.0;0.96;0.0;;0.0;1.4;;;;;;;;;;;0.2;0.2;;;7.7;5.34;7.1;0.0;977.8;;;;;;;;;;
03/02/2021 20:25:25;03/02/2021;20:25:25;0.0;225;1013.0;0.0;0.0;1.9;0.96;0.0;;0.0;1.3;;;;;;;;;;;0.1;0.1;;;7.7;5.3;7.0;0.0;977.8;;;;;;;;;;
03/02/2021 20:27:33;03/02/2021;20:27:33;0.0;225;1013.0;0.0;0.0;1.9;0.96;0.0;;0.0;1.3;;;;;;;;;;;0.1;0.1;;;7.7;5.3;7.0;0.0;977.8;;;;;;;;;;
03/02/2021 20:29:45;03/02/2021;20:29:45;0.0;225;1013.0;0.0;0.0;1.9;0.97;0.0;;0.0;1.5;;;;;;;;;;;0.1;0.1;;;7.7;5.36;7.0;0.0;977.8;;;;;;;;;;
03/02/2021 20:31:52;03/02/2021;20:31:52;0.0;225;1013.0;0.0;0.0;1.9;0.97;0.0;;0.0;1.5;;;;;;;;;;;0.1;0.1;;;7.7;5.36;7.0;0.0;977.8;;;;;;;;;;
03/02/2021 20:34:04;03/02/2021;20:34:04;0.0;225;1013.0;0.0;0.0;2.0;0.97;0.0;;0.0;1.6;;;;;;;;;;;0.3;0.3;;;7.8;5.39;7.1;0.0;977.8;;;;;;;;;;
03/02/2021 20:36:14;03/02/2021;20:36:14;0.0;225;1013.0;0.0;0.0;2.0;0.97;0.0;;0.0;1.6;;;;;;;;;;;0.3;0.3;;;7.8;5.39;7.1;0.0;977.8;;;;;;;;;;
03/02/2021 20:38:21;03/02/2021;20:38:21;0.0;225;1013.0;0.0;0.0;2.1;0.97;0.0;;0.0;1.7;;;;;;;;;;;0.4;0.4;;;7.8;5.43;7.1;0.0;977.8;;;;;;;;;;
03/02/2021 20:40:32;03/02/2021;20:40:32;0.0;225;1013.0;0.0;0.0;2.1;0.97;0.0;;0.0;1.7;;;;;;;;;;;0.4;0.4;;;7.8;5.43;7.1;0.0;977.8;;;;;;;;;;
03/02/2021 20:42:40;03/02/2021;20:42:40;0.0;225;1013.0;0.0;0.0;2.1;0.97;0.0;;0.0;1.7;;;;;;;;;;;0.4;0.4;;;7.8;5.43;7.1;0.0;977.8;;;;;;;;;;
03/02/2021 20:44:57;03/02/2021;20:44:57;0.0;225;1013.0;0.0;0.0;2.1;0.97;0.0;;0.0;1.7;;;;;;;;;;;0.4;0.4;;;7.8;5.43;7.1;0.0;977.8;;;;;;;;;;
03/02/2021 20:47:14;03/02/2021;20:47:14;0.0;225;1013.0;0.0;0.0;2.1;0.96;0.0;;0.0;1.5;;;;;;;;;;;0.3;0.3;;;7.8;5.37;7.1;0.0;977.8;;;;;;;;;;
03/02/2021 20:49:23;03/02/2021;20:49:23;0.0;225;1013.0;0.0;0.0;2.1;0.96;0.0;;0.0;1.5;;;;;;;;;;;0.3;0.3;;;7.8;5.37;7.1;0.0;977.8;;;;;;;;;;
03/02/2021 20:51:33;03/02/2021;20:51:33;0.0;225;1013.0;0.0;0.0;2.0;0.96;0.0;;0.0;1.4;;;;;;;;;;;0.2;0.2;;;7.7;5.34;7.1;0.0;977.8;;;;;;;;;;
03/02/2021 20:53:48;03/02/2021;20:53:48;0.0;225;1013.0;0.0;0.0;1.9;0.96;0.0;;0.0;1.3;;;;;;;;;;;0.1;0.1;;;7.7;5.3;7.0;0.0;977.8;;;;;;;;;;
03/02/2021 20:56:40;03/02/2021;20:56:40;0.0;225;1013.0;0.0;0.0;1.9;0.96;0.0;;0.0;1.3;;;;;;;;;;;0.1;0.1;;;7.7;5.3;7.0;0.0;977.8;;;;;;;;;;
03/02/2021 21:00:48;03/02/2021;21:00:48;0.0;225;1013.0;0.0;0.0;1.9;0.96;0.0;;0.0;1.3;;;;;;;;;;;0.1;0.1;;;7.7;5.3;7.0;0.0;977.8;;;;;;;;;;
03/02/2021 21:02:56;03/02/2021;21:02:56;0.0;225;1013.0;0.0;0.0;2.0;0.96;0.0;;0.0;1.4;;;;;;;;;;;0.2;0.2;;;7.7;5.34;7.1;0.0;977.8;;;;;;;;;;
03/02/2021 21:05:03;03/02/2021;21:05:03;0.0;225;1013.0;0.0;0.0;2.0;0.96;0.0;;0.0;1.4;;;;;;;;;;;0.2;0.2;;;7.7;5.34;7.1;0.0;977.8;;;;;;;;;;
03/02/2021 21:07:11;03/02/2021;21:07:11;0.0;225;1013.0;0.0;0.0;2.1;0.96;0.0;;0.0;1.5;;;;;;;;;;;0.3;0.3;;;7.8;5.37;7.1;0.0;977.8;;;;;;;;;;
03/02/2021 21:09:44;03/02/2021;21:09:44;0.0;225;1013.0;0.0;0.0;2.1;0.96;0.0;;0.0;1.5;;;;;;;;;;;0.3;0.3;;;7.8;5.37;7.1;0.0;977.8;;;;;;;;;;
03/02/2021 21:14:35;03/02/2021;21:14:35;0.0;225;1013.0;0.0;0.0;2.1;0.96;0.0;;0.0;1.5;;;;;;;;;;;0.3;0.3;;;7.8;5.37;7.1;0.0;977.8;;;;;;;;;;
03/02/2021 21:18:44;03/02/2021;21:18:44;0.0;225;1013.0;0.0;0.0;2.1;0.96;0.0;;0.0;1.5;;;;;;;;;;;0.3;0.3;;;7.8;5.37;7.1;0.0;977.8;;;;;;;;;;
03/02/2021 21:21:01;03/02/2021;21:21:01;0.0;225;1013.0;0.0;0.0;2.1;0.96;0.0;;0.0;1.5;;;;;;;;;;;0.3;0.3;;;7.8;5.37;7.1;0.0;977.8;;;;;;;;;;
03/02/2021 21:23:13;03/02/2021;21:23:13;0.0;225;1013.0;0.0;0.0;2.0;0.96;0.0;;0.0;1.4;;;;;;;;;;;0.2;0.2;;;7.7;5.34;7.1;0.0;977.8;;;;;;;;;;
03/02/2021 21:25:24;03/02/2021;21:25:24;0.0;225;1013.0;0.0;0.0;2.0;0.96;0.0;;0.0;1.4;;;;;;;;;;;0.2;0.2;;;7.7;5.34;7.1;0.0;977.8;;;;;;;;;;
03/02/2021 21:27:39;03/02/2021;21:27:39;0.0;225;1013.0;0.0;0.0;2.0;0.96;0.0;;0.0;1.4;;;;;;;;;;;0.2;0.2;;;7.7;5.34;7.1;0.0;977.8;;;;;;;;;;
03/02/2021 21:29:59;03/02/2021;21:29:59;0.0;225;1013.0;0.0;0.0;2.0;0.96;0.0;;0.0;1.4;;;;;;;;;;;0.2;0.2;;;7.7;5.34;7.1;0.0;977.8;;;;;;;;;;
03/02/2021 21:32:09;03/02/2021;21:32:09;0.0;225;1013.0;0.0;0.0;2.0;0.96;0.0;;0.0;1.4;;;;;;;;;;;0.2;0.2;;;7.7;5.34;7.1;0.0;977.8;;;;;;;;;;
03/02/2021 21:34:20;03/02/2021;21:34:20;0.0;225;1013.0;0.0;0.0;1.9;0.96;0.0;;0.0;1.3;;;;;;;;;;;0.1;0.1;;;7.7;5.3;7.0;0.0;977.8;;;;;;;;;;
03/02/2021 21:36:31;03/02/2021;21:36:31;0.0;225;1013.0;0.0;0.0;1.9;0.96;0.0;;0.0;1.3;;;;;;;;;;;0.1;0.1;;;7.7;5.3;7.0;0.0;977.8;;;;;;;;;;
03/02/2021 21:38:43;03/02/2021;21:38:43;0.0;225;1013.0;0.0;0.0;1.9;0.96;0.0;;0.0;1.3;;;;;;;;;;;0.1;0.1;;;7.7;5.3;7.0;0.0;977.8;;;;;;;;;;
03/02/2021 21:40:54;03/02/2021;21:40:54;0.0;225;1013.0;0.0;0.0;1.9;0.96;0.0;;0.0;1.3;;;;;;;;;;;0.1;0.1;;;7.7;5.3;7.0;0.0;977.8;;;;;;;;;;
03/02/2021 21:43:01;03/02/2021;21:43:01;0.0;225;1013.0;0.0;0.0;1.9;0.96;0.0;;0.0;1.3;;;;;;;;;;;0.1;0.1;;;7.7;5.3;7.0;0.0;977.8;;;;;;;;;;
03/02/2021 21:45:10;03/02/2021;21:45:10;0.0;225;1013.0;0.0;0.0;1.8;0.96;0.0;;0.0;1.2;;;;;;;;;;;0.0;-0.1;;;7.6;5.27;7.0;0.0;977.8;;;;;;;;;;
03/02/2021 21:47:24;03/02/2021;21:47:24;0.0;225;1013.0;0.0;0.0;1.8;0.97;0.0;;0.0;1.4;;;;;;;;;;;0.0;0.0;;;7.6;5.32;7.0;0.0;977.8;;;;;;;;;;
03/02/2021 21:49:53;03/02/2021;21:49:53;0.0;225;1013.0;0.0;0.0;1.8;0.96;0.0;;0.0;1.2;;;;;;;;;;;0.0;-0.1;;;7.6;5.27;7.0;0.0;977.8;;;;;;;;;;
03/02/2021 21:53:44;03/02/2021;21:53:44;0.0;225;1013.0;0.0;0.0;1.8;0.96;0.0;;0.0;1.2;;;;;;;;;;;0.0;-0.1;;;7.6;5.27;7.0;0.0;977.8;;;;;;;;;;
03/02/2021 21:56:02;03/02/2021;21:56:02;0.0;225;1013.0;0.0;0.0;1.8;0.97;0.0;;0.0;1.4;;;;;;;;;;;0.0;0.0;;;7.6;5.32;7.0;0.0;977.8;;;;;;;;;;
03/02/2021 21:58:10;03/02/2021;21:58:10;0.0;225;1013.0;0.0;0.0;1.8;0.97;0.0;;0.0;1.4;;;;;;;;;;;0.0;0.0;;;7.6;5.32;7.0;0.0;977.8;;;;;;;;;;
03/02/2021 22:00:21;03/02/2021;22:00:21;0.0;225;1013.0;0.0;0.0;1.8;0.96;0.0;;0.0;1.2;;;;;;;;;;;0.0;-0.1;;;7.6;5.27;7.0;0.0;977.8;;;;;;;;;;
03/02/2021 22:02:29;03/02/2021;22:02:29;0.0;225;1013.0;0.0;0.0;1.8;0.96;0.0;;0.0;1.2;;;;;;;;;;;0.0;-0.1;;;7.6;5.27;7.0;0.0;977.8;;;;;;;;;;
04/02/2021 00:04:47;04/02/2021;00:04:47;0.0;225;1013.0;0.0;0.0;1.8;0.97;0.0;;0.0;1.4;;;;;;;;;;;0.0;0.0;;;7.6;5.32;7.0;0.0;977.8;;;;;;;;;;
04/02/2021 00:06:56;04/02/2021;00:06:56;0.0;225;1013.0;0.0;0.0;1.8;0.97;0.0;;0.0;1.4;;;;;;;;;;;0.0;0.0;;;7.6;5.32;7.0;0.0;977.8;;;;;;;;;;
04/02/2021 00:09:03;04/02/2021;00:09:03;0.0;225;1013.0;0.0;0.0;1.8;0.97;0.0;;0.0;1.4;;;;;;;;;;;0.0;0.0;;;7.6;5.32;7.0;0.0;977.8;;;;;;;;;;
04/02/2021 00:11:13;04/02/2021;00:11:13;0.0;225;1013.0;0.0;0.0;1.7;0.97;0.0;;0.0;1.3;;;;;;;;;;;-0.1;-0.1;;;7.5;5.28;6.9;0.0;977.7;;;;;;;;;;
04/02/2021 00:13:22;04/02/2021;00:13:22;0.0;225;1013.0;0.0;0.0;1.7;0.97;0.0;;0.0;1.3;;;;;;;;;;;-0.1;-0.1;;;7.5;5.28;6.9;0.0;977.7;;;;;;;;;;
04/02/2021 00:15:29;04/02/2021;00:15:29;0.0;225;1013.0;0.0;0.0;1.6;0.97;0.0;;0.0;1.2;;;;;;;;;;;-0.2;-0.3;;;7.5;5.25;6.9;0.0;977.7;;;;;;;;;;
04/02/2021 00:17:36;04/02/2021;00:17:36;0.0;225;1013.0;0.0;0.0;1.6;0.97;0.0;;0.0;1.2;;;;;;;;;;;-0.2;-0.3;;;7.5;5.25;6.9;0.0;977.7;;;;;;;;;;
04/02/2021 00:19:44;04/02/2021;00:19:44;0.0;225;1013.0;0.0;0.0;1.6;0.97;0.0;;0.0;1.2;;;;;;;;;;;-0.2;-0.3;;;7.5;5.25;6.9;0.0;977.7;;;;;;;;;;
04/02/2021 00:21:50;04/02/2021;00:21:50;0.0;225;1013.0;0.0;0.0;1.6;0.97;0.0;;0.0;1.2;;;;;;;;;;;-0.2;-0.3;;;7.5;5.25;6.9;0.0;977.7;;;;;;;;;;
04/02/2021 00:23:57;04/02/2021;00:23:57;0.0;225;1013.0;0.0;0.0;1.6;0.97;0.0;;0.0;1.2;;;;;;;;;;;-0.2;-0.3;;;7.5;5.25;6.9;0.0;977.7;;;;;;;;;;
04/02/2021 00:26:04;04/02/2021;00:26:04;0.0;225;1013.0;0.0;0.0;1.7;0.97;0.0;;0.0;1.3;;;;;;;;;;;-0.1;-0.1;;;7.5;5.28;6.9;0.0;977.7;;;;;;;;;;
04/02/2021 00:28:10;04/02/2021;00:28:10;0.0;225;1013.0;0.0;0.0;1.7;0.97;0.0;;0.0;1.3;;;;;;;;;;;-0.1;-0.1;;;7.5;5.28;6.9;0.0;977.7;;;;;;;;;;
04/02/2021 00:30:17;04/02/2021;00:30:17;0.0;225;1013.0;0.0;0.0;1.7;0.97;0.0;;0.0;1.3;;;;;;;;;;;-0.1;-0.1;;;7.5;5.28;6.9;0.0;977.7;;;;;;;;;;
04/02/2021 00:32:30;04/02/2021;00:32:30;0.0;225;1013.0;0.0;0.0;1.7;0.97;0.0;;0.0;1.3;;;;;;;;;;;-0.1;-0.1;;;7.5;5.28;6.9;0.0;977.7;;;;;;;;;;
04/02/2021 00:34:37;04/02/2021;00:34:37;0.0;225;1014.0;0.0;0.0;1.7;0.97;0.0;;0.0;1.3;;;;;;;;;;;-0.1;-0.1;;;7.5;5.28;6.9;0.0;978.7;;;;;;;;;;
04/02/2021 00:36:43;04/02/2021;00:36:43;0.0;225;1014.0;0.0;0.0;1.7;0.97;0.0;;0.0;1.3;;;;;;;;;;;-0.1;-0.1;;;7.5;5.28;6.9;0.0;978.7;;;;;;;;;;
04/02/2021 00:38:53;04/02/2021;00:38:53;0.0;225;1014.0;0.0;0.0;1.7;0.97;0.0;;0.0;1.3;;;;;;;;;;;-0.1;-0.1;;;7.5;5.28;6.9;0.0;978.7;;;;;;;;;;
04/02/2021 00:41:02;04/02/2021;00:41:02;0.0;225;1014.0;0.0;0.0;1.6;0.97;0.0;;0.0;1.2;;;;;;;;;;;-0.2;-0.3;;;7.5;5.25;6.9;0.0;978.7;;;;;;;;;;
04/02/2021 00:43:13;04/02/2021;00:43:13;0.0;225;1014.0;0.0;0.0;1.6;0.97;0.0;;0.0;1.2;;;;;;;;;;;-0.2;-0.3;;;7.5;5.25;6.9;0.0;978.7;;;;;;;;;;
04/02/2021 00:45:21;04/02/2021;00:45:21;0.0;225;1014.0;0.0;0.0;1.6;0.97;0.0;;0.0;1.2;;;;;;;;;;;-0.2;-0.3;;;7.5;5.25;6.9;0.0;978.7;;;;;;;;;;
04/02/2021 00:47:36;04/02/2021;00:47:36;0.0;225;1014.0;0.0;0.0;1.5;0.97;0.0;;0.0;1.1;;;;;;;;;;;-0.3;-0.4;;;7.4;5.21;6.8;0.0;978.7;;;;;;;;;;
04/02/2021 00:49:49;04/02/2021;00:49:49;0.0;225;1013.0;0.0;0.0;1.5;0.97;0.0;;0.0;1.1;;;;;;;;;;;-0.3;-0.4;;;7.4;5.21;6.8;0.0;977.7;;;;;;;;;;
04/02/2021 00:52:00;04/02/2021;00:52:00;0.0;225;1013.0;0.0;0.0;1.4;0.97;0.0;;0.0;1.0;;;;;;;;;;;-0.4;-0.5;;;7.3;5.18;6.8;0.0;977.7;;;;;;;;;;
04/02/2021 00:54:12;04/02/2021;00:54:12;0.0;225;1013.0;0.0;0.0;1.4;0.97;0.0;;0.0;1.0;;;;;;;;;;;-0.4;-0.5;;;7.3;5.18;6.8;0.0;977.7;;;;;;;;;;
04/02/2021 00:56:18;04/02/2021;00:56:18;0.0;225;1013.0;0.0;0.0;1.3;0.97;0.0;;0.0;0.9;;;;;;;;;;;-0.6;-0.6;;;7.2;5.14;6.7;0.0;977.7;;;;;;;;;;
04/02/2021 00:58:25;04/02/2021;00:58:25;0.0;225;1013.0;0.0;0.0;1.3;0.97;0.0;;0.0;0.9;;;;;;;;;;;-0.6;-0.6;;;7.2;5.14;6.7;0.0;977.7;;;;;;;;;;
04/02/2021 01:00:32;04/02/2021;01:00:32;0.0;225;1013.0;0.0;0.0;1.3;0.97;0.0;;0.0;0.9;;;;;;;;;;;-0.6;-0.6;;;7.2;5.14;6.7;0.0;977.7;;;;;;;;;;
04/02/2021 01:02:38;04/02/2021;01:02:38;0.0;225;1013.0;0.0;0.0;1.3;0.97;0.0;;0.0;0.9;;;;;;;;;;;-0.6;-0.6;;;7.2;5.14;6.7;0.0;977.7;;;;;;;;;;
04/02/2021 01:04:43;04/02/2021;01:04:43;0.0;225;1013.0;0.0;0.0;1.3;0.98;0.0;;0.0;1.0;;;;;;;;;;;-0.5;-0.6;;;7.3;5.2;6.7;0.0;977.7;;;;;;;;;;
04/02/2021 01:06:49;04/02/2021;01:06:49;0.0;225;1013.0;0.0;0.0;1.3;0.97;0.0;;0.0;0.9;;;;;;;;;;;-0.6;-0.6;;;7.2;5.14;6.7;0.0;977.7;;;;;;;;;;
04/02/2021 01:08:55;04/02/2021;01:08:55;0.0;225;1013.0;0.0;0.0;1.3;0.98;0.0;;0.0;1.0;;;;;;;;;;;-0.5;-0.6;;;7.3;5.2;6.7;0.0;977.7;;;;;;;;;;
04/02/2021 01:11:07;04/02/2021;01:11:07;0.0;225;1013.0;0.0;0.0;1.4;0.98;0.0;;0.0;1.1;;;;;;;;;;;-0.4;-0.5;;;7.3;5.23;6.8;0.0;977.7;;;;;;;;;;
04/02/2021 01:13:14;04/02/2021;01:13:14;0.0;225;1013.0;0.0;0.0;1.5;0.98;0.0;;0.0;1.2;;;;;;;;;;;-0.3;-0.4;;;7.4;5.27;6.8;0.0;977.7;;;;;;;;;;
04/02/2021 01:15:20;04/02/2021;01:15:20;0.0;225;1013.0;0.0;0.0;1.6;0.98;0.0;;0.0;1.3;;;;;;;;;;;-0.2;-0.2;;;7.5;5.3;6.9;0.0;977.7;;;;;;;;;;
04/02/2021 01:17:26;04/02/2021;01:17:26;0.0;225;1013.0;0.0;0.0;1.6;0.98;0.0;;0.0;1.3;;;;;;;;;;;-0.2;-0.2;;;7.5;5.3;6.9;0.0;977.7;;;;;;;;;;
04/02/2021 01:19:36;04/02/2021;01:19:36;0.0;225;1014.0;0.0;0.0;1.7;0.98;0.0;;0.0;1.4;;;;;;;;;;;-0.1;-0.1;;;7.6;5.34;6.9;0.0;978.7;;;;;;;;;;
04/02/2021 01:21:44;04/02/2021;01:21:44;0.0;225;1014.0;0.0;0.0;1.7;0.98;0.0;;0.0;1.4;;;;;;;;;;;-0.1;-0.1;;;7.6;5.34;6.9;0.0;978.7;;;;;;;;;;
04/02/2021 01:23:53;04/02/2021;01:23:53;0.0;225;1014.0;0.0;0.0;1.7;0.98;0.0;;0.0;1.4;;;;;;;;;;;-0.1;-0.1;;;7.6;5.34;6.9;0.0;978.7;;;;;;;;;;
04/02/2021 01:26:02;04/02/2021;01:26:02;0.0;225;1014.0;0.0;0.0;1.7;0.98;0.0;;0.0;1.4;;;;;;;;;;;-0.1;-0.1;;;7.6;5.34;6.9;0.0;978.7;;;;;;;;;;
04/02/2021 01:28:09;04/02/2021;01:28:09;0.0;225;1014.0;0.0;0.0;1.7;0.98;0.0;;0.0;1.4;;;;;;;;;;;-0.1;-0.1;;;7.6;5.34;6.9;0.0;978.7;;;;;;;;;;
04/02/2021 01:30:21;04/02/2021;01:30:21;0.0;225;1014.0;0.0;0.0;1.7;0.98;0.0;;0.0;1.4;;;;;;;;;;;-0.1;-0.1;;;7.6;5.34;6.9;0.0;978.7;;;;;;;;;;
04/02/2021 01:32:27;04/02/2021;01:32:27;0.0;225;1014.0;0.0;0.0;1.7;0.98;0.0;;0.0;1.4;;;;;;;;;;;-0.1;-0.1;;;7.6;5.34;6.9;0.0;978.7;;;;;;;;;;
04/02/2021 01:34:34;04/02/2021;01:34:34;0.0;225;1014.0;0.0;0.0;1.7;0.98;0.0;;0.0;1.4;;;;;;;;;;;-0.1;-0.1;;;7.6;5.34;6.9;0.0;978.7;;;;;;;;;;
04/02/2021 01:36:40;04/02/2021;01:36:40;0.0;225;1014.0;0.0;0.0;1.7;0.98;0.0;;0.0;1.4;;;;;;;;;;;-0.1;-0.1;;;7.6;5.34;6.9;0.0;978.7;;;;;;;;;;
04/02/2021 01:38:47;04/02/2021;01:38:47;0.0;225;1014.0;0.0;0.0;1.7;0.98;0.0;;0.0;1.4;;;;;;;;;;;-0.1;-0.1;;;7.6;5.34;6.9;0.0;978.7;;;;;;;;;;
04/02/2021 01:40:53;04/02/2021;01:40:53;0.0;225;1014.0;0.0;0.0;1.7;0.98;0.0;;0.0;1.4;;;;;;;;;;;-0.1;-0.1;;;7.6;5.34;6.9;0.0;978.7;;;;;;;;;;
04/02/2021 01:42:59;04/02/2021;01:42:59;0.0;225;1014.0;0.0;0.0;1.7;0.98;0.0;;0.0;1.4;;;;;;;;;;;-0.1;-0.1;;;7.6;5.34;6.9;0.0;978.7;;;;;;;;;;
04/02/2021 01:45:07;04/02/2021;01:45:07;0.0;225;1014.0;0.0;0.0;1.7;0.98;0.0;;0.0;1.4;;;;;;;;;;;-0.1;-0.1;;;7.6;5.34;6.9;0.0;978.7;;;;;;;;;;
04/02/2021 01:47:14;04/02/2021;01:47:14;0.0;225;1014.0;0.0;0.0;1.8;0.98;0.0;;0.0;1.5;;;;;;;;;;;0.0;0.0;;;7.6;5.38;7.0;0.0;978.7;;;;;;;;;;
04/02/2021 01:49:25;04/02/2021;01:49:25;0.0;225;1014.0;0.0;0.0;1.8;0.98;0.0;;0.0;1.5;;;;;;;;;;;0.0;0.0;;;7.6;5.38;7.0;0.0;978.7;;;;;;;;;;
04/02/2021 01:51:34;04/02/2021;01:51:34;0.0;225;1014.0;0.0;0.0;1.9;0.98;0.0;;0.0;1.6;;;;;;;;;;;0.2;0.2;;;7.7;5.41;7.0;0.0;978.7;;;;;;;;;;
04/02/2021 01:53:44;04/02/2021;01:53:44;0.0;225;1014.0;0.0;0.0;1.9;0.98;0.0;;0.0;1.6;;;;;;;;;;;0.2;0.2;;;7.7;5.41;7.0;0.0;978.7;;;;;;;;;;
04/02/2021 01:55:56;04/02/2021;01:55:56;0.0;225;1014.0;0.0;0.0;1.9;0.97;0.0;;0.0;1.5;;;;;;;;;;;0.1;0.1;;;7.7;5.36;7.0;0.0;978.7;;;;;;;;;;
04/02/2021 01:58:04;04/02/2021;01:58:04;0.0;225;1014.0;0.0;0.0;1.9;0.97;0.0;;0.0;1.5;;;;;;;;;;;0.1;0.1;;;7.7;5.36;7.0;0.0;978.7;;;;;;;;;;
04/02/2021 02:00:15;04/02/2021;02:00:15;0.0;225;1014.0;0.0;0.0;1.9;0.97;0.0;;0.0;1.5;;;;;;;;;;;0.1;0.1;;;7.7;5.36;7.0;0.0;978.7;;;;;;;;;;
04/02/2021 02:02:21;04/02/2021;02:02:21;0.0;225;1014.0;0.0;0.0;1.9;0.97;0.0;;0.0;1.5;;;;;;;;;;;0.1;0.1;;;7.7;5.36;7.0;0.0;978.7;;;;;;;;;;
04/02/2021 02:04:29;04/02/2021;02:04:29;0.0;225;1014.0;0.0;0.0;1.9;0.97;0.0;;0.0;1.5;;;;;;;;;;;0.1;0.1;;;7.7;5.36;7.0;0.0;978.7;;;;;;;;;;
04/02/2021 02:06:40;04/02/2021;02:06:40;0.0;225;1014.0;0.0;0.0;1.9;0.97;0.0;;0.0;1.5;;;;;;;;;;;0.1;0.1;;;7.7;5.36;7.0;0.0;978.7;;;;;;;;;;
04/02/2021 02:08:51;04/02/2021;02:08:51;0.0;225;1014.0;0.0;0.0;1.9;0.97;0.0;;0.0;1.5;;;;;;;;;;;0.1;0.1;;;7.7;5.36;7.0;0.0;978.7;;;;;;;;;;
04/02/2021 02:11:07;04/02/2021;02:11:07;0.0;225;1014.0;0.0;0.0;1.9;0.97;0.0;;0.0;1.5;;;;;;;;;;;0.1;0.1;;;7.7;5.36;7.0;0.0;978.7;;;;;;;;;;
04/02/2021 02:13:17;04/02/2021;02:13:17;0.0;225;1014.0;0.0;0.0;1.8;0.97;0.0;;0.0;1.4;;;;;;;;;;;0.0;0.0;;;7.6;5.32;7.0;0.0;978.7;;;;;;;;;;
04/02/2021 02:15:26;04/02/2021;02:15:26;0.0;225;1014.0;0.0;0.0;1.8;0.97;0.0;;0.0;1.4;;;;;;;;;;;0.0;0.0;;;7.6;5.32;7.0;0.0;978.7;;;;;;;;;;
04/02/2021 02:17:48;04/02/2021;02:17:48;0.0;225;1014.0;0.0;0.0;1.9;0.97;0.0;;0.0;1.5;;;;;;;;;;;0.1;0.1;;;7.7;5.36;7.0;0.0;978.7;;;;;;;;;;
04/02/2021 02:19:56;04/02/2021;02:19:56;0.0;225;1014.0;0.0;0.0;1.9;0.97;0.0;;0.0;1.5;;;;;;;;;;;0.1;0.1;;;7.7;5.36;7.0;0.0;978.7;;;;;;;;;;
04/02/2021 02:22:07;04/02/2021;02:22:07;0.0;225;1014.0;0.0;0.0;2.0;0.97;0.0;;0.0;1.6;;;;;;;;;;;0.3;0.3;;;7.8;5.39;7.1;0.0;978.7;;;;;;;;;;
04/02/2021 02:24:20;04/02/2021;02:24:20;0.0;225;1014.0;0.0;0.0;2.0;0.97;0.0;;0.0;1.6;;;;;;;;;;;0.3;0.3;;;7.8;5.39;7.1;0.0;978.7;;;;;;;;;;
04/02/2021 02:26:32;04/02/2021;02:26:32;0.0;225;1014.0;0.0;0.0;2.0;0.97;0.0;;0.0;1.6;;;;;;;;;;;0.3;0.3;;;7.8;5.39;7.1;0.0;978.7;;;;;;;;;;
04/02/2021 02:28:41;04/02/2021;02:28:41;0.0;225;1014.0;0.0;0.0;2.0;0.97;0.0;;0.0;1.6;;;;;;;;;;;0.3;0.3;;;7.8;5.39;7.1;0.0;978.7;;;;;;;;;;
04/02/2021 02:30:48;04/02/2021;02:30:48;0.0;225;1014.0;0.0;0.0;2.0;0.97;0.0;;0.0;1.6;;;;;;;;;;;0.3;0.3;;;7.8;5.39;7.1;0.0;978.7;;;;;;;;;;
04/02/2021 02:32:57;04/02/2021;02:32:57;0.0;225;1014.0;0.0;0.0;2.0;0.97;0.0;;0.0;1.6;;;;;;;;;;;0.3;0.3;;;7.8;5.39;7.1;0.0;978.7;;;;;;;;;;
04/02/2021 02:35:03;04/02/2021;02:35:03;0.0;225;1014.0;0.0;0.0;1.9;0.97;0.0;;0.0;1.5;;;;;;;;;;;0.1;0.1;;;7.7;5.36;7.0;0.0;978.7;;;;;;;;;;
04/02/2021 02:37:12;04/02/2021;02:37:12;0.0;225;1014.0;0.0;0.0;1.9;0.96;0.0;;0.0;1.3;;;;;;;;;;;0.1;0.1;;;7.7;5.3;7.0;0.0;978.7;;;;;;;;;;
04/02/2021 02:39:24;04/02/2021;02:39:24;0.0;225;1014.0;0.0;0.0;1.9;0.97;0.0;;0.0;1.5;;;;;;;;;;;0.1;0.1;;;7.7;5.36;7.0;0.0;978.7;;;;;;;;;;
04/02/2021 02:41:40;04/02/2021;02:41:40;0.0;225;1014.0;0.0;0.0;1.8;0.97;0.0;;0.0;1.4;;;;;;;;;;;0.0;0.0;;;7.6;5.32;7.0;0.0;978.7;;;;;;;;;;
04/02/2021 02:43:56;04/02/2021;02:43:56;0.0;225;1014.0;0.0;0.0;1.8;0.97;0.0;;0.0;1.4;;;;;;;;;;;0.0;0.0;;;7.6;5.32;7.0;0.0;978.7;;;;;;;;;;
04/02/2021 02:46:04;04/02/2021;02:46:04;0.0;225;1014.0;0.0;0.0;1.8;0.97;0.0;;0.0;1.4;;;;;;;;;;;0.0;0.0;;;7.6;5.32;7.0;0.0;978.7;;;;;;;;;;
04/02/2021 02:48:13;04/02/2021;02:48:13;0.0;225;1014.0;0.0;0.0;1.8;0.97;0.0;;0.0;1.4;;;;;;;;;;;0.0;0.0;;;7.6;5.32;7.0;0.0;978.7;;;;;;;;;;
04/02/2021 02:50:20;04/02/2021;02:50:20;0.0;225;1014.0;0.0;0.0;1.8;0.97;0.0;;0.0;1.4;;;;;;;;;;;0.0;0.0;;;7.6;5.32;7.0;0.0;978.7;;;;;;;;;;
04/02/2021 02:52:31;04/02/2021;02:52:31;0.0;225;1014.0;0.0;0.0;1.8;0.97;0.0;;0.0;1.4;;;;;;;;;;;0.0;0.0;;;7.6;5.32;7.0;0.0;978.7;;;;;;;;;;
04/02/2021 02:54:42;04/02/2021;02:54:42;0.0;225;1014.0;0.0;0.0;1.8;0.97;0.0;;0.0;1.4;;;;;;;;;;;0.0;0.0;;;7.6;5.32;7.0;0.0;978.7;;;;;;;;;;
04/02/2021 02:56:55;04/02/2021;02:56:55;0.0;225;1014.0;0.0;0.0;1.8;0.97;0.0;;0.0;1.4;;;;;;;;;;;0.0;0.0;;;7.6;5.32;7.0;0.0;978.7;;;;;;;;;;
04/02/2021 02:59:07;04/02/2021;02:59:07;0.0;225;1014.0;0.0;0.0;1.7;0.97;0.0;;0.0;1.3;;;;;;;;;;;-0.1;-0.1;;;7.5;5.28;6.9;0.0;978.7;;;;;;;;;;
04/02/2021 03:01:18;04/02/2021;03:01:18;0.0;225;1014.0;0.0;0.0;1.7;0.97;0.0;;0.0;1.3;;;;;;;;;;;-0.1;-0.1;;;7.5;5.28;6.9;0.0;978.7;;;;;;;;;;
04/02/2021 03:03:27;04/02/2021;03:03:27;0.0;225;1014.0;0.0;0.0;1.7;0.97;0.0;;0.0;1.3;;;;;;;;;;;-0.1;-0.1;;;7.5;5.28;6.9;0.0;978.7;;;;;;;;;;
04/02/2021 03:05:35;04/02/2021;03:05:35;0.0;225;1014.0;0.0;0.0;1.8;0.97;0.0;;0.0;1.4;;;;;;;;;;;0.0;0.0;;;7.6;5.32;7.0;0.0;978.7;;;;;;;;;;
04/02/2021 03:07:43;04/02/2021;03:07:43;0.0;225;1014.0;0.0;0.0;1.8;0.97;0.0;;0.0;1.4;;;;;;;;;;;0.0;0.0;;;7.6;5.32;7.0;0.0;978.7;;;;;;;;;;
04/02/2021 03:09:51;04/02/2021;03:09:51;0.0;225;1014.0;0.0;0.0;1.8;0.97;0.0;;0.0;1.4;;;;;;;;;;;0.0;0.0;;;7.6;5.32;7.0;0.0;978.7;;;;;;;;;;
04/02/2021 03:12:04;04/02/2021;03:12:04;0.0;225;1014.0;0.0;0.0;1.9;0.97;0.0;;0.0;1.5;;;;;;;;;;;0.1;0.1;;;7.7;5.36;7.0;0.0;978.7;;;;;;;;;;
04/02/2021 03:14:10;04/02/2021;03:14:10;0.0;225;1014.0;0.0;0.0;1.9;0.97;0.0;;0.0;1.5;;;;;;;;;;;0.1;0.1;;;7.7;5.36;7.0;0.0;978.7;;;;;;;;;;
04/02/2021 03:16:28;04/02/2021;03:16:28;0.0;225;1014.0;0.0;0.0;1.9;0.97;0.0;;0.0;1.5;;;;;;;;;;;0.1;0.1;;;7.7;5.36;7.0;0.0;978.7;;;;;;;;;;
04/02/2021 03:18:36;04/02/2021;03:18:36;0.0;225;1014.0;0.0;0.0;1.9;0.97;0.0;;0.0;1.5;;;;;;;;;;;0.1;0.1;;;7.7;5.36;7.0;0.0;978.7;;;;;;;;;;
04/02/2021 03:20:44;04/02/2021;03:20:44;0.0;225;1014.0;0.0;0.0;1.9;0.97;0.0;;0.0;1.5;;;;;;;;;;;0.1;0.1;;;7.7;5.36;7.0;0.0;978.7;;;;;;;;;;
04/02/2021 03:23:15;04/02/2021;03:23:15;0.0;225;1014.0;0.0;0.0;1.9;0.97;0.0;;0.0;1.5;;;;;;;;;;;0.1;0.1;;;7.7;5.36;7.0;0.0;978.7;;;;;;;;;;
04/02/2021 03:25:21;04/02/2021;03:25:21;0.0;225;1014.0;0.0;0.0;1.9;0.97;0.0;;0.0;1.5;;;;;;;;;;;0.1;0.1;;;7.7;5.36;7.0;0.0;978.7;;;;;;;;;;
04/02/2021 03:27:29;04/02/2021;03:27:29;0.0;225;1014.0;0.0;0.0;1.9;0.97;0.0;;0.0;1.5;;;;;;;;;;;0.1;0.1;;;7.7;5.36;7.0;0.0;978.7;;;;;;;;;;
04/02/2021 03:29:39;04/02/2021;03:29:39;0.0;225;1014.0;0.0;0.0;1.9;0.97;0.0;;0.0;1.5;;;;;;;;;;;0.1;0.1;;;7.7;5.36;7.0;0.0;978.7;;;;;;;;;;
04/02/2021 03:31:46;04/02/2021;03:31:46;0.0;225;1014.0;0.0;0.0;1.9;0.97;0.0;;0.0;1.5;;;;;;;;;;;0.1;0.1;;;7.7;5.36;7.0;0.0;978.7;;;;;;;;;;
04/02/2021 03:34:20;04/02/2021;03:34:20;0.0;225;1014.0;0.0;0.0;1.9;0.97;0.0;;0.0;1.5;;;;;;;;;;;0.1;0.1;;;7.7;5.36;7.0;0.0;978.7;;;;;;;;;;
04/02/2021 03:42:31;04/02/2021;03:42:31;0.0;225;1014.0;0.0;0.0;1.9;0.97;0.0;;0.0;1.5;;;;;;;;;;;0.1;0.1;;;7.7;5.36;7.0;0.0;978.7;;;;;;;;;;
04/02/2021 03:45:10;04/02/2021;03:45:10;0.0;225;1014.0;0.0;0.0;1.8;0.97;0.0;;0.0;1.4;;;;;;;;;;;0.0;0.0;;;7.6;5.32;7.0;0.0;978.7;;;;;;;;;;
04/02/2021 03:47:40;04/02/2021;03:47:40;0.0;225;1014.0;0.0;0.0;1.8;0.97;0.0;;0.0;1.4;;;;;;;;;;;0.0;0.0;;;7.6;5.32;7.0;0.0;978.7;;;;;;;;;;
04/02/2021 03:50:17;04/02/2021;03:50:17;0.0;225;1014.0;0.0;0.0;1.8;0.97;0.0;;0.0;1.4;;;;;;;;;;;0.0;0.0;;;7.6;5.32;7.0;0.0;978.7;;;;;;;;;;
04/02/2021 03:52:41;04/02/2021;03:52:41;0.0;225;1014.0;0.0;0.0;1.7;0.97;0.0;;0.0;1.3;;;;;;;;;;;-0.1;-0.1;;;7.5;5.28;6.9;0.0;978.7;;;;;;;;;;
04/02/2021 03:54:48;04/02/2021;03:54:48;0.0;225;1014.0;0.0;0.0;1.7;0.97;0.0;;0.0;1.3;;;;;;;;;;;-0.1;-0.1;;;7.5;5.28;6.9;0.0;978.7;;;;;;;;;;
04/02/2021 04:00:12;04/02/2021;04:00:12;0.0;225;1014.0;0.0;0.0;1.7;0.97;0.0;;0.0;1.3;;;;;;;;;;;-0.1;-0.1;;;7.5;5.28;6.9;0.0;978.7;;;;;;;;;;
04/02/2021 04:02:19;04/02/2021;04:02:19;0.0;225;1014.0;0.0;0.0;1.8;0.97;0.0;;0.0;1.4;;;;;;;;;;;0.0;0.0;;;7.6;5.32;7.0;0.0;978.7;;;;;;;;;;
04/02/2021 04:05:03;04/02/2021;04:05:03;0.0;225;1014.0;0.0;0.0;1.8;0.97;0.0;;0.0;1.4;;;;;;;;;;;0.0;0.0;;;7.6;5.32;7.0;0.0;978.7;;;;;;;;;;
04/02/2021 04:07:33;04/02/2021;04:07:33;0.0;225;1014.0;0.0;0.0;1.8;0.97;0.0;;0.0;1.4;;;;;;;;;;;0.0;0.0;;;7.6;5.32;7.0;0.0;978.7;;;;;;;;;;
04/02/2021 04:10:23;04/02/2021;04:10:23;0.0;225;1014.0;0.0;0.0;1.8;0.97;0.0;;0.0;1.4;;;;;;;;;;;0.0;0.0;;;7.6;5.32;7.0;0.0;978.7;;;;;;;;;;
04/02/2021 04:12:52;04/02/2021;04:12:52;0.0;225;1014.0;0.0;0.0;1.8;0.97;0.0;;0.0;1.4;;;;;;;;;;;0.0;0.0;;;7.6;5.32;7.0;0.0;978.7;;;;;;;;;;
04/02/2021 04:14:59;04/02/2021;04:14:59;0.0;225;1014.0;0.0;0.0;1.8;0.97;0.0;;0.0;1.4;;;;;;;;;;;0.0;0.0;;;7.6;5.32;7.0;0.0;978.7;;;;;;;;;;
04/02/2021 04:17:27;04/02/2021;04:17:27;0.0;225;1014.0;0.0;0.0;1.8;0.97;0.0;;0.0;1.4;;;;;;;;;;;0.0;0.0;;;7.6;5.32;7.0;0.0;978.7;;;;;;;;;;
04/02/2021 04:19:52;04/02/2021;04:19:52;0.0;225;1014.0;0.0;0.0;1.7;0.97;0.0;;0.0;1.3;;;;;;;;;;;-0.1;-0.1;;;7.5;5.28;6.9;0.0;978.7;;;;;;;;;;
04/02/2021 04:21:58;04/02/2021;04:21:58;0.0;225;1014.0;0.0;0.0;1.7;0.97;0.0;;0.0;1.3;;;;;;;;;;;-0.1;-0.1;;;7.5;5.28;6.9;0.0;978.7;;;;;;;;;;
04/02/2021 04:24:23;04/02/2021;04:24:23;0.0;225;1014.0;0.0;0.0;1.7;0.97;0.0;;0.0;1.3;;;;;;;;;;;-0.1;-0.1;;;7.5;5.28;6.9;0.0;978.7;;;;;;;;;;
04/02/2021 04:26:49;04/02/2021;04:26:49;0.0;225;1014.0;0.0;0.0;1.7;0.97;0.0;;0.0;1.3;;;;;;;;;;;-0.1;-0.1;;;7.5;5.28;6.9;0.0;978.7;;;;;;;;;;
04/02/2021 04:29:15;04/02/2021;04:29:15;0.0;225;1014.0;0.0;0.0;1.7;0.97;0.0;;0.0;1.3;;;;;;;;;;;-0.1;-0.1;;;7.5;5.28;6.9;0.0;978.7;;;;;;;;;;
04/02/2021 04:31:46;04/02/2021;04:31:46;0.0;225;1014.0;0.0;0.0;1.7;0.97;0.0;;0.0;1.3;;;;;;;;;;;-0.1;-0.1;;;7.5;5.28;6.9;0.0;978.7;;;;;;;;;;
04/02/2021 04:34:12;04/02/2021;04:34:12;0.0;225;1014.0;0.0;0.0;1.7;0.97;0.0;;0.0;1.3;;;;;;;;;;;-0.1;-0.1;;;7.5;5.28;6.9;0.0;978.7;;;;;;;;;;
04/02/2021 04:36:34;04/02/2021;04:36:34;0.0;225;1014.0;0.0;0.0;1.7;0.97;0.0;;0.0;1.3;;;;;;;;;;;-0.1;-0.1;;;7.5;5.28;6.9;0.0;978.7;;;;;;;;;;
04/02/2021 04:39:04;04/02/2021;04:39:04;0.0;225;1014.0;0.0;0.0;1.7;0.97;0.0;;0.0;1.3;;;;;;;;;;;-0.1;-0.1;;;7.5;5.28;6.9;0.0;978.7;;;;;;;;;;
04/02/2021 04:41:39;04/02/2021;04:41:39;0.0;225;1014.0;0.0;0.0;1.7;0.97;0.0;;0.0;1.3;;;;;;;;;;;-0.1;-0.1;;;7.5;5.28;6.9;0.0;978.7;;;;;;;;;;
04/02/2021 04:44:17;04/02/2021;04:44:17;0.0;225;1014.0;0.0;0.0;1.8;0.97;0.0;;0.0;1.4;;;;;;;;;;;0.0;0.0;;;7.6;5.32;7.0;0.0;978.7;;;;;;;;;;
04/02/2021 04:46:43;04/02/2021;04:46:43;0.0;225;1014.0;0.0;0.0;1.8;0.97;0.0;;0.0;1.4;;;;;;;;;;;0.0;0.0;;;7.6;5.32;7.0;0.0;978.7;;;;;;;;;;
04/02/2021 04:48:49;04/02/2021;04:48:49;0.0;225;1014.0;0.0;0.0;1.7;0.97;0.0;;0.0;1.3;;;;;;;;;;;-0.1;-0.1;;;7.5;5.28;6.9;0.0;978.7;;;;;;;;;;
04/02/2021 04:51:28;04/02/2021;04:51:28;0.0;225;1014.0;0.0;0.0;1.7;0.97;0.0;;0.0;1.3;;;;;;;;;;;-0.1;-0.1;;;7.5;5.28;6.9;0.0;978.7;;;;;;;;;;
04/02/2021 04:53:38;04/02/2021;04:53:38;0.0;225;1014.0;0.0;0.0;1.7;0.97;0.0;;0.0;1.3;;;;;;;;;;;-0.1;-0.1;;;7.5;5.28;6.9;0.0;978.7;;;;;;;;;;
04/02/2021 04:55:44;04/02/2021;04:55:44;0.0;225;1014.0;0.0;0.0;1.7;0.97;0.0;;0.0;1.3;;;;;;;;;;;-0.1;-0.1;;;7.5;5.28;6.9;0.0;978.7;;;;;;;;;;
04/02/2021 04:57:54;04/02/2021;04:57:54;0.0;225;1014.0;0.0;0.0;1.7;0.97;0.0;;0.0;1.3;;;;;;;;;;;-0.1;-0.1;;;7.5;5.28;6.9;0.0;978.7;;;;;;;;;;
04/02/2021 05:00:03;04/02/2021;05:00:03;0.0;225;1014.0;0.0;0.0;1.7;0.97;0.0;;0.0;1.3;;;;;;;;;;;-0.1;-0.1;;;7.5;5.28;6.9;0.0;978.7;;;;;;;;;;
04/02/2021 05:02:16;04/02/2021;05:02:16;0.0;225;1014.0;0.0;0.0;1.7;0.97;0.0;;0.0;1.3;;;;;;;;;;;-0.1;-0.1;;;7.5;5.28;6.9;0.0;978.7;;;;;;;;;;
04/02/2021 05:04:37;04/02/2021;05:04:37;0.0;225;1014.0;0.0;0.0;1.7;0.97;0.0;;0.0;1.3;;;;;;;;;;;-0.1;-0.1;;;7.5;5.28;6.9;0.0;978.7;;;;;;;;;;
04/02/2021 05:06:44;04/02/2021;05:06:44;0.0;225;1014.0;0.0;0.0;1.7;0.97;0.0;;0.0;1.3;;;;;;;;;;;-0.1;-0.1;;;7.5;5.28;6.9;0.0;978.7;;;;;;;;;;
04/02/2021 05:08:51;04/02/2021;05:08:51;0.0;225;1014.0;0.0;0.0;1.7;0.97;0.0;;0.0;1.3;;;;;;;;;;;-0.1;-0.1;;;7.5;5.28;6.9;0.0;978.7;;;;;;;;;;
04/02/2021 05:10:58;04/02/2021;05:10:58;0.0;225;1014.0;0.0;0.0;1.8;0.97;0.0;;0.0;1.4;;;;;;;;;;;0.0;0.0;;;7.6;5.32;7.0;0.0;978.7;;;;;;;;;;
04/02/2021 05:13:08;04/02/2021;05:13:08;0.0;225;1014.0;0.0;0.0;1.8;0.97;0.0;;0.0;1.4;;;;;;;;;;;0.0;0.0;;;7.6;5.32;7.0;0.0;978.7;;;;;;;;;;
04/02/2021 05:15:21;04/02/2021;05:15:21;0.0;225;1014.0;0.0;0.0;1.8;0.97;0.0;;0.0;1.4;;;;;;;;;;;0.0;0.0;;;7.6;5.32;7.0;0.0;978.7;;;;;;;;;;
04/02/2021 05:17:37;04/02/2021;05:17:37;0.0;225;1014.0;0.0;0.0;1.8;0.97;0.0;;0.0;1.4;;;;;;;;;;;0.0;0.0;;;7.6;5.32;7.0;0.0;978.7;;;;;;;;;;
04/02/2021 05:19:46;04/02/2021;05:19:46;0.0;225;1014.0;0.0;0.0;1.8;0.97;0.0;;0.0;1.4;;;;;;;;;;;0.0;0.0;;;7.6;5.32;7.0;0.0;978.7;;;;;;;;;;
04/02/2021 05:21:56;04/02/2021;05:21:56;0.0;225;1014.0;0.0;0.0;1.8;0.97;0.0;;0.0;1.4;;;;;;;;;;;0.0;0.0;;;7.6;5.32;7.0;0.0;978.7;;;;;;;;;;
04/02/2021 05:24:03;04/02/2021;05:24:03;0.0;225;1014.0;0.0;0.0;1.8;0.97;0.0;;0.0;1.4;;;;;;;;;;;0.0;0.0;;;7.6;5.32;7.0;0.0;978.7;;;;;;;;;;
04/02/2021 05:26:12;04/02/2021;05:26:12;0.0;225;1014.0;0.0;0.0;1.8;0.97;0.0;;0.0;1.4;;;;;;;;;;;0.0;0.0;;;7.6;5.32;7.0;0.0;978.7;;;;;;;;;;
04/02/2021 05:28:20;04/02/2021;05:28:20;0.0;225;1014.0;0.0;0.0;1.8;0.97;0.0;;0.0;1.4;;;;;;;;;;;0.0;0.0;;;7.6;5.32;7.0;0.0;978.7;;;;;;;;;;
04/02/2021 05:30:31;04/02/2021;05:30:31;0.0;225;1014.0;0.0;0.0;1.8;0.97;0.0;;0.0;1.4;;;;;;;;;;;0.0;0.0;;;7.6;5.32;7.0;0.0;978.7;;;;;;;;;;
04/02/2021 05:32:42;04/02/2021;05:32:42;0.0;225;1014.0;0.0;0.0;1.8;0.97;0.0;;0.0;1.4;;;;;;;;;;;0.0;0.0;;;7.6;5.32;7.0;0.0;978.7;;;;;;;;;;
04/02/2021 05:34:55;04/02/2021;05:34:55;0.0;225;1014.0;0.0;0.0;1.8;0.97;0.0;;0.0;1.4;;;;;;;;;;;0.0;0.0;;;7.6;5.32;7.0;0.0;978.7;;;;;;;;;;
04/02/2021 05:37:01;04/02/2021;05:37:01;0.0;225;1014.0;0.0;0.0;1.7;0.97;0.0;;0.0;1.3;;;;;;;;;;;-0.1;-0.1;;;7.5;5.28;6.9;0.0;978.7;;;;;;;;;;
04/02/2021 05:39:09;04/02/2021;05:39:09;0.0;225;1014.0;0.0;0.0;1.7;0.97;0.0;;0.0;1.3;;;;;;;;;;;-0.1;-0.1;;;7.5;5.28;6.9;0.0;978.7;;;;;;;;;;
04/02/2021 05:41:15;04/02/2021;05:41:15;0.0;225;1014.0;0.0;0.0;1.7;0.97;0.0;;0.0;1.3;;;;;;;;;;;-0.1;-0.1;;;7.5;5.28;6.9;0.0;978.7;;;;;;;;;;
04/02/2021 05:43:25;04/02/2021;05:43:25;0.0;225;1014.0;0.0;0.0;1.7;0.97;0.0;;0.0;1.3;;;;;;;;;;;-0.1;-0.1;;;7.5;5.28;6.9;0.0;978.7;;;;;;;;;;
04/02/2021 05:45:31;04/02/2021;05:45:31;0.0;225;1014.0;0.0;0.0;1.7;0.97;0.0;;0.0;1.3;;;;;;;;;;;-0.1;-0.1;;;7.5;5.28;6.9;0.0;978.7;;;;;;;;;;
04/02/2021 05:47:38;04/02/2021;05:47:38;0.0;225;1014.0;0.0;0.0;1.7;0.97;0.0;;0.0;1.3;;;;;;;;;;;-0.1;-0.1;;;7.5;5.28;6.9;0.0;978.7;;;;;;;;;;
04/02/2021 05:49:44;04/02/2021;05:49:44;0.0;225;1015.0;0.0;0.0;1.7;0.97;0.0;;0.0;1.3;;;;;;;;;;;-0.1;-0.1;;;7.5;5.28;6.9;0.0;979.7;;;;;;;;;;
04/02/2021 05:51:54;04/02/2021;05:51:54;0.0;225;1015.0;0.0;0.0;1.7;0.97;0.0;;0.0;1.3;;;;;;;;;;;-0.1;-0.1;;;7.5;5.28;6.9;0.0;979.7;;;;;;;;;;
04/02/2021 05:54:02;04/02/2021;05:54:02;0.0;225;1015.0;0.0;0.0;1.7;0.97;0.0;;0.0;1.3;;;;;;;;;;;-0.1;-0.1;;;7.5;5.28;6.9;0.0;979.7;;;;;;;;;;
04/02/2021 05:56:11;04/02/2021;05:56:11;0.0;225;1015.0;0.0;0.0;1.7;0.97;0.0;;0.0;1.3;;;;;;;;;;;-0.1;-0.1;;;7.5;5.28;6.9;0.0;979.7;;;;;;;;;;
04/02/2021 05:58:17;04/02/2021;05:58:17;0.0;225;1015.0;0.0;0.0;1.8;0.97;0.0;;0.0;1.4;;;;;;;;;;;0.0;0.0;;;7.6;5.32;7.0;0.0;979.7;;;;;;;;;;
04/02/2021 06:00:24;04/02/2021;06:00:24;0.0;225;1015.0;0.0;0.0;1.8;0.97;0.0;;0.0;1.4;;;;;;;;;;;0.0;0.0;;;7.6;5.32;7.0;0.0;979.7;;;;;;;;;;
04/02/2021 06:02:30;04/02/2021;06:02:30;0.0;225;1015.0;0.0;0.0;1.7;0.97;0.0;;0.0;1.3;;;;;;;;;;;-0.1;-0.1;;;7.5;5.28;6.9;0.0;979.7;;;;;;;;;;
04/02/2021 06:04:42;04/02/2021;06:04:42;0.0;225;1015.0;0.0;0.0;1.7;0.97;0.0;;0.0;1.3;;;;;;;;;;;-0.1;-0.1;;;7.5;5.28;6.9;0.0;979.7;;;;;;;;;;
04/02/2021 06:06:49;04/02/2021;06:06:49;0.0;225;1015.0;0.0;0.0;1.7;0.97;0.0;;0.0;1.3;;;;;;;;;;;-0.1;-0.1;;;7.5;5.28;6.9;0.0;979.7;;;;;;;;;;
04/02/2021 06:08:55;04/02/2021;06:08:55;0.0;225;1015.0;0.0;0.0;1.7;0.97;0.0;;0.0;1.3;;;;;;;;;;;-0.1;-0.1;;;7.5;5.28;6.9;0.0;979.7;;;;;;;;;;
04/02/2021 06:11:02;04/02/2021;06:11:02;0.0;225;1015.0;0.0;0.0;1.7;0.97;0.0;;0.0;1.3;;;;;;;;;;;-0.1;-0.1;;;7.5;5.28;6.9;0.0;979.7;;;;;;;;;;
04/02/2021 06:13:12;04/02/2021;06:13:12;0.0;225;1015.0;0.0;0.0;1.8;0.97;0.0;;0.0;1.4;;;;;;;;;;;0.0;0.0;;;7.6;5.32;7.0;0.0;979.7;;;;;;;;;;
04/02/2021 06:15:23;04/02/2021;06:15:23;0.0;225;1015.0;0.0;0.0;1.8;0.97;0.0;;0.0;1.4;;;;;;;;;;;0.0;0.0;;;7.6;5.32;7.0;0.0;979.7;;;;;;;;;;
04/02/2021 06:17:34;04/02/2021;06:17:34;0.0;225;1015.0;0.0;0.0;1.8;0.97;0.0;;0.0;1.4;;;;;;;;;;;0.0;0.0;;;7.6;5.32;7.0;0.0;979.7;;;;;;;;;;
04/02/2021 06:19:44;04/02/2021;06:19:44;0.0;225;1015.0;0.0;0.0;1.8;0.97;0.0;;0.0;1.4;;;;;;;;;;;0.0;0.0;;;7.6;5.32;7.0;0.0;979.7;;;;;;;;;;
04/02/2021 06:21:50;04/02/2021;06:21:50;0.0;225;1015.0;0.0;0.0;1.8;0.97;0.0;;0.0;1.4;;;;;;;;;;;0.0;0.0;;;7.6;5.32;7.0;0.0;979.7;;;;;;;;;;
04/02/2021 06:23:57;04/02/2021;06:23:57;0.0;225;1015.0;0.0;0.0;1.8;0.97;0.0;;0.0;1.4;;;;;;;;;;;0.0;0.0;;;7.6;5.32;7.0;0.0;979.7;;;;;;;;;;
04/02/2021 06:26:03;04/02/2021;06:26:03;0.0;225;1015.0;0.0;0.0;1.9;0.97;0.0;;0.0;1.5;;;;;;;;;;;0.1;0.1;;;7.7;5.36;7.0;0.0;979.7;;;;;;;;;;
04/02/2021 06:28:12;04/02/2021;06:28:12;0.0;225;1015.0;0.0;0.0;1.8;0.96;0.0;;0.0;1.2;;;;;;;;;;;0.0;-0.1;;;7.6;5.27;7.0;0.0;979.7;;;;;;;;;;
04/02/2021 06:30:23;04/02/2021;06:30:23;0.0;225;1015.0;0.0;0.0;1.8;0.97;0.0;;0.0;1.4;;;;;;;;;;;0.0;0.0;;;7.6;5.32;7.0;0.0;979.7;;;;;;;;;;
04/02/2021 06:32:29;04/02/2021;06:32:29;0.0;225;1015.0;0.0;0.0;1.8;0.97;0.0;;0.0;1.4;;;;;;;;;;;0.0;0.0;;;7.6;5.32;7.0;0.0;979.7;;;;;;;;;;
04/02/2021 06:34:42;04/02/2021;06:34:42;0.0;225;1015.0;0.0;0.0;1.8;0.96;0.0;;0.0;1.2;;;;;;;;;;;0.0;-0.1;;;7.6;5.27;7.0;0.0;979.7;;;;;;;;;;
04/02/2021 06:36:52;04/02/2021;06:36:52;0.0;225;1015.0;0.0;0.0;1.8;0.96;0.0;;0.0;1.2;;;;;;;;;;;0.0;-0.1;;;7.6;5.27;7.0;0.0;979.7;;;;;;;;;;
04/02/2021 06:38:59;04/02/2021;06:38:59;0.0;225;1015.0;0.0;0.0;1.8;0.97;0.0;;0.0;1.4;;;;;;;;;;;0.0;0.0;;;7.6;5.32;7.0;0.0;979.7;;;;;;;;;;
04/02/2021 06:41:05;04/02/2021;06:41:05;0.0;225;1015.0;0.0;0.0;1.8;0.96;0.0;;0.0;1.2;;;;;;;;;;;0.0;-0.1;;;7.6;5.27;7.0;0.0;979.7;;;;;;;;;;
04/02/2021 06:43:11;04/02/2021;06:43:11;0.0;225;1015.0;0.0;0.0;1.8;0.97;0.0;;0.0;1.4;;;;;;;;;;;0.0;0.0;;;7.6;5.32;7.0;0.0;979.7;;;;;;;;;;
04/02/2021 06:45:21;04/02/2021;06:45:21;0.0;225;1015.0;0.0;0.0;1.8;0.96;0.0;;0.0;1.2;;;;;;;;;;;0.0;-0.1;;;7.6;5.27;7.0;0.0;979.7;;;;;;;;;;
04/02/2021 06:47:35;04/02/2021;06:47:35;0.0;225;1015.0;0.0;0.0;1.8;0.96;0.0;;0.0;1.2;;;;;;;;;;;0.0;-0.1;;;7.6;5.27;7.0;0.0;979.7;;;;;;;;;;
04/02/2021 06:49:46;04/02/2021;06:49:46;0.0;225;1015.0;0.0;0.0;1.8;0.97;0.0;;0.0;1.4;;;;;;;;;;;0.0;0.0;;;7.6;5.32;7.0;0.0;979.7;;;;;;;;;;
04/02/2021 06:51:55;04/02/2021;06:51:55;0.0;225;1015.0;0.0;0.0;1.8;0.97;0.0;;0.0;1.4;;;;;;;;;;;0.0;0.0;;;7.6;5.32;7.0;0.0;979.7;;;;;;;;;;
04/02/2021 06:54:02;04/02/2021;06:54:02;0.0;225;1015.0;0.0;0.0;1.8;0.97;0.0;;0.0;1.4;;;;;;;;;;;0.0;0.0;;;7.6;5.32;7.0;0.0;979.7;;;;;;;;;;
04/02/2021 06:56:10;04/02/2021;06:56:10;0.0;225;1015.0;0.0;0.0;1.8;0.97;0.0;;0.0;1.4;;;;;;;;;;;0.0;0.0;;;7.6;5.32;7.0;0.0;979.7;;;;;;;;;;
04/02/2021 06:58:19;04/02/2021;06:58:19;0.0;225;1015.0;0.0;0.0;1.8;0.97;0.0;;0.0;1.4;;;;;;;;;;;0.0;0.0;;;7.6;5.32;7.0;0.0;979.7;;;;;;;;;;
04/02/2021 07:00:27;04/02/2021;07:00:27;0.0;225;1015.0;0.0;0.0;1.8;0.96;0.0;;0.0;1.2;;;;;;;;;;;0.0;-0.1;;;7.6;5.27;7.0;0.0;979.7;;;;;;;;;;
04/02/2021 07:02:35;04/02/2021;07:02:35;0.0;225;1015.0;0.0;0.0;1.8;0.97;0.0;;0.0;1.4;;;;;;;;;;;0.0;0.0;;;7.6;5.32;7.0;0.0;979.7;;;;;;;;;;
04/02/2021 07:04:44;04/02/2021;07:04:44;0.0;225;1015.0;0.0;0.0;1.8;0.97;0.0;;0.0;1.4;;;;;;;;;;;0.0;0.0;;;7.6;5.32;7.0;0.0;979.7;;;;;;;;;;
04/02/2021 07:06:52;04/02/2021;07:06:52;0.0;225;1015.0;0.0;0.0;1.8;0.97;0.0;;0.0;1.4;;;;;;;;;;;0.0;0.0;;;7.6;5.32;7.0;0.0;979.7;;;;;;;;;;
04/02/2021 07:09:06;04/02/2021;07:09:06;0.0;225;1015.0;0.0;0.0;1.8;0.97;0.0;;0.0;1.4;;;;;;;;;;;0.0;0.0;;;7.6;5.32;7.0;0.0;979.7;;;;;;;;;;
04/02/2021 07:11:18;04/02/2021;07:11:18;0.0;225;1015.0;0.0;0.0;1.8;0.97;0.0;;0.0;1.4;;;;;;;;;;;0.0;0.0;;;7.6;5.32;7.0;0.0;979.7;;;;;;;;;;
04/02/2021 07:13:31;04/02/2021;07:13:31;0.0;225;1015.0;0.0;0.0;1.8;0.96;0.0;;0.0;1.2;;;;;;;;;;;0.0;-0.1;;;7.6;5.27;7.0;0.0;979.7;;;;;;;;;;
04/02/2021 07:15:42;04/02/2021;07:15:42;0.0;225;1015.0;0.0;0.0;1.8;0.97;0.0;;0.0;1.4;;;;;;;;;;;0.0;0.0;;;7.6;5.32;7.0;0.0;979.7;;;;;;;;;;
04/02/2021 07:17:49;04/02/2021;07:17:49;0.0;225;1015.0;0.0;0.0;1.8;0.97;0.0;;0.0;1.4;;;;;;;;;;;0.0;0.0;;;7.6;5.32;7.0;0.0;979.7;;;;;;;;;;
04/02/2021 07:22:07;04/02/2021;07:22:07;0.0;225;1016.0;0.0;0.0;1.8;0.97;0.0;;0.0;1.4;;;;;;;;;;;0.0;0.0;;;7.6;5.32;7.0;0.0;980.7;;;;;;;;;;
04/02/2021 07:24:14;04/02/2021;07:24:14;0.0;225;1016.0;0.0;0.0;1.8;0.97;0.0;;0.0;1.4;;;;;;;;;;;0.0;0.0;;;7.6;5.32;7.0;0.0;980.7;;;;;;;;;;
04/02/2021 07:26:28;04/02/2021;07:26:28;0.0;225;1016.0;0.0;0.0;1.8;0.97;0.0;;0.0;1.4;;;;;;;;;;;0.0;0.0;;;7.6;5.32;7.0;0.0;980.7;;;;;;;;;;
04/02/2021 07:28:36;04/02/2021;07:28:36;0.0;225;1016.0;0.0;0.0;1.8;0.97;0.0;;0.0;1.4;;;;;;;;;;;0.0;0.0;;;7.6;5.32;7.0;0.0;980.7;;;;;;;;;;
04/02/2021 07:30:42;04/02/2021;07:30:42;0.0;225;1016.0;0.0;0.0;1.7;0.97;0.0;;0.0;1.3;;;;;;;;;;;-0.1;-0.1;;;7.5;5.28;6.9;0.0;980.6;;;;;;;;;;
04/02/2021 07:32:58;04/02/2021;07:32:58;0.0;225;1016.0;0.0;0.0;1.7;0.97;0.0;;0.0;1.3;;;;;;;;;;;-0.1;-0.1;;;7.5;5.28;6.9;0.0;980.6;;;;;;;;;;
04/02/2021 07:35:06;04/02/2021;07:35:06;0.0;225;1016.0;0.0;0.0;1.7;0.97;0.0;;0.0;1.3;;;;;;;;;;;-0.1;-0.1;;;7.5;5.28;6.9;0.0;980.6;;;;;;;;;;
04/02/2021 07:37:15;04/02/2021;07:37:15;0.0;225;1016.0;0.0;0.0;1.6;0.96;0.0;;0.0;1.0;;;;;;;;;;;-0.2;-0.3;;;7.4;5.19;6.9;0.0;980.6;;;;;;;;;;
04/02/2021 07:39:22;04/02/2021;07:39:22;0.0;225;1016.0;0.0;0.0;1.6;0.97;0.0;;0.0;1.2;;;;;;;;;;;-0.2;-0.3;;;7.5;5.25;6.9;0.0;980.6;;;;;;;;;;
04/02/2021 07:41:37;04/02/2021;07:41:37;0.0;225;1016.0;0.0;0.0;1.6;0.97;0.0;;0.0;1.2;;;;;;;;;;;-0.2;-0.3;;;7.5;5.25;6.9;0.0;980.6;;;;;;;;;;
04/02/2021 07:43:53;04/02/2021;07:43:53;0.0;225;1016.0;0.0;0.0;1.7;0.97;0.0;;0.0;1.3;;;;;;;;;;;-0.1;-0.1;;;7.5;5.28;6.9;0.0;980.6;;;;;;;;;;
04/02/2021 07:46:03;04/02/2021;07:46:03;0.0;225;1016.0;0.0;0.0;1.7;0.97;0.0;;0.0;1.3;;;;;;;;;;;-0.1;-0.1;;;7.5;5.28;6.9;0.0;980.6;;;;;;;;;;
04/02/2021 07:48:10;04/02/2021;07:48:10;0.0;225;1016.0;0.0;0.0;1.7;0.97;0.0;;0.0;1.3;;;;;;;;;;;-0.1;-0.1;;;7.5;5.28;6.9;0.0;980.6;;;;;;;;;;
04/02/2021 07:50:18;04/02/2021;07:50:18;0.0;225;1016.0;0.0;0.0;1.7;0.97;0.0;;0.0;1.3;;;;;;;;;;;-0.1;-0.1;;;7.5;5.28;6.9;0.0;980.6;;;;;;;;;;
04/02/2021 07:52:36;04/02/2021;07:52:36;0.0;225;1016.0;0.0;0.0;1.7;0.97;0.0;;0.0;1.3;;;;;;;;;;;-0.1;-0.1;;;7.5;5.28;6.9;0.0;980.6;;;;;;;;;;
04/02/2021 07:54:53;04/02/2021;07:54:53;0.0;225;1016.0;0.0;0.0;1.7;0.97;0.0;;0.0;1.3;;;;;;;;;;;-0.1;-0.1;;;7.5;5.28;6.9;0.0;980.6;;;;;;;;;;
04/02/2021 07:57:12;04/02/2021;07:57:12;0.0;225;1016.0;0.0;0.0;1.7;0.97;0.0;;0.0;1.3;;;;;;;;;;;-0.1;-0.1;;;7.5;5.28;6.9;0.0;980.6;;;;;;;;;;
04/02/2021 07:59:21;04/02/2021;07:59:21;0.0;225;1016.0;0.0;0.0;1.7;0.97;0.0;;0.0;1.3;;;;;;;;;;;-0.1;-0.1;;;7.5;5.28;6.9;0.0;980.6;;;;;;;;;;
04/02/2021 08:01:38;04/02/2021;08:01:38;0.0;225;1016.0;0.0;0.0;1.7;0.97;0.0;;0.0;1.3;;;;;;;;;;;-0.1;-0.1;;;7.5;5.28;6.9;0.0;980.6;;;;;;;;;;
04/02/2021 08:03:44;04/02/2021;08:03:44;0.0;225;1016.0;0.0;0.0;1.7;0.97;0.0;;0.0;1.3;;;;;;;;;;;-0.1;-0.1;;;7.5;5.28;6.9;0.0;980.6;;;;;;;;;;
04/02/2021 08:05:49;04/02/2021;08:05:49;0.0;225;1016.0;0.0;0.0;1.7;0.97;0.0;;0.0;1.3;;;;;;;;;;;-0.1;-0.1;;;7.5;5.28;6.9;0.0;980.6;;;;;;;;;;
04/02/2021 08:08:06;04/02/2021;08:08:06;0.0;225;1016.0;0.0;0.0;1.7;0.97;0.0;;0.0;1.3;;;;;;;;;;;-0.1;-0.1;;;7.5;5.28;6.9;0.0;980.6;;;;;;;;;;
04/02/2021 08:10:17;04/02/2021;08:10:17;0.0;225;1016.0;0.0;0.0;1.8;0.97;0.0;;0.0;1.4;;;;;;;;;;;0.0;0.0;;;7.6;5.32;7.0;0.0;980.7;;;;;;;;;;
04/02/2021 08:12:24;04/02/2021;08:12:24;0.0;225;1016.0;0.0;0.0;1.8;0.97;0.0;;0.0;1.4;;;;;;;;;;;0.0;0.0;;;7.6;5.32;7.0;0.0;980.7;;;;;;;;;;
04/02/2021 08:14:30;04/02/2021;08:14:30;0.0;225;1016.0;0.0;0.0;1.8;0.97;0.0;;0.0;1.4;;;;;;;;;;;0.0;0.0;;;7.6;5.32;7.0;0.0;980.7;;;;;;;;;;
04/02/2021 08:16:41;04/02/2021;08:16:41;0.0;225;1016.0;0.0;0.0;1.9;0.97;0.0;;0.0;1.5;;;;;;;;;;;0.1;0.1;;;7.7;5.36;7.0;0.0;980.7;;;;;;;;;;
04/02/2021 08:18:50;04/02/2021;08:18:50;0.0;225;1016.5;0.0;0.0;1.9;0.97;0.0;;0.0;1.5;;;;;;;;;;;0.1;0.1;;;7.7;5.36;7.0;0.0;981.1;;;;;;;;;;
04/02/2021 08:21:00;04/02/2021;08:21:00;0.0;225;1017.0;0.0;0.0;1.9;0.97;0.0;;0.0;1.5;;;;;;;;;;;0.1;0.1;;;7.7;5.36;7.0;0.0;981.6;;;;;;;;;;
04/02/2021 08:24:40;04/02/2021;08:24:40;0.0;225;1017.0;0.0;0.0;1.9;0.97;0.0;;0.0;1.5;;;;;;;;;;;0.1;0.1;;;7.7;5.36;7.0;0.0;981.6;;;;;;;;;;
04/02/2021 08:26:47;04/02/2021;08:26:47;0.0;225;1017.0;0.0;0.0;2.0;0.97;0.0;;0.0;1.6;;;;;;;;;;;0.3;0.3;;;7.8;5.39;7.1;0.0;981.6;;;;;;;;;;
04/02/2021 08:28:53;04/02/2021;08:28:53;0.0;225;1017.0;0.0;0.0;2.0;0.97;0.0;;0.0;1.6;;;;;;;;;;;0.3;0.3;;;7.8;5.39;7.1;0.0;981.6;;;;;;;;;;
04/02/2021 08:31:17;04/02/2021;08:31:17;0.0;225;1017.0;0.0;0.0;2.0;0.97;0.0;;0.0;1.6;;;;;;;;;;;0.3;0.3;;;7.8;5.39;7.1;0.0;981.6;;;;;;;;;;
04/02/2021 08:33:47;04/02/2021;08:33:47;0.0;225;1017.0;0.0;0.0;2.1;0.96;0.0;;0.0;1.5;;;;;;;;;;;0.3;0.3;;;7.8;5.37;7.1;0.0;981.7;;;;;;;;;;
04/02/2021 08:35:58;04/02/2021;08:35:58;0.0;225;1017.0;0.0;0.0;2.1;0.97;0.0;;0.0;1.7;;;;;;;;;;;0.4;0.4;;;7.8;5.43;7.1;0.0;981.7;;;;;;;;;;
04/02/2021 08:38:05;04/02/2021;08:38:05;0.0;225;1017.0;0.0;0.0;2.1;0.96;0.0;;0.0;1.5;;;;;;;;;;;0.3;0.3;;;7.8;5.37;7.1;0.0;981.7;;;;;;;;;;
04/02/2021 08:42:03;04/02/2021;08:42:03;0.0;225;1017.0;0.0;0.0;2.2;0.96;0.0;;0.0;1.6;;;;;;;;;;;0.5;0.5;;;7.9;5.41;7.2;0.0;981.7;;;;;;;;;;
04/02/2021 08:44:20;04/02/2021;08:44:20;0.0;225;1017.0;0.0;0.0;2.2;0.96;0.0;;0.0;1.6;;;;;;;;;;;0.5;0.5;;;7.9;5.41;7.2;0.0;981.7;;;;;;;;;;
04/02/2021 08:49:34;04/02/2021;08:49:34;0.0;225;1017.0;0.0;0.0;2.3;0.96;0.0;;0.0;1.7;;;;;;;;;;;0.6;0.6;;;8.0;5.45;7.2;0.0;981.7;;;;;;;;;;
04/02/2021 08:51:40;04/02/2021;08:51:40;0.0;225;1017.0;0.0;0.0;2.4;0.96;0.0;;0.0;1.8;;;;;;;;;;;0.7;0.7;;;8.0;5.48;7.3;0.0;981.7;;;;;;;;;;
04/02/2021 08:53:48;04/02/2021;08:53:48;0.0;225;1017.0;0.0;0.0;2.4;0.96;0.0;;0.0;1.8;;;;;;;;;;;0.7;0.7;;;8.0;5.48;7.3;0.0;981.7;;;;;;;;;;
04/02/2021 08:55:55;04/02/2021;08:55:55;0.0;225;1017.0;0.0;0.0;2.5;0.96;0.0;;0.0;1.9;;;;;;;;;;;0.8;0.8;;;8.1;5.52;7.3;0.0;981.7;;;;;;;;;;
04/02/2021 08:58:09;04/02/2021;08:58:09;0.0;225;1017.0;0.0;0.0;2.5;0.96;0.0;;0.0;1.9;;;;;;;;;;;0.8;0.8;;;8.1;5.52;7.3;0.0;981.7;;;;;;;;;;
04/02/2021 09:00:16;04/02/2021;09:00:16;0.0;225;1017.0;0.0;0.0;2.6;0.96;0.0;;0.0;2.0;;;;;;;;;;;0.9;1.0;;;8.2;5.56;7.4;0.0;981.7;;;;;;;;;;
04/02/2021 09:02:23;04/02/2021;09:02:23;0.0;225;1017.0;0.0;0.0;2.7;0.95;0.0;;0.0;2.0;;;;;;;;;;;1.0;1.1;;;8.2;5.54;7.4;0.0;981.7;;;;;;;;;;
04/02/2021 09:04:30;04/02/2021;09:04:30;0.0;225;1017.0;0.0;0.0;2.8;0.95;0.0;;0.0;2.1;;;;;;;;;;;1.1;1.2;;;8.3;5.58;7.5;0.0;981.7;;;;;;;;;;
04/02/2021 09:06:37;04/02/2021;09:06:37;0.0;225;1017.0;0.0;0.0;2.8;0.95;0.0;;0.0;2.1;;;;;;;;;;;1.1;1.2;;;8.3;5.58;7.5;0.0;981.7;;;;;;;;;;
04/02/2021 09:08:48;04/02/2021;09:08:48;0.0;225;1017.0;0.0;0.0;2.8;0.95;0.0;;0.0;2.1;;;;;;;;;;;1.1;1.2;;;8.3;5.58;7.5;0.0;981.7;;;;;;;;;;
04/02/2021 09:11:02;04/02/2021;09:11:02;0.0;225;1017.0;0.0;0.0;2.9;0.95;0.0;;0.0;2.2;;;;;;;;;;;1.3;1.3;;;8.4;5.61;7.5;0.0;981.8;;;;;;;;;;
04/02/2021 09:13:16;04/02/2021;09:13:16;0.0;225;1017.0;0.0;0.0;2.9;0.95;0.0;;0.0;2.2;;;;;;;;;;;1.3;1.3;;;8.4;5.61;7.5;0.0;981.8;;;;;;;;;;
04/02/2021 09:15:23;04/02/2021;09:15:23;0.0;225;1017.0;0.0;0.0;2.9;0.95;0.0;;0.0;2.2;;;;;;;;;;;1.3;1.3;;;8.4;5.61;7.5;0.0;981.8;;;;;;;;;;
04/02/2021 09:17:34;04/02/2021;09:17:34;0.0;225;1017.0;0.0;0.0;3.0;0.95;0.0;;0.0;2.3;;;;;;;;;;;1.4;1.5;;;8.5;5.65;7.6;0.0;981.8;;;;;;;;;;
04/02/2021 09:19:45;04/02/2021;09:19:45;0.0;225;1017.0;0.0;0.0;3.0;0.95;0.0;;0.0;2.3;;;;;;;;;;;1.4;1.5;;;8.5;5.65;7.6;0.0;981.8;;;;;;;;;;
04/02/2021 09:21:53;04/02/2021;09:21:53;0.0;225;1017.0;0.0;0.0;3.1;0.94;0.0;;0.0;2.2;;;;;;;;;;;1.5;1.5;;;8.5;5.63;7.6;0.0;981.8;;;;;;;;;;
04/02/2021 09:24:09;04/02/2021;09:24:09;0.0;225;1017.0;0.0;0.0;3.1;0.94;0.0;;0.0;2.2;;;;;;;;;;;1.5;1.5;;;8.5;5.63;7.6;0.0;981.8;;;;;;;;;;
04/02/2021 09:26:16;04/02/2021;09:26:16;0.0;225;1017.0;0.0;0.0;3.1;0.94;0.0;;0.0;2.2;;;;;;;;;;;1.5;1.5;;;8.5;5.63;7.6;0.0;981.8;;;;;;;;;;
04/02/2021 09:28:32;04/02/2021;09:28:32;0.0;225;1017.0;0.0;0.0;3.1;0.94;0.0;;0.0;2.2;;;;;;;;;;;1.5;1.5;;;8.5;5.63;7.6;0.0;981.8;;;;;;;;;;
04/02/2021 09:30:56;04/02/2021;09:30:56;0.0;225;1017.0;0.0;0.0;3.1;0.94;0.0;;0.0;2.2;;;;;;;;;;;1.5;1.5;;;8.5;5.63;7.6;0.0;981.8;;;;;;;;;;
04/02/2021 09:35:16;04/02/2021;09:35:16;0.0;225;1017.0;0.0;0.0;3.0;0.94;0.0;;0.0;2.1;;;;;;;;;;;1.3;1.4;;;8.4;5.59;7.6;0.0;981.8;;;;;;;;;;
04/02/2021 11:37:49;04/02/2021;11:37:49;0.0;225;1017.0;0.0;0.0;3.0;0.94;0.0;;0.0;2.1;;;;;;;;;;;1.3;1.4;;;8.4;5.59;7.6;0.0;981.8;;;;;;;;;;
04/02/2021 11:39:59;04/02/2021;11:39:59;0.0;225;1018.0;0.0;0.0;6.4;0.84;0.0;;0.0;3.9;;;;;;;;;;;5.1;5.3;;;10.7;6.26;9.6;0.0;983.2;;;;;;;;;;
04/02/2021 11:42:06;04/02/2021;11:42:06;0.0;225;1018.0;0.0;0.0;6.3;0.86;0.0;;0.0;4.1;;;;;;;;;;;5.0;5.3;;;10.7;6.37;9.6;0.0;983.1;;;;;;;;;;
04/02/2021 11:47:25;04/02/2021;11:47:25;0.0;225;1018.0;0.0;0.0;6.2;0.86;0.0;;0.0;4.0;;;;;;;;;;;4.9;5.2;;;10.7;6.32;9.5;0.0;983.1;;;;;;;;;;
04/02/2021 11:49:33;04/02/2021;11:49:33;0.0;225;1018.0;0.0;0.0;6.1;0.85;0.0;;0.0;3.7;;;;;;;;;;;4.7;5.0;;;10.5;6.21;9.4;0.0;983.1;;;;;;;;;;
04/02/2021 11:51:46;04/02/2021;11:51:46;0.0;225;1018.0;0.0;0.0;6.1;0.83;0.0;;0.0;3.5;;;;;;;;;;;4.8;5.0;;;10.5;6.1;9.5;0.0;983.1;;;;;;;;;;
04/02/2021 11:53:59;04/02/2021;11:53:59;0.0;225;1018.0;0.0;0.0;6.3;0.83;0.0;;0.0;3.6;;;;;;;;;;;4.9;5.1;;;10.6;6.14;9.6;0.0;983.1;;;;;;;;;;
04/02/2021 11:56:08;04/02/2021;11:56:08;0.0;225;1018.0;0.0;0.0;6.4;0.83;0.0;;0.0;3.7;;;;;;;;;;;5.0;5.3;;;10.7;6.18;9.6;0.0;983.2;;;;;;;;;;
04/02/2021 11:58:14;04/02/2021;11:58:14;0.0;225;1018.0;0.0;0.0;6.5;0.83;0.0;;0.0;3.8;;;;;;;;;;;5.1;5.4;;;10.8;6.22;9.7;0.0;983.2;;;;;;;;;;
04/02/2021 12:00:26;04/02/2021;12:00:26;0.0;225;1018.0;0.0;0.0;6.5;0.84;0.0;;0.0;4.0;;;;;;;;;;;5.2;5.5;;;10.8;6.3;9.7;0.0;983.2;;;;;;;;;;
04/02/2021 12:02:33;04/02/2021;12:02:33;0.0;225;1018.0;0.0;0.0;6.5;0.85;0.0;;0.0;4.1;;;;;;;;;;;5.2;5.5;;;10.9;6.37;9.7;0.0;983.2;;;;;;;;;;
04/02/2021 12:05:07;04/02/2021;12:05:07;0.0;225;1018.0;0.0;0.0;6.3;0.85;0.0;;0.0;3.9;;;;;;;;;;;5.0;5.2;;;10.7;6.29;9.6;0.0;983.1;;;;;;;;;;
04/02/2021 12:07:13;04/02/2021;12:07:13;0.0;225;1018.0;0.0;0.0;6.2;0.85;0.0;;0.0;3.8;;;;;;;;;;;4.9;5.1;;;10.6;6.25;9.5;0.0;983.1;;;;;;;;;;
04/02/2021 12:09:19;04/02/2021;12:09:19;0.0;225;1018.0;0.0;0.0;6.2;0.85;0.0;;0.0;3.8;;;;;;;;;;;4.9;5.1;;;10.6;6.25;9.5;0.0;983.1;;;;;;;;;;
04/02/2021 12:11:30;04/02/2021;12:11:30;0.0;225;1018.0;0.0;0.0;6.2;0.85;0.0;;0.0;3.8;;;;;;;;;;;4.9;5.1;;;10.6;6.25;9.5;0.0;983.1;;;;;;;;;;
04/02/2021 12:13:43;04/02/2021;12:13:43;0.0;225;1018.0;0.0;0.0;6.3;0.84;0.0;;0.0;3.8;;;;;;;;;;;4.9;5.2;;;10.7;6.22;9.6;0.0;983.1;;;;;;;;;;
04/02/2021 12:15:52;04/02/2021;12:15:52;0.0;225;1018.0;0.0;0.0;6.4;0.85;0.0;;0.0;4.0;;;;;;;;;;;5.1;5.4;;;10.8;6.33;9.6;0.0;983.2;;;;;;;;;;
04/02/2021 12:18:01;04/02/2021;12:18:01;0.0;225;1018.0;0.0;0.0;6.4;0.84;0.0;;0.0;3.9;;;;;;;;;;;5.1;5.3;;;10.7;6.26;9.6;0.0;983.2;;;;;;;;;;
04/02/2021 12:20:09;04/02/2021;12:20:09;0.0;225;1018.0;0.0;0.0;6.4;0.85;0.0;;0.0;4.0;;;;;;;;;;;5.1;5.4;;;10.8;6.33;9.6;0.0;983.2;;;;;;;;;;
04/02/2021 12:22:23;04/02/2021;12:22:23;0.0;225;1018.0;0.0;0.0;6.4;0.85;0.0;;0.0;4.0;;;;;;;;;;;5.1;5.4;;;10.8;6.33;9.6;0.0;983.2;;;;;;;;;;
04/02/2021 12:24:30;04/02/2021;12:24:30;0.0;225;1018.0;0.0;0.0;6.4;0.85;0.0;;0.0;4.0;;;;;;;;;;;5.1;5.4;;;10.8;6.33;9.6;0.0;983.2;;;;;;;;;;
04/02/2021 12:26:36;04/02/2021;12:26:36;0.0;225;1018.0;0.0;0.0;6.4;0.84;0.0;;0.0;3.9;;;;;;;;;;;5.1;5.3;;;10.7;6.26;9.6;0.0;983.2;;;;;;;;;;
04/02/2021 12:28:42;04/02/2021;12:28:42;0.0;225;1018.0;0.0;0.0;6.4;0.84;0.0;;0.0;3.9;;;;;;;;;;;5.1;5.3;;;10.7;6.26;9.6;0.0;983.2;;;;;;;;;;
04/02/2021 12:30:50;04/02/2021;12:30:50;0.0;225;1018.0;0.0;0.0;6.5;0.84;0.0;;0.0;4.0;;;;;;;;;;;5.2;5.5;;;10.8;6.3;9.7;0.0;983.2;;;;;;;;;;
04/02/2021 12:33:00;04/02/2021;12:33:00;0.0;225;1018.0;0.0;0.0;6.5;0.84;0.0;;0.0;4.0;;;;;;;;;;;5.2;5.5;;;10.8;6.3;9.7;0.0;983.2;;;;;;;;;;
04/02/2021 12:35:08;04/02/2021;12:35:08;0.0;225;1018.0;0.0;0.0;6.6;0.84;0.0;;0.0;4.1;;;;;;;;;;;5.3;5.6;;;10.9;6.34;9.7;0.0;983.2;;;;;;;;;;
04/02/2021 12:37:14;04/02/2021;12:37:14;0.0;225;1018.0;0.0;0.0;6.7;0.83;0.0;;0.0;4.0;;;;;;;;;;;5.4;5.7;;;10.9;6.31;9.8;0.0;983.2;;;;;;;;;;
04/02/2021 12:39:20;04/02/2021;12:39:20;0.0;225;1018.0;0.0;0.0;6.8;0.82;0.0;;0.0;3.9;;;;;;;;;;;5.5;5.7;;;11.0;6.27;9.9;0.0;983.2;;;;;;;;;;
04/02/2021 12:41:27;04/02/2021;12:41:27;0.0;225;1018.0;0.0;0.0;6.9;0.82;0.0;;0.0;4.0;;;;;;;;;;;5.6;5.9;;;11.1;6.31;10.0;0.0;983.2;;;;;;;;;;
04/02/2021 12:43:33;04/02/2021;12:43:33;0.0;225;1018.0;0.0;0.0;7.0;0.82;0.0;;0.0;4.1;;;;;;;;;;;5.7;6.0;;;11.1;6.35;10.0;0.0;983.2;;;;;;;;;;
04/02/2021 12:45:39;04/02/2021;12:45:39;0.0;225;1018.0;0.0;0.0;7.1;0.82;0.0;;0.0;4.2;;;;;;;;;;;5.8;6.1;;;11.2;6.39;10.1;0.0;983.2;;;;;;;;;;
04/02/2021 12:47:45;04/02/2021;12:47:45;0.0;225;1018.0;0.0;0.0;7.1;0.83;0.0;;0.0;4.4;;;;;;;;;;;5.9;6.2;;;11.3;6.47;10.1;0.0;983.2;;;;;;;;;;
04/02/2021 12:49:51;04/02/2021;12:49:51;0.0;225;1018.0;0.0;0.0;7.1;0.83;0.0;;0.0;4.4;;;;;;;;;;;5.9;6.2;;;11.3;6.47;10.1;0.0;983.2;;;;;;;;;;
04/02/2021 12:51:59;04/02/2021;12:51:59;0.0;225;1018.0;0.0;0.0;7.1;0.82;0.0;;0.0;4.2;;;;;;;;;;;5.8;6.1;;;11.2;6.39;10.1;0.0;983.2;;;;;;;;;;
04/02/2021 12:54:08;04/02/2021;12:54:08;0.0;225;1018.0;0.0;0.0;7.1;0.82;0.0;;0.0;4.2;;;;;;;;;;;5.8;6.1;;;11.2;6.39;10.1;0.0;983.2;;;;;;;;;;
04/02/2021 12:56:14;04/02/2021;12:56:14;0.0;225;1018.0;0.0;0.0;7.1;0.83;0.0;;0.0;4.4;;;;;;;;;;;5.9;6.2;;;11.3;6.47;10.1;0.0;983.2;;;;;;;;;;
04/02/2021 12:58:23;04/02/2021;12:58:23;0.0;225;1018.0;0.0;0.0;7.1;0.83;0.0;;0.0;4.4;;;;;;;;;;;5.9;6.2;;;11.3;6.47;10.1;0.0;983.2;;;;;;;;;;
04/02/2021 13:00:28;04/02/2021;13:00:28;0.0;225;1018.0;0.0;0.0;7.1;0.83;0.0;;0.0;4.4;;;;;;;;;;;5.9;6.2;;;11.3;6.47;10.1;0.0;983.2;;;;;;;;;;
04/02/2021 13:02:38;04/02/2021;13:02:38;0.0;225;1018.0;0.0;0.0;7.1;0.84;0.0;;0.0;4.5;;;;;;;;;;;5.9;6.2;;;11.3;6.55;10.1;0.0;983.2;;;;;;;;;;
04/02/2021 13:04:46;04/02/2021;13:04:46;0.0;225;1018.0;0.0;0.0;7.0;0.84;0.0;;0.0;4.4;;;;;;;;;;;5.8;6.1;;;11.2;6.51;10.0;0.0;983.2;;;;;;;;;;
04/02/2021 13:06:55;04/02/2021;13:06:55;0.0;225;1018.0;0.0;0.0;7.0;0.84;0.0;;0.0;4.4;;;;;;;;;;;5.8;6.1;;;11.2;6.51;10.0;0.0;983.2;;;;;;;;;;
04/02/2021 13:09:02;04/02/2021;13:09:02;0.0;225;1018.0;0.0;0.0;7.0;0.84;0.0;;0.0;4.4;;;;;;;;;;;5.8;6.1;;;11.2;6.51;10.0;0.0;983.2;;;;;;;;;;
04/02/2021 13:11:15;04/02/2021;13:11:15;0.0;112.5;1018.0;0.0;0.0;7.0;0.85;0.0;;0.0;4.6;;;;;;;;;;;5.8;6.2;;;11.3;6.59;10.0;0.0;983.2;;;;;;;;;;
04/02/2021 13:13:23;04/02/2021;13:13:23;0.0;112.5;1018.0;0.0;0.0;6.9;0.84;0.0;;0.0;4.4;;;;;;;;;;;5.7;6.0;;;11.1;6.47;10.0;0.0;983.2;;;;;;;;;;
04/02/2021 13:15:30;04/02/2021;13:15:30;0.0;112.5;1018.0;0.0;0.0;6.9;0.85;0.0;;0.0;4.5;;;;;;;;;;;5.7;6.0;;;11.2;6.54;10.0;0.0;983.2;;;;;;;;;;
04/02/2021 13:17:36;04/02/2021;13:17:36;0.0;112.5;1018.0;0.0;0.0;6.9;0.84;0.0;;0.0;4.4;;;;;;;;;;;5.7;6.0;;;11.1;6.47;10.0;0.0;983.2;;;;;;;;;;
04/02/2021 13:19:45;04/02/2021;13:19:45;0.0;112.5;1018.0;0.0;0.0;6.9;0.85;0.0;;0.0;4.5;;;;;;;;;;;5.7;6.0;;;11.2;6.54;10.0;0.0;983.2;;;;;;;;;;
04/02/2021 13:21:53;04/02/2021;13:21:53;0.0;112.5;1018.0;0.0;0.0;6.9;0.84;0.0;;0.0;4.4;;;;;;;;;;;5.7;6.0;;;11.1;6.47;10.0;0.0;983.2;;;;;;;;;;
04/02/2021 13:25:05;04/02/2021;13:25:05;0.0;112.5;1018.0;0.0;0.0;6.9;0.84;0.0;;0.0;4.4;;;;;;;;;;;5.8;6.1;;;11.2;6.51;10.0;0.0;983.2;;;;;;;;;;
04/02/2021 13:28:12;04/02/2021;13:28:12;0.0;112.5;1018.0;0.0;0.0;7.0;0.84;0.0;;0.0;4.4;;;;;;;;;;;5.8;6.1;;;11.2;6.51;10.0;0.0;983.2;;;;;;;;;;
04/02/2021 13:30:20;04/02/2021;13:30:20;0.0;112.5;1018.0;0.0;0.0;7.0;0.85;0.0;;0.0;4.6;;;;;;;;;;;5.8;6.2;;;11.3;6.59;10.0;0.0;983.2;;;;;;;;;;
04/02/2021 13:32:26;04/02/2021;13:32:26;0.0;112.5;1018.0;0.0;0.0;7.0;0.85;0.0;;0.0;4.6;;;;;;;;;;;5.8;6.2;;;11.3;6.59;10.0;0.0;983.2;;;;;;;;;;
04/02/2021 15:34:53;04/02/2021;15:34:53;0.0;112.5;1018.0;0.0;0.0;7.0;0.84;0.0;;0.0;4.4;;;;;;;;;;;5.8;6.1;;;11.2;6.51;10.0;0.0;983.2;;;;;;;;;;
04/02/2021 15:37:00;04/02/2021;15:37:00;0.0;90;1018.0;0.0;0.0;6.6;0.87;0.0;;0.0;4.6;;;;;;;;;;;5.4;5.8;;;11.0;6.57;9.7;0.0;983.2;;;;;;;;;;
04/02/2021 15:41:14;04/02/2021;15:41:14;0.0;90;1018.0;0.0;0.0;6.5;0.87;0.0;;0.0;4.5;;;;;;;;;;;5.3;5.6;;;10.9;6.52;9.7;0.0;983.2;;;;;;;;;;
04/02/2021 15:43:21;04/02/2021;15:43:21;0.0;90;1018.0;0.0;0.0;6.5;0.87;0.0;;0.0;4.5;;;;;;;;;;;5.3;5.6;;;10.9;6.52;9.7;0.0;983.2;;;;;;;;;;
04/02/2021 15:45:33;04/02/2021;15:45:33;0.0;90;1018.0;0.0;0.0;6.4;0.88;0.0;;0.0;4.5;;;;;;;;;;;5.2;5.5;;;10.9;6.56;9.6;0.0;983.2;;;;;;;;;;
04/02/2021 15:47:39;04/02/2021;15:47:39;0.0;90;1018.0;0.0;0.0;6.3;0.88;0.0;;0.0;4.4;;;;;;;;;;;5.1;5.4;;;10.8;6.51;9.6;0.0;983.1;;;;;;;;;;
04/02/2021 15:49:46;04/02/2021;15:49:46;0.0;90;1018.0;0.0;0.0;6.3;0.87;0.0;;0.0;4.3;;;;;;;;;;;5.0;5.4;;;10.8;6.44;9.6;0.0;983.1;;;;;;;;;;
04/02/2021 15:51:56;04/02/2021;15:51:56;0.0;90;1018.0;0.0;0.0;6.3;0.88;0.0;;0.0;4.4;;;;;;;;;;;5.1;5.4;;;10.8;6.51;9.6;0.0;983.1;;;;;;;;;;
04/02/2021 15:54:03;04/02/2021;15:54:03;0.0;90;1018.0;0.0;0.0;6.3;0.88;0.0;;0.0;4.4;;;;;;;;;;;5.1;5.4;;;10.8;6.51;9.6;0.0;983.1;;;;;;;;;;
04/02/2021 15:56:08;04/02/2021;15:56:08;0.0;90;1018.0;0.0;0.0;6.3;0.88;0.0;;0.0;4.4;;;;;;;;;;;5.1;5.4;;;10.8;6.51;9.6;0.0;983.1;;;;;;;;;;
04/02/2021 15:58:15;04/02/2021;15:58:15;0.0;90;1018.0;0.0;0.0;6.3;0.87;0.0;;0.0;4.3;;;;;;;;;;;5.0;5.4;;;10.8;6.44;9.6;0.0;983.1;;;;;;;;;;
04/02/2021 16:00:25;04/02/2021;16:00:25;0.0;90;1018.0;0.0;0.0;6.3;0.87;0.0;;0.0;4.3;;;;;;;;;;;5.0;5.4;;;10.8;6.44;9.6;0.0;983.1;;;;;;;;;;
04/02/2021 16:02:33;04/02/2021;16:02:33;0.0;90;1018.0;0.0;0.0;6.4;0.87;0.0;;0.0;4.4;;;;;;;;;;;5.2;5.5;;;10.9;6.48;9.6;0.0;983.2;;;;;;;;;;
04/02/2021 16:04:40;04/02/2021;16:04:40;0.0;90;1018.0;0.0;0.0;6.4;0.87;0.0;;0.0;4.4;;;;;;;;;;;5.2;5.5;;;10.9;6.48;9.6;0.0;983.2;;;;;;;;;;
04/02/2021 16:06:47;04/02/2021;16:06:47;0.0;90;1018.0;0.0;0.0;6.4;0.87;0.0;;0.0;4.4;;;;;;;;;;;5.2;5.5;;;10.9;6.48;9.6;0.0;983.2;;;;;;;;;;
04/02/2021 16:08:54;04/02/2021;16:08:54;0.0;90;1018.0;0.0;0.0;6.4;0.87;0.0;;0.0;4.4;;;;;;;;;;;5.2;5.5;;;10.9;6.48;9.6;0.0;983.2;;;;;;;;;;
04/02/2021 16:10:59;04/02/2021;16:10:59;0.0;90;1018.0;0.0;0.0;6.4;0.88;0.0;;0.0;4.5;;;;;;;;;;;5.2;5.5;;;10.9;6.56;9.6;0.0;983.2;;;;;;;;;;
04/02/2021 16:13:42;04/02/2021;16:13:42;0.0;90;1018.0;0.0;0.0;6.3;0.88;0.0;;0.0;4.4;;;;;;;;;;;5.1;5.4;;;10.8;6.51;9.6;0.0;983.1;;;;;;;;;;
04/02/2021 16:15:48;04/02/2021;16:15:48;0.0;90;1018.0;0.0;0.0;6.3;0.88;0.0;;0.0;4.4;;;;;;;;;;;5.1;5.4;;;10.8;6.51;9.6;0.0;983.1;;;;;;;;;;
04/02/2021 16:17:59;04/02/2021;16:17:59;0.0;90;1018.0;0.0;0.0;6.3;0.88;0.0;;0.0;4.4;;;;;;;;;;;5.1;5.4;;;10.8;6.51;9.6;0.0;983.1;;;;;;;;;;
04/02/2021 16:20:09;04/02/2021;16:20:09;0.0;90;1018.0;0.0;0.0;6.2;0.88;0.0;;0.0;4.3;;;;;;;;;;;5.0;5.3;;;10.7;6.47;9.5;0.0;983.1;;;;;;;;;;
04/02/2021 16:22:17;04/02/2021;16:22:17;0.0;90;1018.0;0.0;0.0;6.2;0.88;0.0;;0.0;4.3;;;;;;;;;;;5.0;5.3;;;10.7;6.47;9.5;0.0;983.1;;;;;;;;;;
04/02/2021 16:24:25;04/02/2021;16:24:25;0.0;90;1018.0;0.0;0.0;6.2;0.88;0.0;;0.0;4.3;;;;;;;;;;;5.0;5.3;;;10.7;6.47;9.5;0.0;983.1;;;;;;;;;;
04/02/2021 16:26:32;04/02/2021;16:26:32;0.0;90;1018.0;0.0;0.0;6.2;0.88;0.0;;0.0;4.3;;;;;;;;;;;5.0;5.3;;;10.7;6.47;9.5;0.0;983.1;;;;;;;;;;
04/02/2021 16:28:39;04/02/2021;16:28:39;0.0;90;1018.0;0.0;0.0;6.1;0.88;0.0;;0.0;4.2;;;;;;;;;;;4.8;5.1;;;10.7;6.43;9.4;0.0;983.1;;;;;;;;;;
04/02/2021 16:30:48;04/02/2021;16:30:48;0.0;90;1018.0;0.0;0.0;6.1;0.88;0.0;;0.0;4.2;;;;;;;;;;;4.8;5.1;;;10.7;6.43;9.4;0.0;983.1;;;;;;;;;;
04/02/2021 16:32:54;04/02/2021;16:32:54;0.0;90;1018.0;0.0;0.0;6.1;0.87;0.0;;0.0;4.1;;;;;;;;;;;4.8;5.1;;;10.6;6.36;9.4;0.0;983.1;;;;;;;;;;
04/02/2021 16:35:04;04/02/2021;16:35:04;0.0;90;1018.0;0.0;0.0;6.0;0.88;0.0;;0.0;4.1;;;;;;;;;;;4.7;5.0;;;10.6;6.39;9.4;0.0;983.1;;;;;;;;;;
04/02/2021 16:37:11;04/02/2021;16:37:11;0.0;90;1018.0;0.0;0.0;5.9;0.88;0.0;;0.0;4.0;;;;;;;;;;;4.6;4.9;;;10.5;6.35;9.3;0.0;983.1;;;;;;;;;;
04/02/2021 16:39:24;04/02/2021;16:39:24;0.0;90;1018.0;0.0;0.0;5.9;0.88;0.0;;0.0;4.0;;;;;;;;;;;4.6;4.9;;;10.5;6.35;9.3;0.0;983.1;;;;;;;;;;
04/02/2021 16:41:29;04/02/2021;16:41:29;0.0;90;1018.0;0.0;0.0;5.8;0.88;0.0;;0.0;3.9;;;;;;;;;;;4.5;4.7;;;10.4;6.3;9.2;0.0;983.1;;;;;;;;;;
04/02/2021 16:43:38;04/02/2021;16:43:38;0.0;90;1018.0;0.0;0.0;5.7;0.88;0.0;;0.0;3.8;;;;;;;;;;;4.4;4.6;;;10.3;6.26;9.2;0.0;983.1;;;;;;;;;;
04/02/2021 16:45:45;04/02/2021;16:45:45;0.0;90;1018.0;0.0;0.0;5.6;0.89;0.0;;0.0;3.9;;;;;;;;;;;4.3;4.5;;;10.3;6.29;9.1;0.0;983.1;;;;;;;;;;
04/02/2021 16:47:50;04/02/2021;16:47:50;0.0;90;1018.0;0.0;0.0;5.5;0.89;0.0;;0.0;3.8;;;;;;;;;;;4.1;4.4;;;10.2;6.25;9.0;0.0;983.0;;;;;;;;;;
04/02/2021 16:49:57;04/02/2021;16:49:57;0.0;90;1018.0;0.0;0.0;5.4;0.89;0.0;;0.0;3.7;;;;;;;;;;;4.0;4.3;;;10.1;6.21;9.0;0.0;983.0;;;;;;;;;;
04/02/2021 16:52:05;04/02/2021;16:52:05;0.0;90;1018.0;0.0;0.0;5.3;0.89;0.0;;0.0;3.6;;;;;;;;;;;3.9;4.1;;;10.1;6.17;8.9;0.0;983.0;;;;;;;;;;
04/02/2021 16:54:11;04/02/2021;16:54:11;0.0;90;1018.0;0.0;0.0;5.2;0.9;0.0;;0.0;3.7;;;;;;;;;;;3.8;4.1;;;10.0;6.2;8.8;0.0;983.0;;;;;;;;;;
04/02/2021 16:56:22;04/02/2021;16:56:22;0.0;90;1018.0;0.0;0.0;5.0;0.9;0.0;;0.0;3.5;;;;;;;;;;;3.6;3.8;;;9.9;6.12;8.7;0.0;983.0;;;;;;;;;;
04/02/2021 16:58:30;04/02/2021;16:58:30;0.0;90;1018.0;0.0;0.0;4.9;0.89;0.0;;0.0;3.2;;;;;;;;;;;3.4;3.6;;;9.7;6.01;8.7;0.0;983.0;;;;;;;;;;
04/02/2021 17:00:35;04/02/2021;17:00:35;0.0;90;1018.0;0.0;0.0;4.7;0.89;0.0;;0.0;3.0;;;;;;;;;;;3.2;3.4;;;9.6;5.93;8.5;0.0;982.9;;;;;;;;;;
04/02/2021 17:02:43;04/02/2021;17:02:43;0.0;90;1018.0;0.0;0.0;4.5;0.9;0.0;;0.0;3.0;;;;;;;;;;;3.0;3.2;;;9.5;5.92;8.4;0.0;982.9;;;;;;;;;;
04/02/2021 17:04:49;04/02/2021;17:04:49;0.0;90;1018.0;0.0;0.0;4.4;0.9;0.0;;0.0;2.9;;;;;;;;;;;2.9;3.0;;;9.4;5.88;8.4;0.0;982.9;;;;;;;;;;
04/02/2021 17:07:01;04/02/2021;17:07:01;0.0;90;1018.0;0.0;0.0;4.2;0.91;0.0;;0.0;2.8;;;;;;;;;;;2.7;2.8;;;9.3;5.86;8.3;0.0;982.9;;;;;;;;;;
04/02/2021 17:11:21;04/02/2021;17:11:21;0.0;90;1018.0;0.0;0.0;4.0;0.93;0.0;;0.0;3.0;;;;;;;;;;;2.5;2.7;;;9.2;5.91;8.1;0.0;982.9;;;;;;;;;;
04/02/2021 17:15:43;04/02/2021;17:15:43;0.0;90;1018.0;0.0;0.0;3.9;0.93;0.0;;0.0;2.9;;;;;;;;;;;2.4;2.5;;;9.1;5.88;8.1;0.0;982.8;;;;;;;;;;
04/02/2021 17:17:53;04/02/2021;17:17:53;0.0;90;1018.0;0.0;0.0;3.9;0.93;0.0;;0.0;2.9;;;;;;;;;;;2.4;2.5;;;9.1;5.88;8.1;0.0;982.8;;;;;;;;;;
04/02/2021 17:20:01;04/02/2021;17:20:01;0.0;90;1018.0;0.0;0.0;3.8;0.93;0.0;;0.0;2.8;;;;;;;;;;;2.3;2.4;;;9.0;5.84;8.0;0.0;982.8;;;;;;;;;;
04/02/2021 17:22:48;04/02/2021;17:22:48;0.0;90;1018.0;0.0;0.0;3.7;0.93;0.0;;0.0;2.7;;;;;;;;;;;2.1;2.3;;;8.9;5.8;8.0;0.0;982.8;;;;;;;;;;
04/02/2021 17:25:01;04/02/2021;17:25:01;0.0;90;1018.0;0.0;0.0;3.6;0.93;0.0;;0.0;2.6;;;;;;;;;;;2.0;2.1;;;8.9;5.76;7.9;0.0;982.8;;;;;;;;;;
04/02/2021 17:27:16;04/02/2021;17:27:16;0.0;90;1018.0;0.0;0.0;3.5;0.93;0.0;;0.0;2.5;;;;;;;;;;;1.9;2.0;;;8.8;5.72;7.9;0.0;982.8;;;;;;;;;;
04/02/2021 17:29:24;04/02/2021;17:29:24;0.0;90;1018.0;0.0;0.0;3.4;0.93;0.0;;0.0;2.4;;;;;;;;;;;1.8;1.9;;;8.7;5.68;7.8;0.0;982.8;;;;;;;;;;
04/02/2021 17:31:35;04/02/2021;17:31:35;0.0;90;1018.0;0.0;0.0;3.3;0.93;0.0;;0.0;2.3;;;;;;;;;;;1.7;1.8;;;8.6;5.64;7.7;0.0;982.8;;;;;;;;;;
04/02/2021 17:34:54;04/02/2021;17:34:54;0.0;90;1018.0;0.0;0.0;3.2;0.94;0.0;;0.0;2.3;;;;;;;;;;;1.6;1.7;;;8.6;5.67;7.7;0.0;982.8;;;;;;;;;;
04/02/2021 17:37:02;04/02/2021;17:37:02;0.0;135;1018.0;0.0;0.0;3.1;0.94;0.0;;0.0;2.2;;;;;;;;;;;1.5;1.5;;;8.5;5.63;7.6;0.0;982.7;;;;;;;;;;
04/02/2021 17:39:18;04/02/2021;17:39:18;0.0;135;1018.0;0.0;0.0;3.1;0.94;0.0;;0.0;2.2;;;;;;;;;;;1.5;1.5;;;8.5;5.63;7.6;0.0;982.7;;;;;;;;;;
04/02/2021 17:41:26;04/02/2021;17:41:26;0.0;135;1018.0;0.0;0.0;3.0;0.94;0.0;;0.0;2.1;;;;;;;;;;;1.3;1.4;;;8.4;5.59;7.6;0.0;982.7;;;;;;;;;;
04/02/2021 17:43:37;04/02/2021;17:43:37;0.0;135;1018.0;0.0;0.0;3.0;0.94;0.0;;0.0;2.1;;;;;;;;;;;1.3;1.4;;;8.4;5.59;7.6;0.0;982.7;;;;;;;;;;
04/02/2021 17:45:49;04/02/2021;17:45:49;0.0;135;1018.0;0.0;0.0;2.9;0.94;0.0;;0.0;2.0;;;;;;;;;;;1.2;1.3;;;8.4;5.55;7.5;0.0;982.7;;;;;;;;;;
04/02/2021 17:47:57;04/02/2021;17:47:57;0.0;135;1018.0;0.0;0.0;2.7;0.94;0.0;;0.0;1.8;;;;;;;;;;;1.0;1.0;;;8.2;5.48;7.4;0.0;982.7;;;;;;;;;;
04/02/2021 17:50:08;04/02/2021;17:50:08;0.0;135;1019.0;0.0;0.0;2.6;0.94;0.0;;0.0;1.7;;;;;;;;;;;0.9;0.9;;;8.1;5.44;7.4;0.0;983.6;;;;;;;;;;
04/02/2021 17:52:14;04/02/2021;17:52:14;0.0;135;1019.0;0.0;0.0;2.5;0.94;0.0;;0.0;1.6;;;;;;;;;;;0.8;0.8;;;8.1;5.41;7.3;0.0;983.6;;;;;;;;;;
04/02/2021 17:54:22;04/02/2021;17:54:22;0.0;135;1019.0;0.0;0.0;2.4;0.94;0.0;;0.0;1.5;;;;;;;;;;;0.7;0.6;;;8.0;5.37;7.3;0.0;983.6;;;;;;;;;;
04/02/2021 17:56:34;04/02/2021;17:56:34;0.0;135;1019.0;0.0;0.0;2.2;0.94;0.0;;0.0;1.3;;;;;;;;;;;0.4;0.4;;;7.8;5.3;7.2;0.0;983.6;;;;;;;;;;
04/02/2021 17:58:42;04/02/2021;17:58:42;0.0;135;1019.0;0.0;0.0;2.1;0.94;0.0;;0.0;1.2;;;;;;;;;;;0.3;0.2;;;7.8;5.26;7.1;0.0;983.6;;;;;;;;;;
04/02/2021 18:00:51;04/02/2021;18:00:51;0.0;135;1019.0;0.0;0.0;2.0;0.95;0.0;;0.0;1.3;;;;;;;;;;;0.2;0.2;;;7.7;5.28;7.1;0.0;983.6;;;;;;;;;;
04/02/2021 18:02:57;04/02/2021;18:02:57;0.0;135;1019.0;0.0;0.0;1.9;0.95;0.0;;0.0;1.2;;;;;;;;;;;0.1;0.0;;;7.6;5.25;7.0;0.0;983.6;;;;;;;;;;
04/02/2021 18:05:09;04/02/2021;18:05:09;0.0;135;1019.0;0.0;0.0;1.9;0.95;0.0;;0.0;1.2;;;;;;;;;;;0.1;0.0;;;7.6;5.25;7.0;0.0;983.6;;;;;;;;;;
04/02/2021 18:07:16;04/02/2021;18:07:16;0.0;135;1019.0;0.0;0.0;1.8;0.95;0.0;;0.0;1.1;;;;;;;;;;;0.0;-0.1;;;7.6;5.21;7.0;0.0;983.5;;;;;;;;;;
04/02/2021 18:09:28;04/02/2021;18:09:28;0.0;135;1019.0;0.0;0.0;1.8;0.95;0.0;;0.0;1.1;;;;;;;;;;;0.0;-0.1;;;7.6;5.21;7.0;0.0;983.5;;;;;;;;;;
04/02/2021 18:11:40;04/02/2021;18:11:40;0.0;135;1019.0;0.0;0.0;1.8;0.95;0.0;;0.0;1.1;;;;;;;;;;;0.0;-0.1;;;7.6;5.21;7.0;0.0;983.5;;;;;;;;;;
04/02/2021 18:13:46;04/02/2021;18:13:46;0.0;135;1019.0;0.0;0.0;1.7;0.95;0.0;;0.0;1.0;;;;;;;;;;;-0.1;-0.2;;;7.5;5.18;6.9;0.0;983.5;;;;;;;;;;
04/02/2021 18:15:55;04/02/2021;18:15:55;0.0;135;1019.0;0.0;0.0;1.7;0.95;0.0;;0.0;1.0;;;;;;;;;;;-0.1;-0.2;;;7.5;5.18;6.9;0.0;983.5;;;;;;;;;;
04/02/2021 18:18:05;04/02/2021;18:18:05;0.0;135;1019.0;0.0;0.0;1.7;0.96;0.0;;0.0;1.1;;;;;;;;;;;-0.1;-0.2;;;7.5;5.23;6.9;0.0;983.5;;;;;;;;;;
04/02/2021 18:20:11;04/02/2021;18:20:11;0.0;135;1019.0;0.0;0.0;1.7;0.96;0.0;;0.0;1.1;;;;;;;;;;;-0.1;-0.2;;;7.5;5.23;6.9;0.0;983.5;;;;;;;;;;
04/02/2021 18:24:01;04/02/2021;18:24:01;0.0;135;1019.0;0.0;0.0;1.7;0.96;0.0;;0.0;1.1;;;;;;;;;;;-0.1;-0.2;;;7.5;5.23;6.9;0.0;983.5;;;;;;;;;;
04/02/2021 18:26:23;04/02/2021;18:26:23;0.0;135;1019.0;0.0;0.0;1.9;0.96;0.0;;0.0;1.3;;;;;;;;;;;0.1;0.1;;;7.7;5.3;7.0;0.0;983.6;;;;;;;;;;
04/02/2021 18:28:29;04/02/2021;18:28:29;0.0;135;1019.0;0.0;0.0;2.1;0.96;0.0;;0.0;1.5;;;;;;;;;;;0.3;0.3;;;7.8;5.37;7.1;0.0;983.6;;;;;;;;;;
04/02/2021 18:30:44;04/02/2021;18:30:44;0.0;135;1019.0;0.0;0.0;2.1;0.97;0.0;;0.0;1.7;;;;;;;;;;;0.4;0.4;;;7.8;5.43;7.1;0.0;983.6;;;;;;;;;;
04/02/2021 18:32:53;04/02/2021;18:32:53;0.0;135;1019.0;0.0;0.0;2.2;0.96;0.0;;0.0;1.6;;;;;;;;;;;0.5;0.5;;;7.9;5.41;7.2;0.0;983.6;;;;;;;;;;
04/02/2021 18:35:00;04/02/2021;18:35:00;0.0;135;1019.0;0.0;0.0;2.2;0.96;0.0;;0.0;1.6;;;;;;;;;;;0.5;0.5;;;7.9;5.41;7.2;0.0;983.6;;;;;;;;;;
04/02/2021 18:37:16;04/02/2021;18:37:16;0.0;135;1019.0;0.0;0.0;2.1;0.96;0.0;;0.0;1.5;;;;;;;;;;;0.3;0.3;;;7.8;5.37;7.1;0.0;983.6;;;;;;;;;;
04/02/2021 18:39:22;04/02/2021;18:39:22;0.0;135;1019.0;0.0;0.0;2.1;0.96;0.0;;0.0;1.5;;;;;;;;;;;0.3;0.3;;;7.8;5.37;7.1;0.0;983.6;;;;;;;;;;
04/02/2021 18:41:35;04/02/2021;18:41:35;0.0;135;1019.0;0.0;0.0;2.1;0.96;0.0;;0.0;1.5;;;;;;;;;;;0.3;0.3;;;7.8;5.37;7.1;0.0;983.6;;;;;;;;;;
04/02/2021 18:43:45;04/02/2021;18:43:45;0.0;135;1019.0;0.0;0.0;2.0;0.96;0.0;;0.0;1.4;;;;;;;;;;;0.2;0.2;;;7.7;5.34;7.1;0.0;983.6;;;;;;;;;;
04/02/2021 18:46:00;04/02/2021;18:46:00;0.0;135;1019.0;0.0;0.0;2.0;0.96;0.0;;0.0;1.4;;;;;;;;;;;0.2;0.2;;;7.7;5.34;7.1;0.0;983.6;;;;;;;;;;
04/02/2021 18:48:15;04/02/2021;18:48:15;0.0;135;1019.0;0.0;0.0;1.9;0.96;0.0;;0.0;1.3;;;;;;;;;;;0.1;0.1;;;7.7;5.3;7.0;0.0;983.6;;;;;;;;;;
04/02/2021 18:50:23;04/02/2021;18:50:23;0.0;135;1019.0;0.0;0.0;1.9;0.96;0.0;;0.0;1.3;;;;;;;;;;;0.1;0.1;;;7.7;5.3;7.0;0.0;983.6;;;;;;;;;;
04/02/2021 18:52:35;04/02/2021;18:52:35;0.0;135;1019.0;0.0;0.0;2.0;0.96;0.0;;0.0;1.4;;;;;;;;;;;0.2;0.2;;;7.7;5.34;7.1;0.0;983.6;;;;;;;;;;
04/02/2021 18:54:44;04/02/2021;18:54:44;0.0;135;1019.0;0.0;0.0;2.0;0.96;0.0;;0.0;1.4;;;;;;;;;;;0.2;0.2;;;7.7;5.34;7.1;0.0;983.6;;;;;;;;;;
04/02/2021 18:56:54;04/02/2021;18:56:54;0.0;135;1019.0;0.0;0.0;2.1;0.96;0.0;;0.0;1.5;;;;;;;;;;;0.3;0.3;;;7.8;5.37;7.1;0.0;983.6;;;;;;;;;;
04/02/2021 18:59:00;04/02/2021;18:59:00;0.0;135;1019.0;0.0;0.0;2.1;0.96;0.0;;0.0;1.5;;;;;;;;;;;0.3;0.3;;;7.8;5.37;7.1;0.0;983.6;;;;;;;;;;
04/02/2021 19:03:42;04/02/2021;19:03:42;0.0;135;1019.0;0.0;0.0;2.1;0.96;0.0;;0.0;1.5;;;;;;;;;;;0.3;0.3;;;7.8;5.37;7.1;0.0;983.6;;;;;;;;;;
04/02/2021 19:06:58;04/02/2021;19:06:58;0.0;135;1019.0;0.0;0.0;2.2;0.96;0.0;;0.0;1.6;;;;;;;;;;;0.5;0.5;;;7.9;5.41;7.2;0.0;983.6;;;;;;;;;;
04/02/2021 19:09:10;04/02/2021;19:09:10;0.0;135;1019.0;0.0;0.0;2.2;0.96;0.0;;0.0;1.6;;;;;;;;;;;0.5;0.5;;;7.9;5.41;7.2;0.0;983.6;;;;;;;;;;
04/02/2021 19:11:18;04/02/2021;19:11:18;0.0;135;1019.0;0.0;0.0;2.2;0.96;0.0;;0.0;1.6;;;;;;;;;;;0.5;0.5;;;7.9;5.41;7.2;0.0;983.6;;;;;;;;;;
04/02/2021 19:13:33;04/02/2021;19:13:33;0.0;135;1019.0;0.0;0.0;2.2;0.96;0.0;;0.0;1.6;;;;;;;;;;;0.5;0.5;;;7.9;5.41;7.2;0.0;983.6;;;;;;;;;;
04/02/2021 19:15:44;04/02/2021;19:15:44;0.0;135;1019.0;0.0;0.0;2.1;0.96;0.0;;0.0;1.5;;;;;;;;;;;0.3;0.3;;;7.8;5.37;7.1;0.0;983.6;;;;;;;;;;
04/02/2021 19:17:52;04/02/2021;19:17:52;0.0;135;1019.0;0.0;0.0;2.1;0.96;0.0;;0.0;1.5;;;;;;;;;;;0.3;0.3;;;7.8;5.37;7.1;0.0;983.6;;;;;;;;;;
04/02/2021 19:20:04;04/02/2021;19:20:04;0.0;135;1019.0;0.0;0.0;2.2;0.96;0.0;;0.0;1.6;;;;;;;;;;;0.5;0.5;;;7.9;5.41;7.2;0.0;983.6;;;;;;;;;;
