timestamp_string;timestamp_string_date;timestamp_string_time;wind_speed_knots;wind_direction_deg;barometric_pressure_ssl_hPa;rain_today_mm;rain_rate_mmh;temperature_cels;rel_humidity;uv_index;heat_index_cels;wind_gust_knots;dew_point_cels;wind_chill_cels;ground_temperature_cels;solar_irradiance_wpsm;rel_leaf_wetness;soil_moisture_cb;rain_this_month_mm;rain_this_year_mm;evapotranspiration_today_mm;evapotranspiration_this_month_mm;evapotranspiration_this_year_mm
19/11/2020 14:55:04;19/11/2020;14:55:04;0.0;315.0;1019.0;0.0;0.0;6.7;0.79;0.0;;0.0;;6.7;;0.0;;;5.1;1296.9;0.0;;
19/11/2020 15:00:05;19/11/2020;15:00:05;0.0;315.0;1019.0;0.0;0.0;6.6;0.8;0.0;;0.0;;6.6;;0.0;;;5.1;1296.9;0.0;;
19/11/2020 15:05:04;19/11/2020;15:05:04;0.0;315.0;1019.0;0.0;0.0;6.5;0.81;0.0;;0.0;;6.5;;0.0;;;5.1;1296.9;0.0;;
19/11/2020 15:05:04;19/11/2020;15:05:04;0.0;315.0;1019.0;0.0;0.0;6.5;0.81;0.0;;0.0;;6.5;;0.0;;;5.1;1296.9;0.0;;
19/11/2020 15:15:04;19/11/2020;15:15:04;0.0;90.0;1019.0;0.0;0.0;6.0;0.82;0.0;;0.0;;6.0;;0.0;;;5.1;1296.9;0.0;;
19/11/2020 15:20:05;19/11/2020;15:20:05;0.0;90.0;1019.0;0.0;0.0;5.8;0.83;0.0;;0.0;;5.8;;0.0;;;5.1;1296.9;0.0;;
19/11/2020 15:25:04;19/11/2020;15:25:04;0.0;90.0;1019.0;0.0;0.0;5.7;0.84;0.0;;0.0;;5.7;;0.0;;;5.1;1296.9;0.0;;
19/11/2020 15:30:04;19/11/2020;15:30:04;0.0;135.0;1019.0;0.0;0.0;5.6;0.85;0.0;;0.0;;5.7;;0.0;;;5.1;1296.9;0.0;;
19/11/2020 15:35:04;19/11/2020;15:35:04;0.0;90.0;1019.0;0.0;0.0;5.7;0.85;0.0;;0.0;;5.7;;0.0;;;5.1;1296.9;0.0;;
19/11/2020 15:40:04;19/11/2020;15:40:04;0.0;112.0;1019.0;0.0;0.0;5.5;0.86;0.0;;0.0;;5.6;;0.0;;;5.1;1296.9;0.0;;
19/11/2020 15:50:04;19/11/2020;15:50:04;0.0;112.0;1019.0;0.0;0.0;5.3;0.87;0.0;;0.0;;5.3;;0.0;;;5.1;1296.9;0.0;;
19/11/2020 15:55:04;19/11/2020;15:55:04;0.0;112.0;1019.0;0.0;0.0;5.2;0.88;0.0;;0.0;;5.2;;0.0;;;5.1;1296.9;0.0;;
19/11/2020 16:00:04;19/11/2020;16:00:04;0.0;112.0;1019.0;0.0;0.0;5.0;0.88;0.0;;0.0;;5.0;;0.0;;;5.1;1296.9;0.0;;
19/11/2020 16:05:05;19/11/2020;16:05:05;0.0;112.0;1019.0;0.0;0.0;5.0;0.89;0.0;;0.0;;5.0;;0.0;;;5.1;1296.9;0.0;;
19/11/2020 16:05:05;19/11/2020;16:05:05;0.0;112.0;1019.0;0.0;0.0;5.0;0.89;0.0;;0.0;;5.0;;0.0;;;5.1;1296.9;0.0;;;;;;;;;;;;
